9.233579795207528251e-01 8.230312990703879672e-01
2.585350549975378165e-01 2.322943328614938130e-01
3.326592041669024225e-01 9.713442115415393818e-01
6.002087895125439720e-01 5.266829938261531341e-01
5.145023849861122267e-01 1.333409513813019753e-01
5.473744408756007207e-01 9.257607020132140319e-01
6.012913174094299817e-01 4.977157705062109638e-01
7.296433894051770341e-01 9.596828949184269542e-01
5.986861091541693103e-01 9.102522146171974082e-01
7.517439303717404764e-01 9.842436910777383474e-01
1.030761144741807467e-01 7.409115527935911105e-01
3.490711743352619134e-01 2.001681256982141832e-01
8.645970709803262322e-01 3.125850703202943670e-01
8.045974855596839115e-01 4.292556368976581105e-01
7.261460948714908437e-01 5.940654312787694291e-01
1.494684744722272196e-01 8.473302651297620613e-02
3.871061767067840442e-02 4.038900102697137173e-01
4.365264396386663304e-01 5.386336577060479858e-01
6.944124565145681771e-02 9.802087268523698160e-01
1.773625879328212251e-01 9.675517244388260885e-01
8.063317052171046218e-01 1.123235485576113968e-01
2.011354177649878894e-01 8.090132759012859109e-01
2.375440660961104511e-01 2.049859642587781305e-01
2.804782844218016713e-01 2.196671853007248210e-02
3.210446042385831644e-01 2.253338519038980969e-01
7.142644232332809873e-01 9.171829040196137761e-01
5.849413967725121122e-01 4.472917368150997053e-01
3.313373455796760902e-01 5.552887648158442158e-01
6.553993668262113603e-01 6.239876274738423989e-01
6.095507121436700704e-01 6.906033271665310558e-01
1.878565194863102139e-02 7.141054056857076837e-01
6.948708951062924077e-01 7.245833001240316040e-01
1.970804940847780129e-01 7.831300499415969618e-01
1.074481909249114242e-01 3.411150949403967125e-01
2.799382935463682331e-01 4.715910209621854143e-01
8.439639144364924350e-01 2.628739686528388519e-01
1.944529734588085201e-02 3.646063625304440947e-02
6.933538819948981136e-02 8.274761218452707512e-01
7.777099515065670765e-01 3.250870920006510012e-02
1.822774586466917590e-01 8.610272838209481749e-01
7.351545436772071174e-01 6.871752526315602072e-01
2.309760343118292258e-01 9.477615413330802152e-01
7.003206287860967993e-01 2.625293272816452417e-01
3.026862898406894598e-01 6.259994734176429487e-01
2.127288366355729599e-01 1.315997463262091882e-01
4.631613942081218571e-01 6.729972062047595571e-01
1.487410162768690869e-01 2.324138597241603987e-01
9.793056901449675999e-01 4.097726358246633893e-01
