82 78 45 11 73 71 40 35 14 68 87 31 53 55 91 80 67 12 24 81 49 84 59 48 4 79 50 2 85 36 70 39 27 18 33 34 54 64 6 28 90 10 3 47 51 9 69 32 25 17 0 95 26 42 66 29 92 57 94 46 83 74 62 44 38 56 93 1 30 76 8 86 5 20 52 75 60 16 37 21 19 77 13 7 72 43 65 41 15 61 89 63 23 58 88 22
54 1 89 15 43 90 0 91 62 46 49 79 6 67 95 34 21 57 32 58 65 56 9 2 42 3 40 44 86 25 59 68 69 7 74 81 71 60 84 52 61 53 35 28 72 63 45 66 16 73 12 24 14 23 94 11 47 85 64 36 92 37 77 31 70 51 29 48 5 82 76 20 4 41 38 22 10 87 33 30 19 26 39 18 83 50 93 13 27 17 80 75 88 55 78 8
24 62 7 11 17 6 26 0 30 34 49 55 3 66 56 13 70 19 29 12 41 35 15 22 73 71 85 92 16 93 65 53 42 84 64 2 51 39 23 9 5 33 18 57 89 68 60 52 36 81 80 44 83 79 94 20 14 67 76 8 31 48 74 28 43 78 91 38 90 69 10 75 86 77 87 61 1 88 37 47 59 82 95 4 25 58 45 21 27 63 32 72 46 40 50 54
80 79 5 87 94 4 18 0 71 19 72 66 36 76 35 59 81 31 14 53 9 41 85 6 24 55 32 13 27 28 58 67 54 89 12 30 50 52 34 75 95 83 70 90 46 78 57 3 15 73 8 74 68 33 39 10 42 29 2 69 37 47 62 17 65 49 43 93 48 63 23 16 64 21 51 45 44 38 22 61 40 88 25 84 11 7 86 92 77 1 82 26 56 60 91 20
39 17 7 67 65 35 50 95 4 76 46 33 34 87 29 27 86 60 30 28 81 49 5 44 51 31 71 42 52 3 38 26 69 0 19 25 56 2 9 6 74 54 64 16 83 59 11 22 36 70 10 72 93 48 84 40 53 61 89 37 15 92 18 62 68 73 75 14 85 12 90 63 82 20 1 8 55 91 45 88 41 78 43 79 58 57 23 24 13 77 32 66 21 94 47 80
86 51 71 57 45 52 49 61 43 65 1 70 77 8 62 33 48 25 68 60 47 2 12 84 21 23 59 18 75 88 22 3 39 73 35 53 78 67 38 50 72 54 83 46 94 69 93 30 34 64 42 37 56 44 10 32 7 5 0 6 36 20 4 74 87 28 81 19 80 16 91 41 15 95 76 89 27 90 14 85 17 79 31 66 29 40 24 11 58 63 9 26 82 55 92 13
21 65 30 27 8 11 75 15 60 76 25 92 93 72 56 22 32 54 85 62 42 77 33 45 46 23 50 36 28 41 87 94 29 34 61 67 88 0 51 66 6 17 13 38 69 9 83 16 14 68 2 58 40 26 81 55 3 70 48 1 89 57 47 79 91 37 10 64 24 71 86 74 43 90 84 95 59 80 53 39 5 73 78 19 82 49 35 7 12 18 31 4 63 44 20 52
34 86 53 75 11 14 36 44 83 48 35 28 13 76 79 26 19 59 66 52 25 17 43 51 85 6 71 5 22 78 77 18 93 4 2 70 62 60 81 95 61 91 73 58 37 57 67 64 7 27 47 20 89 74 92 45 40 24 65 0 31 29 90 72 39 42 49 23 68 30 55 87 15 3 10 12 1 8 69 88 56 33 46 32 41 84 50 63 80 38 82 16 21 94 9 54
19 92 14 83 47 78 82 45 75 21 54 36 49 62 41 90 28 86 65 46 77 4 13 31 53 27 69 30 0 10 87 51 11 76 67 23 35 85 6 34 16 7 74 29 52 42 50 2 59 43 3 44 9 37 81 88 20 26 84 12 39 66 71 58 89 72 91 70 57 60 68 22 73 93 32 17 56 8 94 64 95 63 79 48 40 18 24 38 25 5 1 15 80 33 55 61
56 47 14 84 4 49 25 67 36 33 37 81 18 79 93 60 73 43 38 0 9 42 21 77 29 83 74 70 13 66 28 45 35 62 23 12 17 54 69 46 19 52 76 85 57 78 61 26 94 92 95 1 86 90 63 39 7 59 30 58 89 40 16 91 44 2 88 11 22 5 24 80 34 53 82 15 32 31 64 87 48 41 8 72 55 68 10 20 50 27 51 71 75 3 6 65
51 43 23 0 21 10 86 5 66 67 55 17 12 73 36 1 57 81 20 59 22 92 60 34 18 78 85 38 64 39 75 94 16 13 80 91 76 65 83 3 82 74 93 62 45 61 28 79 35 42 44 52 37 9 72 6 19 87 24 77 70 41 89 88 11 69 29 25 50 63 32 48 46 68 7 26 33 56 71 15 53 40 58 31 54 30 2 4 47 49 27 8 90 95 84 14
11 89 18 30 7 56 76 66 42 67 37 84 68 64 12 60 57 49 16 92 81 48 45 74 94 36 9 5 27 85 31 93 72 78 41 17 32 75 87 23 46 3 4 26 61 24 6 2 21 91 15 1 59 19 54 43 33 90 73 47 44 53 65 0 55 77 13 82 95 28 8 34 58 35 70 20 62 88 22 40 39 14 50 69 10 51 79 86 29 80 25 71 83 52 38 63
9 3 67 17 11 69 62 79 5 33 53 57 23 29 72 70 4 85 10 95 46 28 6 12 56 78 59 19 42 55 73 13 66 60 76 75 37 15 74 80 30 8 87 49 40 35 68 77 45 41 48 34 43 47 93 31 1 65 44 58 16 71 52 18 51 25 84 2 39 94 32 24 22 27 14 64 91 21 7 50 90 86 89 26 20 38 81 0 82 61 63 92 54 83 36 88
40 53 59 32 80 33 46 45 43 89 42 38 24 95 0 16 48 57 91 4 7 15 51 22 2 28 6 1 55 87 70 36 35 86 50 54 14 30 58 41 84 64 31 8 20 3 21 17 93 75 94 26 73 62 44 88 85 39 90 60 81 47 68 77 82 61 56 25 83 23 29 52 37 69 66 10 34 76 74 78 11 18 49 71 92 65 79 13 5 9 27 72 19 67 12 63
78 2 23 83 17 75 4 43 81 91 18 20 14 31 15 5 55 8 64 44 67 30 48 27 46 22 50 71 3 58 29 35 90 9 33 26 6 24 52 7 28 40 88 54 73 39 53 59 72 63 36 60 56 74 87 77 45 61 32 37 86 85 38 25 68 13 89 94 47 41 1 62 19 92 16 21 49 10 66 0 82 93 69 79 51 12 70 84 80 11 57 42 34 76 65 95
72 1 3 19 27 53 36 48 22 95 85 52 14 32 61 78 2 26 66 45 56 28 4 51 11 79 44 62 39 25 35 86 23 90 84 83 94 18 80 69 89 77 9 5 92 16 6 10 17 24 87 58 0 13 42 68 67 76 91 46 71 37 38 60 30 12 81 29 50 75 88 15 57 43 73 74 41 65 59 33 63 82 7 47 8 64 20 93 34 54 40 31 55 21 49 70
50 53 22 72 43 9 24 18 62 59 90 61 36 31 84 57 80 33 19 45 88 27 63 21 48 66 75 23 11 54 47 69 32 91 28 86 39 78 26 70 87 77 56 30 76 51 0 7 89 1 60 8 74 37 10 65 83 20 58 35 82 34 41 25 13 67 2 49 44 95 38 4 5 71 42 81 55 14 64 94 52 12 16 3 93 29 92 46 17 73 79 15 85 40 6 68
26 87 68 39 73 57 89 52 50 93 82 61 79 74 35 8 78 0 21 94 44 7 88 33 46 24 77 76 55 4 23 83 43 28 54 67 15 69 36 62 45 18 49 16 41 92 56 14 72 47 63 3 29 30 48 81 27 71 1 20 58 51 22 13 32 40 91 53 86 64 19 95 31 34 85 9 65 60 6 90 38 80 12 11 75 59 70 10 17 42 66 2 37 84 5 25
75 25 68 79 33 88 85 35 57 93 24 16 32 94 72 63 23 10 53 37 59 71 29 56 74 31 58 52 46 91 49 80 41 36 44 54 81 47 55 7 83 84 13 77 1 67 73 62 6 70 87 86 45 11 2 12 78 19 39 95 92 64 60 89 82 3 90 66 27 51 61 65 18 30 42 26 4 48 8 40 34 9 14 22 28 76 69 5 15 38 50 43 20 21 0 17
31 22 27 13 35 67 72 69 63 18 93 10 23 61 76 52 25 37 1 59 51 83 20 74 86 39 77 49 46 38 94 3 64 29 68 75 54 44 26 73 0 53 16 24 87 4 14 89 11 17 7 33 82 62 8 85 43 9 92 78 55 32 48 65 30 57 34 58 36 50 42 56 12 47 19 95 6 2 90 71 70 60 66 40 84 21 80 45 81 41 91 88 5 79 15 28
55 84 44 0 25 47 93 32 31 68 75 19 3 90 88 91 8 15 82 35 85 21 77 72 51 89 22 60 40 67 29 17 30 74 41 76 70 4 14 26 33 43 50 92 78 54 18 9 24 63 45 7 28 69 1 13 95 53 73 86 6 36 2 37 52 83 65 80 49 61 16 5 71 34 64 11 42 62 59 87 38 66 20 23 79 12 10 48 56 27 94 57 46 81 39 58
27 86 57 75 51 24 43 10 48 4 68 65 83 18 55 0 23 14 41 56 1 64 94 2 11 50 49 59 40 76 54 89 74 42 60 34 6 25 90 91 39 88 72 20 35 38 9 26 81 22 33 47 95 84 67 5 15 61 29 63 77 71 12 78 62 53 45 3 92 19 73 69 79 32 44 7 70 85 21 80 93 17 82 31 87 37 28 66 52 46 8 16 36 13 30 58
54 62 80 60 50 95 5 93 72 43 6 38 55 59 27 90 14 52 3 12 37 70 57 40 78 92 26 19 32 58 15 16 13 77 49 56 44 81 21 1 47 67 33 53 83 88 10 24 89 20 35 84 46 23 87 25 65 29 69 39 7 30 42 18 36 86 4 51 9 34 28 71 61 0 66 91 11 48 76 8 85 75 82 68 41 45 31 63 64 73 74 79 22 94 2 17
41 69 13 86 64 83 79 72 88 91 54 85 18 11 26 15 90 0 47 82 7 81 42 77 59 37 28 16 48 74 73 3 36 30 23 78 51 95 40 87 76 6 43 55 65 66 9 89 45 1 35 2 60 63 75 61 67 39 57 49 25 62 58 44 17 19 34 27 92 50 5 12 68 22 4 52 33 31 93 70 84 20 56 32 8 10 46 71 24 21 80 29 94 53 14 38
72 6 95 71 84 31 58 55 0 5 48 76 91 54 66 56 87 62 80 61 82 68 51 18 74 26 93 14 10 49 60 59 53 52 22 78 28 29 45 90 16 24 69 81 83 27 70 12 37 63 57 25 13 36 30 33 34 3 42 47 73 35 75 9 86 44 17 20 21 8 40 7 46 94 43 1 39 77 79 23 92 85 41 38 50 2 4 32 15 19 67 88 64 65 89 11
70 40 81 46 30 41 47 64 56 82 36 18 8 44 84 27 39 32 13 42 77 76 71 79 53 38 20 80 25 6 34 1 3 94 37 66 28 73 85 92 78 61 23 14 22 4 86 35 50 43 10 2 54 91 26 93 49 7 59 17 75 88 65 16 83 69 31 9 29 72 57 52 60 68 11 15 74 33 51 58 12 90 55 95 19 21 87 89 24 48 62 5 45 0 67 63
65 49 12 37 35 13 2 15 14 9 72 82 55 62 21 76 68 8 32 54 47 84 87 56 40 90 45 85 43 7 3 28 88 44 86 52 38 50 83 74 17 71 57 10 91 78 94 39 46 75 81 51 24 93 6 18 1 66 48 31 34 26 36 20 79 41 59 33 53 29 19 27 70 80 77 30 73 63 4 42 60 89 11 69 22 58 95 25 64 16 23 92 5 61 0 67
61 16 69 55 33 21 57 48 84 58 31 50 44 49 88 79 95 45 1 82 30 62 12 52 93 3 47 65 81 94 23 46 90 56 28 51 78 20 85 26 42 2 17 15 32 86 39 64 11 10 53 40 70 67 9 14 54 72 19 68 74 37 63 59 71 60 13 25 36 83 7 22 87 75 92 41 29 77 4 89 35 34 5 8 18 91 38 80 43 66 6 73 24 76 27 0
52 94 39 30 74 53 58 75 47 27 63 18 19 49 11 72 4 14 1 20 46 81 24 28 62 89 38 45 56 34 12 60 21 54 44 76 32 73 69 3 64 84 95 79 13 35 31 66 26 15 5 7 80 50 67 61 71 25 23 68 42 29 51 37 77 0 87 6 88 16 40 78 48 22 36 10 65 9 33 82 8 70 2 86 59 83 43 93 91 92 17 90 85 57 55 41
34 86 17 31 36 2 44 28 26 64 68 94 6 88 23 49 91 45 93 4 32 80 43 87 5 55 84 15 79 48 35 22 82 19 57 50 38 0 39 3 76 69 56 29 58 83 13 51 73 37 66 90 27 70 72 24 74 20 54 62 42 16 9 10 59 7 92 25 8 18 78 11 47 60 81 12 95 41 14 85 65 21 33 1 75 89 61 52 30 71 53 77 40 46 67 63
25 71 58 44 5 60 34 24 6 14 50 48 2 37 70 26 59 56 23 36 74 13 63 61 40 81 27 72 95 92 67 12 17 19 54 68 87 82 93 77 41 35 75 16 49 3 78 83 66 7 31 62 51 4 52 69 39 18 8 65 64 30 9 21 0 11 94 53 47 43 32 29 1 42 84 86 91 46 79 33 90 76 15 28 89 88 55 80 85 45 38 73 22 20 10 57
68 73 94 48 82 89 56 9 65 41 51 80 22 30 13 18 88 66 70 59 49 33 63 90 3 21 81 75 31 0 7 78 58 84 32 24 45 71 19 11 86 46 62 74 34 16 61 8 23 38 43 55 35 28 27 44 20 52 83 15 72 57 54 39 87 67 25 69 29 92 14 85 50 40 91 4 36 5 53 93 2 37 77 76 10 26 1 64 17 12 42 60 6 95 47 79
30 88 16 10 13 43 57 50 58 15 65 52 38 2 42 47 6 74 89 56 54 11 39 37 32 46 25 68 7 75 29 44 85 60 86 0 18 3 45 81 63 27 61 79 90 33 23 73 80 35 71 41 66 48 24 55 78 22 62 21 1 91 69 84 26 59 20 17 28 67 14 31 34 94 4 93 64 49 87 8 95 83 12 76 82 36 92 5 9 70 77 72 53 40 19 51
49 95 30 45 85 24 55 33 43 16 67 81 57 78 93 50 64 22 18 92 74 71 34 42 21 8 86 65 35 70 11 28 0 17 13 62 79 88 59 68 26 1 54 47 91 72 94 83 2 53 40 77 9 27 56 44 84 37 5 73 31 7 48 25 14 58 52 19 46 63 66 75 51 82 32 41 61 12 89 60 36 6 76 38 23 39 15 69 3 80 10 90 20 4 87 29
59 8 42 3 46 5 29 4 64 60 63 95 79 30 39 86 77 22 43 73 48 35 89 54 67 13 78 14 81 41 31 26 6 69 56 91 20 36 87 72 34 11 21 23 71 74 15 28 2 37 83 90 70 0 76 68 47 75 51 61 50 58 25 19 80 66 85 7 17 12 55 1 38 40 92 94 62 93 33 9 16 27 44 52 45 53 84 10 82 49 32 57 24 18 65 88
80 60 78 0 89 10 61 47 42 49 40 44 5 76 59 85 58 79 41 17 90 23 51 65 26 83 2 11 86 95 64 38 48 75 53 73 67 21 25 84 19 14 69 3 52 32 33 15 8 37 55 91 1 27 94 72 28 70 20 4 13 88 57 12 36 71 81 92 6 34 39 63 66 18 50 9 46 31 43 30 24 54 87 45 7 29 16 62 77 68 22 56 74 35 93 82
94 6 46 16 80 57 68 90 60 19 26 74 82 21 12 1 7 53 77 14 38 15 29 25 8 10 44 92 17 30 24 50 81 2 65 79 78 66 71 83 13 35 54 39 63 62 70 5 31 69 42 59 33 56 91 84 93 36 76 41 73 32 64 28 37 89 22 58 27 87 45 67 88 43 11 9 51 85 40 95 34 47 3 20 4 52 0 18 72 55 75 49 48 61 86 23
75 30 83 91 56 82 21 8 23 93 33 5 45 28 17 59 44 78 88 11 71 54 48 70 61 9 76 37 20 90 1 89 69 77 32 6 80 2 64 92 42 79 65 4 36 43 22 62 47 34 18 81 7 25 87 41 95 15 74 24 68 10 16 53 0 46 26 72 84 94 63 58 51 19 12 35 66 86 60 14 38 85 29 73 39 3 49 40 67 52 27 31 50 55 57 13
80 5 85 14 7 90 87 73 70 30 13 44 24 28 66 51 21 1 55 72 57 91 11 37 26 94 46 45 92 62 56 10 82 17 22 43 12 69 33 63 53 39 77 84 27 3 40 4 9 47 68 41 54 48 23 8 88 64 61 38 67 18 36 79 49 15 75 89 32 35 83 81 78 52 71 31 6 2 59 29 65 20 95 50 42 74 19 76 86 58 93 34 16 25 60 0
53 43 59 44 30 42 9 90 69 82 94 80 54 92 84 3 17 56 87 25 76 20 58 72 50 83 63 15 68 65 12 13 60 29 8 41 74 89 27 95 21 14 61 55 23 47 70 67 24 93 71 0 52 78 26 11 2 46 81 36 48 31 86 22 75 38 64 5 32 85 18 73 57 35 10 79 37 49 88 91 51 77 7 40 19 16 45 28 1 62 34 39 4 66 33 6
10 71 38 19 31 40 52 1 92 93 89 35 44 16 32 6 84 61 4 70 25 37 45 13 7 33 86 9 87 73 24 55 95 47 82 68 28 12 63 2 46 34 90 83 17 41 50 74 15 5 43 94 78 26 8 53 72 11 54 36 56 58 79 0 30 88 60 21 65 3 66 69 39 20 85 76 77 91 14 75 51 64 42 23 27 67 81 49 22 48 59 57 29 62 80 18
76 82 21 48 18 74 51 95 63 47 46 50 60 55 30 3 42 85 35 52 77 92 66 13 65 69 79 17 31 53 29 23 16 22 37 12 59 36 20 7 9 25 90 89 26 41 28 33 94 84 83 54 32 43 1 39 10 56 81 91 71 49 38 68 0 19 40 34 64 27 87 57 67 61 2 70 86 8 6 80 15 5 73 78 93 44 24 62 14 88 11 4 75 72 45 58
16 71 7 50 66 45 93 58 29 67 64 89 24 44 76 30 11 82 57 85 72 33 14 80 53 48 78 10 4 38 20 69 39 86 41 22 74 92 90 61 95 28 75 34 1 49 87 43 46 84 3 9 19 31 21 88 26 32 62 6 15 12 0 94 77 47 36 27 25 2 42 60 13 35 37 59 68 51 52 91 5 55 79 40 18 73 83 17 8 56 65 54 63 81 70 23
11 77 1 71 15 28 29 95 53 14 3 30 82 80 6 49 74 67 33 90 87 68 9 39 48 10 4 79 13 47 52 24 85 20 42 37 36 5 94 93 0 64 27 73 2 26 17 81 62 7 25 12 65 86 19 92 89 34 50 56 83 54 32 61 35 88 21 70 91 55 44 84 76 22 16 43 38 18 63 8 59 58 66 72 60 69 31 75 46 23 45 41 40 51 78 57
34 78 92 53 50 30 15 54 58 44 8 24 65 88 73 49 0 10 62 70 25 48 64 55 27 9 59 51 20 46 5 23 40 43 77 12 71 26 69 41 4 39 79 68 31 38 84 3 90 57 11 45 89 28 52 81 60 56 33 85 35 37 83 75 17 29 95 91 63 61 32 87 1 93 66 76 80 86 72 16 42 21 67 94 74 82 6 7 19 36 18 22 47 13 2 14
94 95 81 87 83 23 39 49 55 5 93 57 36 76 91 70 38 52 21 63 88 35 90 1 51 47 3 62 48 10 78 89 56 64 9 74 69 54 33 2 58 86 42 43 40 26 4 25 41 60 6 12 11 27 8 17 59 16 66 80 19 30 34 28 24 84 50 73 13 75 18 31 0 61 46 20 68 65 29 32 82 14 44 22 7 71 53 15 37 67 85 45 92 79 77 72
55 74 82 73 34 10 1 51 56 71 70 31 47 3 23 84 65 36 57 20 48 87 26 79 21 25 63 9 91 5 54 16 2 44 59 68 83 90 93 76 62 64 69 12 41 17 8 95 94 61 88 32 39 4 60 67 89 28 43 86 50 66 75 35 14 27 7 29 81 19 45 6 52 42 38 85 46 53 49 15 18 24 30 22 11 37 80 33 77 92 72 13 0 58 40 78
66 3 47 7 40 67 1 70 35 48 18 24 2 68 34 61 87 9 83 11 15 33 13 91 32 0 46 69 26 58 22 86 50 65 85 12 60 75 82 10 81 5 84 8 51 20 71 23 36 16 93 90 4 44 27 62 59 49 94 39 17 56 55 95 42 63 88 64 73 43 52 57 41 6 76 14 92 54 77 30 79 53 37 74 31 28 72 89 78 45 38 19 21 80 25 29
93 20 10 21 59 67 78 13 51 74 86 80 8 58 29 56 95 17 87 3 19 46 7 12 6 57 4 38 43 69 71 64 32 73 82 55 39 52 89 94 85 61 5 23 48 36 50 47 62 66 68 60 28 54 22 2 65 26 49 44 27 91 0 11 30 63 14 40 42 77 84 53 90 88 34 24 72 70 76 37 92 83 75 33 15 25 9 1 35 45 18 31 16 41 81 79
51 1 61 9 3 23 58 18 4 39 6 90 78 31 80 15 63 26 14 93 87 20 25 65 5 41 17 59 12 7 45 35 76 32 22 28 86 55 0 73 47 38 66 10 21 57 40 95 85 44 84 71 54 62 50 46 74 89 67 49 11 68 72 94 24 42 77 75 91 70 88 92 53 64 36 37 52 16 60 48 8 81 34 79 56 29 27 30 33 82 2 83 19 43 69 13
20 31 63 61 82 81 50 15 35 45 75 62 42 74 2 90 25 92 48 65 54 7 56 59 1 60 57 3 37 29 0 93 89 41 16 34 26 70 13 11 10 30 39 14 77 85 9 38 5 72 6 46 94 8 88 58 84 64 40 69 76 67 22 55 12 79 66 4 91 19 71 32 87 78 36 80 43 86 49 23 47 24 52 18 83 27 17 21 28 33 95 44 51 73 68 53
81 63 32 13 44 36 70 66 6 89 80 37 15 64 84 12 26 11 58 78 53 39 47 86 29 14 46 57 85 19 51 27 7 35 40 4 56 92 69 82 59 83 22 50 62 93 65 94 55 45 8 24 95 71 28 60 67 48 75 54 79 20 10 90 23 72 42 34 3 17 41 30 25 43 31 1 21 87 18 33 52 74 68 49 77 2 5 76 88 38 16 0 91 61 73 9
84 51 77 1 33 63 0 48 75 37 8 93 61 38 16 68 21 14 73 74 69 28 20 10 80 36 6 7 12 72 3 43 27 13 94 44 65 76 9 87 85 26 57 66 34 4 39 23 5 25 71 46 50 81 70 47 17 29 32 82 56 83 91 11 35 52 54 88 92 86 31 89 49 42 59 60 95 45 64 53 41 2 19 55 90 24 58 67 79 40 30 22 78 62 15 18
22 71 46 66 33 0 42 31 84 81 80 17 6 39 41 76 62 47 52 75 38 63 82 25 91 21 14 34 23 4 64 53 78 20 90 58 24 54 92 44 73 7 10 69 15 45 65 61 32 29 50 8 57 43 37 85 3 87 72 74 94 68 11 95 56 13 9 70 26 93 12 49 28 67 16 36 59 51 79 18 60 30 86 40 27 77 88 35 48 83 19 5 2 1 89 55
32 78 8 37 65 83 51 58 14 89 47 52 75 26 17 27 61 55 50 40 67 54 19 0 9 5 60 73 72 86 70 49 23 56 64 30 12 1 53 15 35 62 57 2 93 59 44 88 31 21 7 22 29 48 66 71 46 33 3 10 91 18 38 82 85 6 63 76 90 92 94 79 87 42 45 11 25 95 13 77 41 81 69 39 74 20 24 43 68 4 28 34 16 84 80 36
81 85 72 23 21 29 34 33 93 20 26 82 53 35 84 8 38 39 1 64 2 70 95 88 28 48 83 79 66 15 27 47 78 52 14 76 10 80 94 24 87 12 62 63 11 69 65 0 49 25 75 42 37 86 7 19 36 31 89 5 67 6 46 73 55 91 61 54 92 68 44 4 45 17 18 32 50 22 9 60 43 51 40 90 30 74 71 57 13 3 41 58 56 77 59 16
63 73 59 2 64 31 8 70 69 33 82 41 87 57 5 88 49 25 35 17 27 36 54 94 58 39 29 93 75 79 46 40 23 10 11 95 22 62 34 45 81 1 37 86 74 6 60 0 85 7 51 83 52 72 67 42 15 55 80 18 78 76 12 3 84 24 44 89 13 9 91 90 4 30 68 48 65 19 71 14 53 16 20 61 47 21 50 38 43 32 26 56 28 92 77 66
86 49 11 78 79 52 44 71 30 76 43 2 18 35 13 55 47 21 34 42 92 1 65 69 77 26 38 73 82 89 41 14 15 17 58 32 31 75 64 22 51 7 95 12 91 25 74 90 37 50 27 10 5 62 9 59 39 36 56 63 19 57 23 16 53 88 83 0 54 80 33 6 72 4 66 61 40 3 24 87 70 60 67 48 81 8 28 46 45 93 94 85 29 68 84 20
9 73 76 39 3 50 57 95 86 92 23 67 6 13 74 31 28 8 10 77 51 58 5 48 7 37 90 14 35 94 81 61 26 69 70 79 2 80 33 40 78 56 75 66 53 30 93 46 84 12 19 41 44 71 59 34 45 49 24 64 42 20 18 25 47 60 85 82 55 29 68 21 11 65 0 83 91 88 15 36 1 38 54 17 43 32 87 16 72 62 22 27 4 63 52 89
29 57 54 71 43 2 65 3 7 37 33 52 12 20 23 55 36 5 32 44 4 86 34 19 14 6 91 22 53 63 48 39 11 74 85 17 60 21 80 59 26 62 13 92 95 35 28 42 88 1 79 93 40 82 75 68 72 89 0 41 81 51 38 31 30 27 9 70 49 25 45 50 58 10 56 61 8 84 87 73 94 18 64 76 16 78 66 69 90 15 77 83 24 67 46 47
2 30 81 11 7 38 5 36 62 64 4 40 95 51 79 18 71 15 80 55 13 24 65 58 67 94 21 66 53 86 14 23 49 33 90 34 8 27 70 31 25 1 48 91 63 61 72 17 10 68 43 75 26 9 87 88 74 50 82 56 77 54 92 42 84 3 60 47 20 78 12 28 16 35 73 6 46 29 93 85 32 69 41 57 59 44 83 37 22 89 19 76 39 0 52 45
72 26 89 48 79 4 80 8 43 35 87 41 63 91 22 82 39 62 77 31 93 23 57 50 60 83 24 2 58 40 73 86 85 7 21 36 30 25 28 75 18 81 88 95 37 32 5 65 11 17 67 70 15 66 45 71 34 74 53 6 56 16 3 20 44 94 29 27 59 90 61 38 49 19 51 92 52 55 9 46 14 68 10 12 76 69 1 78 33 54 0 84 42 64 13 47
90 13 50 31 88 65 12 74 69 95 86 34 36 72 11 5 60 51 73 38 21 6 46 57 53 82 43 26 0 92 76 30 19 39 1 24 28 7 52 9 42 62 35 59 10 79 85 63 15 17 41 25 20 2 66 37 48 8 68 78 56 93 81 54 4 44 27 47 23 80 71 87 49 70 58 91 14 77 89 64 40 83 45 22 75 18 61 67 16 33 55 3 84 94 29 32
79 54 86 58 28 30 87 33 70 89 39 9 19 77 17 51 43 2 85 7 64 91 26 24 53 55 4 6 14 12 93 10 82 67 32 61 49 23 27 1 25 8 80 45 75 37 83 62 20 47 22 5 66 71 42 94 41 40 21 56 90 84 31 36 63 73 57 69 52 48 78 34 11 3 65 46 0 44 15 35 50 16 29 72 88 74 13 81 59 92 76 60 18 95 68 38
79 82 21 10 65 72 50 91 71 87 33 52 34 64 83 66 81 24 29 2 0 44 53 8 4 47 61 15 48 35 85 73 49 30 69 78 90 5 46 86 93 76 84 70 7 31 37 60 95 59 9 18 67 42 41 13 36 28 14 56 88 77 25 22 26 80 27 3 94 32 45 68 19 16 92 1 63 23 17 57 38 6 55 74 43 12 75 51 39 58 62 11 54 89 40 20
12 15 7 11 50 44 67 14 29 36 42 94 79 77 39 59 1 51 68 62 76 19 90 82 18 60 43 61 5 95 69 53 55 49 88 74 21 0 48 56 38 33 9 10 47 78 8 32 35 89 30 37 83 13 27 52 46 70 28 64 16 26 65 86 6 17 20 85 58 75 80 41 25 31 57 3 87 54 4 91 40 71 66 45 2 23 73 22 84 34 93 63 81 92 24 72
39 7 46 51 3 94 44 81 60 52 82 88 78 36 28 89 66 87 29 50 15 16 58 19 45 53 11 21 6 56 13 74 0 22 65 4 73 5 91 59 32 79 30 95 70 18 8 68 14 12 33 55 84 20 62 24 76 54 75 83 92 42 64 67 10 61 47 37 69 40 72 35 63 23 90 77 80 85 57 41 38 93 1 49 26 86 71 25 31 9 34 17 48 43 2 27
37 38 75 74 53 57 47 28 95 23 16 64 18 14 66 24 11 80 8 39 51 36 89 7 87 15 43 56 59 83 2 1 40 77 91 69 41 58 25 20 54 49 33 63 13 3 72 19 26 22 92 85 48 81 32 46 68 35 6 88 30 62 34 17 73 31 21 61 79 52 67 44 55 10 4 5 82 12 70 94 78 50 9 42 60 45 71 65 27 76 29 84 93 86 90 0
21 7 28 6 95 32 15 18 63 86 88 37 29 79 25 78 75 12 1 61 8 82 58 87 54 33 34 2 57 3 10 17 73 0 74 91 49 70 89 22 47 66 56 24 62 35 77 42 69 53 38 31 20 45 41 4 50 5 51 14 80 48 65 55 23 60 39 36 40 90 43 81 27 11 67 9 13 19 94 76 71 93 46 68 52 26 84 85 83 30 64 44 92 59 72 16
53 50 93 45 86 74 66 18 30 28 1 61 76 35 59 47 40 25 88 9 3 73 95 71 75 5 65 89 55 60 48 77 92 22 68 2 42 31 4 90 7 15 70 67 29 79 34 44 24 27 14 23 72 85 52 82 64 83 49 94 36 78 91 57 20 38 33 13 17 26 54 43 10 62 19 87 56 8 32 41 0 58 51 39 81 80 11 21 84 69 12 16 37 6 63 46
87 7 42 51 88 28 32 71 11 72 14 10 5 76 79 27 50 22 74 55 36 18 4 83 2 85 38 0 23 29 61 84 80 35 73 6 37 34 69 13 26 91 49 95 65 94 47 12 39 81 44 3 24 16 33 52 43 1 56 77 31 64 93 54 68 40 66 57 63 21 41 53 70 30 60 19 86 89 15 45 78 82 48 20 75 58 62 90 59 9 46 8 67 17 92 25
61 33 13 19 50 78 12 65 52 41 89 60 88 27 4 16 67 45 8 71 93 64 53 62 75 79 38 46 48 85 36 91 84 32 1 72 43 63 66 90 82 57 83 51 11 47 22 76 44 42 56 95 30 20 58 94 9 2 55 21 23 54 28 39 74 10 73 7 5 14 80 6 40 69 26 34 86 17 29 92 18 77 24 59 70 81 37 68 15 0 31 49 3 25 35 87
37 92 44 4 6 46 41 82 54 84 27 60 68 52 5 25 51 13 45 53 33 48 20 43 0 70 26 93 38 29 36 34 9 12 67 77 63 62 28 58 74 50 24 65 22 59 7 49 23 71 80 15 8 89 95 2 69 56 14 61 78 85 10 94 57 73 86 87 42 18 40 91 39 19 32 16 31 88 83 47 90 35 11 3 66 21 64 76 72 79 81 1 17 55 75 30
20 19 40 48 27 30 54 85 25 14 89 39 51 24 93 55 7 26 37 74 50 13 61 28 10 56 71 77 82 38 58 95 92 31 84 52 42 87 22 41 64 75 8 32 1 2 4 17 80 60 46 66 36 73 78 68 65 35 9 5 15 33 49 44 29 76 0 16 86 23 6 70 90 69 94 63 18 81 11 34 57 79 91 88 62 43 47 83 45 59 67 12 21 3 72 53
8 33 80 92 36 69 66 52 61 56 35 77 13 84 29 23 95 74 58 89 43 11 37 85 57 9 71 82 6 46 20 31 65 7 24 15 14 50 18 79 2 91 49 94 63 25 1 16 30 34 0 54 88 32 68 38 51 42 86 21 4 3 67 90 41 59 22 75 27 28 48 5 12 73 39 93 45 76 64 47 17 53 26 40 44 10 62 83 81 55 70 78 60 72 19 87
7 10 65 80 75 55 53 56 15 31 90 40 86 27 74 32 71 43 30 82 14 8 84 95 78 16 26 17 93 66 70 61 39 42 87 0 33 49 9 28 2 54 38 22 11 50 47 94 20 67 62 24 68 5 48 69 79 12 35 58 1 59 89 4 21 72 6 29 34 19 81 60 73 88 41 52 76 44 64 45 63 77 85 57 46 23 51 13 91 36 92 37 83 25 18 3
15 0 71 38 27 69 52 78 20 84 72 12 22 61 58 40 87 76 49 89 68 33 91 53 79 51 66 21 48 62 29 54 7 86 50 77 26 75 94 43 83 67 9 8 28 88 5 32 2 46 47 17 80 73 45 55 42 56 59 14 16 37 92 10 19 63 13 41 3 95 90 34 93 57 70 60 30 82 25 24 18 4 65 11 6 36 64 39 81 1 44 35 74 85 23 31
23 95 86 56 44 32 94 80 87 88 75 65 34 2 6 93 45 33 8 42 85 50 37 25 31 57 71 29 91 18 53 54 16 38 39 66 4 13 19 46 0 69 36 27 74 12 73 26 48 81 51 21 55 76 82 22 15 24 1 40 61 47 83 67 10 72 17 49 5 64 58 14 62 28 52 3 90 59 84 11 63 60 30 41 68 79 92 20 9 70 89 43 35 77 7 78
10 28 67 74 55 24 53 57 29 60 93 83 1 7 80 51 66 52 71 36 89 13 31 39 69 92 72 19 12 85 65 40 79 21 46 43 20 82 94 14 15 26 62 54 4 32 75 64 34 77 95 44 49 2 9 0 38 17 48 16 63 8 78 6 88 59 30 86 42 91 81 37 3 73 5 45 68 56 76 18 27 41 84 70 58 50 47 11 33 25 87 90 22 35 61 23
30 40 82 25 22 92 60 56 7 59 10 33 62 88 67 70 52 5 0 24 84 93 51 38 19 73 37 86 81 6 78 14 39 41 9 74 47 57 20 31 21 46 87 90 35 50 15 91 32 94 27 95 69 3 58 44 65 45 17 72 23 43 1 53 89 13 76 83 79 54 61 68 48 66 8 55 26 64 34 80 16 29 77 12 63 75 2 28 36 71 42 85 49 18 4 11
9 27 42 73 74 44 15 92 52 83 28 77 82 39 1 50 64 95 0 58 59 25 86 47 26 85 67 78 2 76 94 6 17 93 40 43 7 19 61 91 56 66 46 60 5 88 79 69 70 16 68 34 51 33 8 71 3 18 55 63 24 41 36 30 14 37 62 53 84 48 23 81 54 72 75 57 87 89 22 49 29 80 45 21 4 12 20 10 35 65 11 32 31 13 90 38
8 49 60 95 85 9 19 93 11 55 75 35 20 32 52 21 64 0 2 16 70 28 79 76 72 40 23 3 74 33 30 78 80 67 43 41 87 42 12 4 36 71 46 48 77 86 65 92 51 45 66 54 63 69 18 84 73 91 25 88 1 83 15 37 94 31 50 58 10 26 59 44 14 22 6 27 89 34 68 82 7 13 62 61 56 57 90 5 29 24 81 53 38 47 17 39
27 7 1 31 74 89 59 65 4 5 11 69 52 38 55 85 47 12 66 21 26 50 40 86 37 15 17 19 54 30 8 57 20 77 14 72 87 43 42 64 28 53 29 83 51 84 78 80 44 90 45 0 91 48 73 16 24 35 13 2 36 23 6 82 25 76 18 3 61 9 93 75 22 71 95 41 79 32 33 70 62 81 58 63 10 49 34 39 92 88 60 46 68 94 67 56
65 88 27 61 91 49 23 58 40 75 15 16 14 2 41 47 18 89 34 64 77 67 95 39 29 1 38 85 35 32 9 52 54 66 90 3 17 21 46 76 4 6 48 5 50 43 51 8 59 57 92 10 83 87 22 0 45 86 60 63 79 20 37 7 70 81 24 30 78 13 69 26 73 44 12 62 82 42 19 56 55 11 36 25 74 28 33 94 68 71 84 53 80 72 31 93
6 32 30 80 15 27 8 37 12 93 38 54 86 40 58 65 68 56 64 35 25 95 87 77 36 23 74 61 39 14 19 2 51 81 13 45 57 42 47 90 43 60 29 22 7 63 67 72 71 10 31 16 5 48 26 94 17 3 55 24 28 84 70 91 89 0 88 9 62 73 49 46 78 34 4 21 69 92 85 52 79 59 76 33 41 82 66 11 44 1 20 75 50 18 83 53
40 11 76 23 32 81 34 88 24 33 44 1 68 45 95 17 89 26 62 80 7 51 48 2 8 6 12 60 14 4 35 31 56 73 71 84 39 58 28 77 53 83 65 52 13 29 86 91 5 75 18 21 43 0 85 92 78 54 3 93 94 82 30 36 70 67 10 20 19 61 42 41 64 74 79 22 63 50 57 9 46 27 59 15 49 47 38 16 90 66 37 55 87 25 69 72
37 25 88 82 69 0 73 36 65 6 15 48 83 56 74 34 66 89 29 35 24 64 75 61 87 3 21 90 59 49 58 2 76 55 19 54 81 1 23 32 22 26 33 38 95 93 70 12 85 62 44 16 94 71 78 41 18 28 91 5 11 39 79 50 30 47 60 46 43 53 9 51 63 7 86 14 84 31 72 8 27 80 77 57 13 67 17 45 68 92 40 4 10 52 42 20
62 55 49 70 56 64 47 94 15 81 53 74 8 37 35 69 58 10 50 12 0 42 39 4 33 32 38 66 26 52 19 21 6 14 28 1 54 31 90 23 65 80 43 57 16 87 36 40 84 63 13 46 45 76 72 51 17 2 75 41 68 3 11 7 22 60 67 18 9 82 29 89 44 24 78 71 91 25 85 86 20 5 59 95 88 83 79 34 92 30 27 77 61 73 48 93
73 88 83 51 8 10 54 34 22 0 43 63 18 57 7 64 37 62 60 39 65 27 1 4 49 92 59 70 9 93 36 30 86 95 75 16 68 78 69 77 24 35 26 52 33 76 80 40 14 50 87 72 32 19 41 38 2 11 28 53 5 31 90 85 48 56 55 74 82 81 89 79 66 6 13 3 25 21 84 91 23 17 47 20 12 29 44 15 42 45 94 71 61 46 67 58
52 25 93 95 17 1 7 92 2 58 79 62 70 18 82 23 31 56 91 43 94 48 68 15 69 51 64 54 83 76 89 47 26 50 28 45 87 13 71 65 38 63 39 53 6 81 80 22 19 44 57 0 85 24 55 16 49 75 29 8 46 36 37 33 78 21 9 32 10 77 35 12 11 88 41 42 73 84 67 61 20 3 5 86 66 90 59 34 74 27 40 14 30 4 72 60
36 14 55 18 22 59 67 77 4 48 33 1 54 61 51 91 42 8 6 21 62 15 39 73 35 79 5 31 83 69 41 81 11 16 25 58 2 10 32 37 23 82 71 24 94 28 27 78 63 89 44 3 70 64 57 38 87 80 7 50 86 30 95 29 34 72 85 60 74 56 92 52 68 66 9 20 47 90 40 17 0 49 65 46 53 26 93 76 75 84 88 13 43 12 19 45
9 23 56 42 35 12 40 73 85 71 1 47 65 22 58 5 6 82 36 24 48 39 0 64 61 8 25 51 4 32 84 94 3 26 30 80 17 54 28 33 83 93 81 59 14 62 57 77 90 2 21 45 53 52 15 34 63 13 38 86 72 19 7 44 91 79 75 76 55 37 70 60 49 31 41 78 67 46 50 89 95 11 69 18 27 74 87 20 43 66 29 88 68 16 92 10
35 14 50 54 42 91 18 15 62 24 80 76 74 11 27 45 68 7 1 17 89 34 60 5 39 21 69 92 79 71 70 46 65 61 73 31 28 3 82 95 8 9 53 77 86 93 49 84 2 4 6 83 44 10 38 78 22 40 41 23 20 87 57 43 75 16 64 66 47 81 26 94 52 72 37 30 25 29 51 67 19 13 32 90 58 85 56 88 63 55 0 59 33 36 12 48
26 73 81 76 91 14 35 79 45 0 22 69 19 86 95 12 29 21 34 18 31 68 7 20 63 87 84 39 70 52 17 30 90 42 48 41 77 38 15 83 71 54 88 53 23 46 78 11 6 28 65 85 58 92 4 13 3 56 59 9 55 94 57 72 37 16 74 36 64 43 82 40 50 25 67 2 32 51 66 24 33 93 27 47 8 80 5 44 49 10 89 1 75 62 60 61
41 51 92 77 43 10 20 48 40 24 34 63 56 52 69 32 44 30 6 60 36 76 88 74 75 61 15 73 21 1 83 12 72 46 58 65 19 18 70 62 14 5 68 23 50 47 54 4 71 22 8 9 45 35 26 67 42 89 38 49 53 57 81 39 86 84 90 95 29 17 33 0 3 79 78 55 28 7 93 27 64 85 31 87 66 11 80 37 91 2 16 94 82 59 13 25
64 17 81 15 1 54 52 91 28 63 85 71 2 61 0 55 88 35 32 89 43 26 67 21 75 34 44 5 72 18 6 39 57 30 87 23 29 60 51 69 93 11 68 47 90 38 62 37 42 13 3 94 24 82 50 86 80 73 7 95 9 84 66 31 40 59 92 48 20 49 77 19 33 83 25 27 45 4 10 12 78 41 58 16 53 8 56 74 70 46 65 76 79 22 14 36
25 37 18 27 5 31 82 64 10 40 90 0 3 87 86 4 26 61 57 77 11 74 56 46 55 92 14 19 48 28 71 49 69 78 15 16 34 38 85 65 52 79 76 7 36 9 88 22 89 75 8 53 20 95 29 42 32 63 54 24 6 81 67 35 2 70 12 93 66 13 1 51 68 33 50 72 45 44 62 91 84 43 41 39 58 30 59 73 17 60 80 94 47 23 21 83
32 74 58 21 90 12 51 11 79 65 76 2 87 36 17 64 26 35 49 56 57 55 71 43 28 95 70 45 27 60 59 6 77 48 72 18 61 53 85 62 7 14 42 83 44 22 84 86 67 24 69 15 80 30 66 13 19 88 23 78 89 10 5 73 41 39 46 4 3 20 47 92 31 50 68 81 94 1 9 82 75 34 63 54 93 37 16 25 38 29 8 52 91 33 40 0
15 84 37 63 48 90 27 44 2 45 59 41 78 36 71 86 79 82 92 65 47 0 8 50 21 42 31 43 25 30 87 73 83 66 6 70 61 17 51 89 40 57 29 49 11 93 4 94 16 54 95 38 7 34 91 80 85 18 68 56 10 67 23 75 22 1 13 69 19 76 32 55 81 35 53 3 9 20 39 58 28 46 24 62 77 12 64 88 74 5 60 26 52 72 14 33
55 1 38 78 87 57 12 0 53 56 86 79 67 95 47 25 59 36 89 33 22 11 75 16 92 28 29 6 46 32 65 24 83 76 71 50 19 81 13 93 43 69 74 5 2 84 21 68 52 60 34 62 61 63 8 9 40 90 20 42 3 44 66 7 41 35 82 39 27 85 10 77 51 80 37 17 70 15 58 31 30 26 64 4 49 91 73 45 94 48 23 18 88 72 14 54
42 81 62 67 56 16 39 49 14 89 82 25 68 1 17 22 83 48 10 2 79 64 90 80 52 37 9 70 43 29 0 60 6 7 19 18 28 94 78 46 23 47 72 35 33 12 73 45 26 93 34 63 20 44 58 30 88 77 85 3 92 13 66 51 84 61 38 75 5 55 40 4 50 11 71 32 76 69 21 24 86 54 95 27 41 74 31 91 53 8 36 57 65 59 15 87
42 17 48 3 45 91 13 75 61 67 8 18 0 68 94 87 89 15 2 77 69 38 5 32 88 10 52 27 92 30 78 60 20 54 23 73 62 9 66 57 31 82 39 95 46 43 29 22 65 40 76 84 53 25 34 28 14 1 64 21 19 51 44 59 90 71 85 72 70 6 37 33 26 16 56 63 79 81 80 74 7 83 55 50 41 36 11 49 35 93 24 12 86 47 58 4
16 93 78 66 33 28 95 13 90 4 74 46 56 73 41 88 43 24 36 70 59 29 52 39 47 89 45 19 42 69 82 53 77 5 84 12 7 48 85 22 40 2 8 30 49 57 58 11 14 0 26 83 35 34 20 44 67 64 92 63 21 61 17 55 32 31 75 79 87 10 72 3 1 23 91 86 60 27 94 62 37 76 25 50 71 54 38 68 9 15 51 18 81 65 80 6
0 54 36 67 29 73 49 27 56 86 82 42 37 45 1 85 62 69 39 4 20 13 79 81 33 72 52 43 22 18 14 60 63 64 15 94 26 25 3 34 2 28 74 40 53 83 59 6 76 41 55 75 71 61 19 31 93 50 89 21 87 90 23 8 65 46 84 9 95 10 58 5 66 38 11 77 12 16 78 70 92 91 24 30 68 51 17 88 7 35 47 80 57 44 48 32
80 93 24 75 25 5 55 17 68 29 88 54 48 87 56 72 11 30 86 81 79 39 66 43 57 13 92 10 53 21 15 37 47 65 83 90 51 9 32 45 41 6 67 91 27 84 28 46 44 42 7 26 36 82 76 70 89 18 78 52 62 59 64 94 85 4 73 69 20 33 60 0 40 22 31 58 35 38 95 12 63 2 49 3 1 61 34 8 71 50 77 16 74 19 23 14
33 76 45 40 36 6 67 1 35 57 21 15 13 92 44 37 8 4 58 55 74 23 87 59 91 17 9 86 22 27 2 84 19 47 93 94 73 7 42 41 82 34 81 69 12 31 30 64 85 25 54 61 49 46 71 80 90 26 24 52 0 72 29 18 88 5 51 60 75 39 78 56 28 50 10 14 65 32 95 62 48 11 3 38 70 16 68 77 83 20 63 43 53 79 89 66
51 88 17 9 84 83 94 53 60 36 44 67 86 57 32 49 2 1 72 22 91 21 41 59 93 92 13 7 3 79 66 35 37 87 71 6 47 89 11 25 23 34 76 4 58 78 46 69 65 64 62 20 5 39 73 90 26 27 61 38 80 85 0 54 82 40 29 10 14 15 52 75 43 50 56 77 74 68 48 63 45 30 33 24 55 81 18 70 19 8 12 31 28 95 42 16
90 79 13 59 83 28 73 21 76 19 86 30 3 93 42 1 66 37 82 29 2 18 77 68 52 94 15 54 89 85 53 10 33 39 67 31 48 84 88 47 32 74 5 23 16 22 20 81 4 49 63 58 12 87 0 50 61 78 27 60 70 17 36 25 57 55 69 75 9 38 45 43 40 11 46 71 80 6 14 92 64 24 34 8 26 51 44 7 41 91 56 35 95 62 65 72
49 85 27 33 5 93 72 32 3 71 83 64 77 26 8 88 46 94 82 29 38 50 34 62 47 37 75 54 57 68 30 70 23 40 58 45 9 43 31 24 73 63 20 81 44 86 19 28 87 10 69 61 11 95 7 39 16 17 80 25 12 14 6 67 79 2 56 18 4 1 78 48 21 41 55 42 76 66 0 91 74 92 52 51 22 53 60 13 65 89 36 15 35 84 59 90
86 82 95 23 55 21 80 14 76 90 63 67 70 10 45 48 15 75 74 40 5 93 16 19 12 30 37 72 35 18 52 69 29 61 71 26 58 1 59 13 88 73 20 33 54 64 79 47 56 85 25 24 94 9 4 53 17 0 60 83 87 50 91 32 22 34 42 41 57 2 89 6 51 68 27 78 31 39 49 3 77 38 81 46 65 36 62 8 44 92 84 11 66 28 43 7
75 8 83 41 0 93 28 88 3 35 69 17 13 32 38 90 37 61 22 14 95 77 34 1 62 5 31 66 6 70 39 56 57 44 40 89 2 36 87 85 54 33 64 27 16 72 4 74 58 30 19 73 60 51 55 7 26 76 68 86 20 11 42 24 18 82 79 92 91 46 21 71 78 53 94 25 84 80 81 52 43 59 10 9 23 65 12 15 49 67 47 48 45 50 29 63
23 26 29 46 16 95 13 81 39 49 12 47 89 34 86 14 43 32 24 40 90 37 30 10 70 55 18 87 20 44 73 6 83 91 5 45 92 62 19 63 1 28 69 27 82 68 58 94 50 8 65 31 4 41 2 84 88 66 71 59 80 0 17 54 7 22 76 42 60 77 51 3 38 93 35 36 48 11 61 79 9 56 74 75 53 52 33 57 72 64 67 85 25 78 15 21
72 81 86 49 23 45 68 53 26 55 32 50 10 3 34 90 91 1 16 7 69 2 47 74 92 22 79 39 59 18 85 43 31 93 30 48 27 5 15 52 14 0 70 37 8 83 94 95 60 21 19 24 44 6 29 87 73 9 46 61 38 75 71 33 88 57 36 28 62 41 11 51 56 13 25 78 63 54 20 76 12 35 40 84 82 4 67 89 64 80 58 66 17 42 77 65
44 58 69 45 47 75 48 71 54 4 62 37 90 11 31 32 13 74 76 39 40 55 66 21 33 84 15 65 46 57 18 89 9 91 73 95 5 16 35 49 85 6 79 41 93 7 27 0 72 70 61 10 22 60 25 81 83 30 14 19 42 38 43 63 29 92 36 56 94 3 53 86 51 82 87 64 28 80 26 17 88 78 2 68 52 8 34 12 59 77 20 24 23 67 1 50
82 71 85 24 28 69 84 55 2 16 79 90 63 77 25 44 20 68 76 30 38 18 35 33 15 37 59 70 87 3 50 51 13 52 93 73 23 46 89 62 67 74 72 48 40 14 36 11 66 0 27 1 29 9 45 49 91 41 81 65 75 4 26 83 54 43 21 60 64 56 78 88 32 6 31 58 80 42 22 86 47 17 12 95 34 57 61 92 94 19 10 8 7 5 39 53
48 70 35 51 45 49 29 36 65 90 38 13 60 16 85 69 46 50 86 6 83 12 71 10 33 34 66 22 39 54 55 82 11 91 80 43 23 42 8 7 95 81 15 62 58 3 77 40 87 84 79 44 94 76 92 19 31 1 75 14 68 47 57 24 59 5 28 56 63 32 18 93 4 64 73 20 61 25 9 17 89 26 37 88 21 41 72 2 52 0 53 30 74 78 67 27
90 91 36 76 63 2 84 81 21 83 86 67 48 92 34 88 9 13 78 8 59 42 17 53 37 74 41 72 70 19 43 28 16 82 79 58 46 80 94 65 7 51 4 29 38 20 33 49 61 23 3 71 24 87 32 95 6 44 12 60 45 1 73 68 22 14 39 93 15 18 26 56 5 77 10 50 66 31 52 64 85 30 25 89 35 11 69 40 27 57 75 55 0 47 54 62
13 1 80 11 25 9 35 86 16 46 69 10 44 92 78 12 26 40 64 18 62 76 31 22 39 66 53 70 2 52 0 36 28 29 38 4 58 27 43 19 37 54 81 47 75 84 59 55 65 77 6 45 7 95 32 94 23 51 83 17 50 90 34 42 73 48 3 72 85 57 30 93 15 14 91 61 20 88 24 60 82 71 87 33 68 21 8 49 67 41 79 74 5 56 63 89
5 91 17 94 75 16 53 56 61 26 84 57 42 36 85 62 3 14 50 23 11 72 2 24 79 4 27 8 35 87 49 58 6 86 30 93 76 34 95 69 55 80 90 73 92 13 31 89 68 60 28 10 19 41 7 71 22 33 77 81 18 40 43 47 12 67 82 74 54 78 64 83 21 39 32 63 37 52 70 88 65 44 9 20 25 15 48 46 51 0 29 66 38 45 59 1
95 10 30 47 66 48 35 3 19 26 44 58 86 61 65 40 0 71 12 37 34 25 89 21 38 91 69 93 63 11 74 42 14 31 51 50 81 33 18 24 6 75 80 78 85 45 68 94 28 56 79 7 52 88 23 57 67 72 36 90 17 84 16 60 87 27 53 9 54 49 39 22 2 55 77 1 76 8 5 43 62 59 73 20 4 92 29 32 13 83 41 82 64 46 70 15
16 19 38 90 86 62 89 53 30 20 49 82 11 46 35 13 71 65 70 80 83 74 72 88 85 29 84 34 4 51 81 5 26 21 52 15 12 1 60 44 24 55 45 59 33 48 22 39 9 43 31 17 75 94 77 10 27 47 25 95 69 58 23 37 63 66 92 36 64 54 0 18 7 6 73 78 91 61 79 28 2 57 67 14 76 32 42 93 8 3 40 68 41 50 56 87
53 50 34 31 7 95 40 4 1 5 81 84 51 54 24 85 14 91 23 49 15 19 55 37 3 82 65 10 26 38 47 22 35 30 56 88 9 25 70 74 21 2 92 0 44 6 62 58 46 94 78 12 8 73 39 72 80 48 76 79 42 61 43 75 89 29 13 90 67 36 87 69 32 52 11 66 33 16 64 83 27 41 59 60 63 18 20 77 57 45 28 17 86 68 93 71
64 21 23 89 88 13 60 33 37 53 31 40 3 75 1 82 79 59 42 72 80 28 73 38 45 5 9 78 67 57 51 8 22 76 54 48 81 18 65 77 17 4 91 35 46 24 32 71 61 30 87 93 10 7 90 92 49 29 66 55 11 26 47 15 85 83 84 27 19 36 41 2 69 52 20 58 6 43 68 95 44 50 25 63 74 14 39 94 16 70 34 12 0 86 62 56
41 26 47 18 56 84 11 9 58 54 65 88 12 77 85 80 51 1 94 30 68 89 74 44 24 92 83 52 81 29 87 61 91 10 70 39 28 35 43 45 75 33 78 57 48 7 82 40 17 4 59 21 73 86 16 0 6 13 22 32 55 72 42 95 60 69 8 49 23 36 64 63 15 71 3 20 19 5 46 50 79 2 90 37 53 67 66 76 31 25 27 14 38 62 34 93
72 90 75 83 2 30 95 33 57 92 31 63 58 50 84 64 1 13 69 74 59 68 66 87 56 9 51 20 28 85 55 62 70 60 86 26 40 53 54 0 32 76 36 65 24 29 79 38 89 77 43 15 39 25 23 8 47 22 80 61 21 93 17 67 7 44 16 48 88 42 34 10 12 81 11 46 14 91 3 35 18 73 78 45 19 27 71 49 41 4 6 82 94 37 52 5
38 95 83 62 77 27 58 19 93 45 55 28 14 36 3 73 44 85 78 33 89 26 56 21 81 9 24 15 41 1 42 20 88 16 30 48 37 8 54 51 47 49 92 94 87 2 7 35 18 60 0 86 79 34 90 71 66 11 6 46 63 17 4 67 76 70 12 68 39 23 69 74 10 84 29 91 53 75 22 52 13 80 72 65 82 31 43 32 50 64 5 57 61 40 59 25
94 17 69 38 60 81 58 62 15 32 24 12 54 44 65 28 92 59 72 19 63 2 85 48 37 95 34 40 76 75 5 70 7 26 61 47 49 73 18 0 10 86 45 9 57 14 56 51 67 71 74 20 50 80 89 66 78 29 82 68 87 6 46 3 31 30 36 16 27 84 21 4 64 93 91 13 43 83 88 77 53 90 52 23 11 1 55 42 8 25 79 35 41 33 39 22
78 6 14 21 74 87 89 16 67 88 82 33 83 86 11 12 50 5 32 55 31 41 95 44 19 53 47 37 45 76 52 0 2 20 72 23 18 80 30 38 65 70 54 49 79 43 15 71 94 58 75 8 34 4 40 48 84 90 27 77 56 51 85 29 62 46 93 39 68 25 22 13 81 1 10 92 59 64 17 60 3 63 73 42 69 61 9 35 24 36 26 28 91 7 57 66
43 21 75 59 4 88 69 31 67 36 32 93 90 6 72 34 53 10 52 92 79 18 16 68 87 81 65 76 24 22 1 42 0 82 63 83 94 49 62 5 86 26 55 40 44 28 74 84 95 54 17 8 3 78 46 2 85 14 66 37 33 27 48 71 7 30 57 56 11 77 91 38 73 39 15 29 64 50 58 13 25 19 45 60 41 70 61 51 20 23 12 89 9 47 80 35
30 81 10 52 82 46 63 79 50 41 89 18 51 58 27 90 59 55 3 53 62 48 25 75 40 57 88 86 47 11 0 4 54 84 69 49 13 28 38 21 26 36 29 61 44 15 64 45 9 67 92 83 72 78 87 32 14 16 93 95 31 71 12 2 43 68 19 7 74 76 73 37 80 33 65 23 85 70 6 77 94 39 8 42 56 66 34 17 60 20 22 5 35 24 91 1
37 67 82 68 22 19 57 24 64 28 42 60 5 91 90 58 4 39 33 12 62 14 17 56 25 74 50 31 47 95 27 76 73 3 70 92 72 86 45 15 84 66 61 36 51 55 54 88 26 49 10 69 9 41 6 21 75 30 77 87 0 7 32 44 38 63 83 93 81 65 52 2 89 11 13 8 34 80 43 46 23 16 29 59 71 94 40 85 35 78 1 18 48 20 53 79
61 79 67 82 0 62 58 21 54 69 18 29 19 84 31 51 22 55 68 16 48 15 75 59 71 28 78 93 3 70 5 57 85 52 24 66 40 53 1 46 30 44 89 83 12 72 76 4 43 6 34 32 42 41 80 14 87 86 65 60 27 45 10 26 88 23 50 94 2 38 74 49 95 56 9 91 13 37 92 77 20 25 81 64 8 73 35 17 39 33 11 63 36 47 7 90
4 33 77 55 38 10 88 57 61 62 95 67 85 74 6 14 48 75 7 28 59 56 68 19 69 92 32 90 52 40 36 27 35 2 25 49 82 39 81 58 22 43 11 3 41 26 47 44 79 31 64 9 87 8 29 60 54 51 50 72 21 20 12 5 53 94 0 66 71 46 78 15 93 17 84 45 42 13 89 24 1 16 86 18 37 23 30 76 91 65 70 83 80 73 63 34
93 76 90 42 36 88 68 23 8 69 43 37 51 44 28 74 19 5 4 3 64 75 80 70 33 83 31 67 60 47 41 61 57 71 30 78 53 95 7 92 9 50 2 25 21 85 20 17 27 65 12 77 66 59 11 56 54 46 87 35 16 24 0 13 94 6 82 72 91 84 52 63 49 58 34 18 81 73 45 22 48 89 40 29 15 86 26 38 62 39 79 1 14 32 10 55
5 42 48 87 36 2 77 84 23 38 26 41 6 16 64 70 89 55 56 58 51 31 94 67 34 14 17 9 73 86 69 53 91 44 79 60 83 19 40 74 8 80 88 49 71 12 47 90 62 43 24 13 57 32 46 78 18 35 11 4 28 61 81 63 45 92 30 65 39 68 66 76 27 95 1 50 82 52 7 93 25 3 21 29 59 15 54 75 22 85 33 20 37 72 0 10
85 31 36 86 46 21 87 93 55 39 1 66 19 52 90 35 22 16 10 33 0 7 32 69 75 12 54 68 14 50 62 47 40 17 20 77 79 72 78 92 45 44 63 83 81 82 42 29 30 70 80 60 38 43 27 65 23 84 6 61 25 41 67 26 8 56 2 9 15 51 74 5 11 64 57 76 73 95 28 24 88 89 13 18 34 71 3 49 58 48 4 94 37 91 53 59
73 95 31 83 63 90 91 7 92 6 79 89 76 68 29 9 75 33 26 74 13 3 11 19 77 34 52 17 41 53 42 56 64 57 27 86 55 30 1 0 78 16 21 2 25 84 82 50 93 5 70 22 87 40 4 67 72 44 94 51 20 88 39 61 58 71 15 28 23 66 43 14 35 36 10 69 80 85 48 59 54 81 38 18 62 47 46 45 60 8 37 65 12 32 49 24
91 63 41 2 38 68 19 86 23 39 1 36 14 71 37 62 10 24 69 49 7 55 28 90 77 25 15 80 70 45 51 72 52 85 92 12 33 48 4 0 42 95 43 81 32 5 44 30 9 27 11 13 94 93 50 78 64 6 84 40 75 16 61 8 22 59 53 17 29 21 34 76 31 60 66 3 67 54 58 89 87 88 82 20 47 56 46 73 65 83 35 74 26 18 57 79
54 11 36 84 52 40 88 41 50 28 19 15 77 37 70 83 35 27 13 55 68 21 7 31 94 45 87 67 26 75 66 64 43 0 22 38 47 12 25 73 1 24 58 34 95 3 53 80 48 79 69 74 30 8 14 61 82 16 60 65 63 44 90 32 71 59 56 85 86 10 62 2 76 46 78 39 93 91 17 81 18 89 42 51 49 72 9 23 33 6 92 20 57 5 29 4
11 56 32 62 94 35 45 25 5 33 0 13 83 93 21 59 79 30 44 61 8 36 19 70 60 77 88 18 69 26 57 49 42 76 53 82 87 95 34 63 67 68 38 81 12 85 47 10 64 14 17 91 92 6 54 24 72 39 2 29 58 16 55 89 86 37 75 71 1 66 65 50 73 52 27 9 4 51 48 46 74 3 84 90 22 23 7 15 43 31 20 78 28 80 40 41
37 55 81 86 52 19 38 26 1 43 8 58 87 46 95 35 21 62 76 57 45 31 36 10 22 28 78 68 73 56 70 25 64 48 27 39 11 66 92 91 16 79 67 85 4 49 33 18 12 84 53 74 14 15 5 47 0 77 40 13 7 34 80 32 9 82 51 69 17 71 44 83 23 20 65 63 59 93 60 88 42 41 89 94 61 24 29 54 72 2 6 50 30 75 90 3
25 21 64 70 91 92 2 40 65 85 19 14 46 63 67 38 86 83 76 20 12 8 54 66 71 23 41 53 42 32 45 0 74 44 52 89 95 84 59 80 82 24 94 43 27 73 78 48 57 47 51 15 72 3 39 11 49 88 60 18 30 50 33 61 77 16 37 1 34 17 87 90 79 35 9 62 7 22 81 69 28 26 68 55 5 29 4 93 13 58 36 6 75 10 31 56
67 92 25 16 81 31 27 36 9 10 56 46 77 37 75 23 4 95 60 11 74 12 48 68 54 69 55 8 64 79 43 6 2 57 51 93 61 59 66 18 65 29 47 0 94 88 80 26 76 34 71 7 14 83 50 86 24 72 1 45 38 52 44 49 20 40 87 62 30 39 19 15 90 17 53 91 89 13 32 42 5 21 33 28 84 78 70 82 58 22 3 35 73 41 63 85
28 15 8 66 55 35 76 87 94 61 0 2 9 30 32 85 91 56 68 84 18 26 36 4 80 78 79 21 64 65 67 74 31 47 37 40 11 42 7 10 58 17 50 49 63 83 29 92 14 60 5 62 39 38 13 71 75 89 43 52 86 6 12 27 45 54 16 69 23 51 46 20 1 53 95 34 77 73 93 44 48 70 24 19 41 25 90 81 88 3 82 33 57 59 72 22
53 58 36 91 56 71 51 74 21 87 82 81 92 3 45 59 93 49 29 30 6 5 86 34 17 12 10 32 46 14 42 62 43 37 57 63 35 88 66 16 80 67 28 70 20 24 18 19 61 31 50 73 77 72 94 9 13 4 83 48 26 39 33 44 25 64 76 7 1 68 2 52 38 22 11 0 79 23 90 15 55 78 8 75 65 54 60 95 85 47 40 89 27 69 41 84
86 87 2 75 59 73 29 90 15 77 83 23 62 39 31 46 18 21 5 93 7 12 91 22 79 74 14 24 69 13 43 95 33 20 47 34 41 51 9 54 45 28 49 40 85 0 58 70 92 68 67 81 89 38 48 55 50 57 11 84 1 56 42 10 65 71 94 17 26 36 61 64 37 27 53 66 63 76 80 35 30 19 8 82 16 6 4 78 88 44 72 25 52 3 32 60
94 69 52 76 19 89 66 78 28 30 77 5 74 26 35 39 4 7 12 16 48 87 65 0 15 2 46 13 86 58 40 21 72 10 37 11 24 17 62 71 68 85 56 29 54 64 50 1 42 93 53 73 92 91 95 18 59 22 80 32 27 47 82 70 45 36 33 90 60 81 9 43 38 84 63 8 67 44 75 79 34 88 55 31 14 41 61 57 23 25 49 6 83 3 20 51
76 89 23 68 21 14 55 4 56 43 53 95 2 49 62 78 12 10 9 28 32 19 46 13 51 63 79 75 80 91 86 40 61 87 65 52 81 70 82 57 27 94 74 45 30 3 66 8 72 60 77 7 67 37 90 54 58 69 39 92 26 35 18 64 41 25 6 50 34 73 33 15 24 11 83 29 1 48 16 93 22 38 85 20 47 5 31 88 17 44 0 36 71 59 84 42
40 74 13 57 75 77 60 66 22 44 78 70 81 48 16 28 21 58 95 30 8 39 41 92 50 54 52 83 53 34 32 20 68 84 42 76 47 85 55 56 62 45 7 2 0 3 59 94 80 35 65 67 9 51 29 86 33 4 37 73 5 79 69 14 91 26 89 17 49 90 23 1 15 6 93 46 82 43 12 25 61 11 27 31 38 64 19 71 63 18 24 88 10 36 72 87
79 16 82 50 5 21 59 68 47 30 24 23 9 80 0 78 14 86 31 92 76 89 25 48 66 70 39 71 69 43 41 67 93 8 13 94 56 95 62 81 77 53 90 57 11 22 60 29 58 64 27 17 55 84 91 26 12 83 72 4 73 20 51 38 52 7 75 18 28 44 87 34 54 36 46 35 61 49 10 42 15 74 32 40 3 45 88 1 63 19 85 6 33 37 65 2
91 71 47 44 5 22 93 48 39 11 57 33 90 65 14 53 92 85 1 45 2 81 12 61 56 37 21 26 79 83 75 27 76 46 62 49 29 43 25 28 52 82 31 35 89 63 17 41 58 69 8 40 15 87 34 9 67 55 20 59 72 51 16 78 0 18 95 86 13 19 80 7 77 10 4 54 66 6 94 30 88 74 23 3 38 42 68 32 64 70 36 50 60 84 73 24
85 4 66 80 50 43 76 1 90 71 29 14 82 79 9 92 35 75 37 52 18 10 45 81 24 41 59 56 68 19 13 67 88 22 15 40 87 57 21 26 61 77 12 93 64 73 60 48 27 86 94 78 31 44 36 33 47 89 51 32 38 83 62 5 0 55 65 72 3 95 8 69 63 16 53 30 34 6 46 11 70 74 49 84 42 25 17 91 20 2 39 28 23 54 7 58
50 30 24 67 29 38 3 84 36 46 14 49 68 93 2 89 22 9 33 42 18 83 78 90 32 59 51 63 15 53 17 28 21 37 39 1 61 87 23 25 16 92 27 65 54 41 62 72 13 86 12 34 74 48 73 66 81 43 64 11 80 56 44 70 71 77 69 20 85 82 31 88 60 75 91 26 76 35 95 19 47 55 58 8 0 40 5 6 79 7 45 10 94 52 4 57
54 80 32 6 78 42 4 66 67 34 68 85 93 75 16 62 33 30 90 63 3 14 89 73 10 39 52 82 92 11 84 49 8 35 86 31 57 25 38 95 76 51 65 45 15 74 50 12 60 72 59 43 55 27 91 28 19 40 46 22 71 18 13 58 1 70 7 41 87 64 88 47 9 81 17 29 83 5 26 69 48 94 53 21 44 0 56 23 20 61 2 79 24 77 37 36
88 18 49 8 95 77 87 62 26 58 15 52 29 64 37 31 69 45 32 23 13 22 3 21 75 80 72 78 4 25 55 2 38 42 39 84 41 85 81 57 11 56 61 28 6 82 43 50 12 93 34 60 79 83 27 59 7 48 67 9 66 86 24 91 74 30 14 73 35 71 44 10 33 54 89 0 36 40 70 5 76 68 20 65 63 51 90 17 94 53 92 19 46 1 47 16
50 0 83 5 62 36 87 70 49 37 76 88 51 13 8 91 14 68 67 39 84 55 44 35 92 45 20 95 77 11 23 41 52 56 94 46 21 33 80 63 47 93 19 54 53 75 3 34 26 22 4 25 79 7 2 57 60 1 10 59 40 9 65 6 18 48 43 89 61 30 31 64 16 73 78 38 74 29 28 69 85 58 71 82 86 17 72 24 27 15 81 90 66 12 32 42
33 52 63 15 19 54 34 4 7 28 75 8 86 77 82 6 95 46 1 40 94 93 23 16 38 79 91 29 56 51 76 80 92 26 27 47 13 66 22 61 10 37 44 89 59 14 39 58 53 83 12 74 17 49 5 84 25 50 42 11 18 30 43 48 68 35 24 90 64 70 78 2 32 41 69 87 3 36 67 72 71 21 73 88 31 81 57 0 60 45 20 9 55 85 62 65
28 44 84 59 65 31 93 90 48 10 45 34 70 68 13 41 23 35 47 19 80 38 71 64 9 94 66 16 29 83 25 1 11 92 4 61 91 77 2 8 74 26 56 32 0 51 76 6 67 5 72 36 50 43 14 40 79 69 15 63 82 57 52 53 3 89 7 27 49 37 54 87 18 17 30 20 21 95 78 73 55 81 24 62 42 86 60 39 85 58 88 12 46 75 22 33
0 1 24 67 32 90 55 31 27 94 73 42 18 66 89 69 54 79 70 68 10 92 5 34 36 81 76 22 77 38 28 35 49 44 91 46 33 20 56 85 45 72 3 52 17 50 8 65 88 80 30 86 74 60 40 9 62 83 13 15 47 6 23 43 75 93 84 41 26 12 64 61 14 7 37 19 59 82 21 57 63 58 71 4 2 78 48 16 25 87 11 95 51 53 39 29
65 11 73 68 34 18 32 35 55 13 38 31 80 71 75 52 27 86 95 22 85 30 69 44 19 7 81 72 63 15 57 21 0 62 29 43 24 77 50 39 5 36 12 47 6 56 70 2 40 92 82 17 48 1 60 9 79 41 61 64 37 3 33 10 94 26 84 25 67 58 66 16 83 74 53 14 4 28 91 20 78 54 23 90 8 49 89 88 59 51 93 87 76 45 42 46
28 41 36 95 17 73 34 76 9 7 12 70 38 82 32 4 19 87 11 42 56 10 72 0 89 58 27 26 31 39 68 88 8 65 80 2 49 33 18 77 62 24 35 16 30 60 37 44 48 22 74 59 51 45 78 91 25 86 5 23 64 47 84 50 71 46 6 66 29 40 13 81 55 52 93 85 67 20 21 83 54 92 14 79 57 90 69 63 15 75 61 94 1 53 43 3
81 55 8 5 61 75 21 65 85 54 47 11 62 26 29 34 67 43 87 66 57 80 74 91 76 95 94 82 24 64 59 7 50 39 2 90 28 31 46 51 15 40 10 69 38 42 30 71 48 86 56 84 9 92 44 27 13 23 1 0 32 89 20 58 45 53 70 77 19 79 41 16 33 73 14 93 36 37 83 6 63 17 72 60 78 3 12 88 18 68 22 52 49 25 35 4
8 85 51 0 93 76 53 38 81 22 4 61 72 83 1 23 11 74 87 60 18 62 56 19 30 21 92 5 84 63 67 64 20 14 88 48 50 12 15 52 6 54 29 78 34 75 58 27 57 17 35 90 24 41 10 44 47 59 25 91 36 7 70 73 80 3 33 43 82 77 69 13 66 45 42 65 49 71 9 46 94 32 68 39 26 31 89 86 16 95 37 28 40 55 79 2
55 52 11 51 78 17 81 30 69 8 79 20 77 66 91 73 25 46 38 90 13 2 1 75 74 47 0 48 41 65 42 32 21 26 5 19 87 27 72 84 24 76 45 50 86 18 56 61 54 33 92 80 93 59 23 35 43 29 28 15 36 82 83 57 94 4 49 16 40 7 39 95 88 9 34 14 12 71 53 6 31 64 10 67 58 63 60 85 70 37 44 68 89 22 3 62
24 34 29 31 82 6 19 65 18 62 23 76 79 15 17 39 30 46 26 63 33 45 35 32 0 58 61 52 57 69 72 83 36 77 94 10 40 43 14 53 3 60 27 42 66 1 21 71 37 25 47 59 7 38 80 86 67 88 68 55 84 64 5 95 41 75 48 16 12 91 90 9 28 20 81 89 13 44 50 51 85 73 4 78 49 54 87 92 2 56 93 22 74 70 8 11
9 66 7 93 36 94 74 62 21 59 52 56 85 0 32 4 17 8 71 87 28 30 81 76 39 14 31 13 2 63 54 88 73 86 67 60 25 65 45 72 38 58 33 69 23 53 84 57 29 82 15 50 19 11 16 49 91 95 3 51 75 68 61 64 44 24 12 34 42 40 47 10 89 79 37 78 18 80 48 83 46 35 20 41 90 22 26 43 27 77 92 5 6 55 70 1
39 1 6 42 73 65 30 66 5 71 16 69 92 45 9 72 81 40 70 91 22 63 51 37 53 67 17 25 27 18 36 13 55 11 82 80 95 8 50 38 49 79 41 59 74 10 83 3 14 43 48 34 47 52 85 23 57 78 88 68 4 7 62 35 24 20 61 84 32 87 90 93 12 19 33 21 44 58 94 89 29 54 26 60 64 28 0 56 31 86 77 75 2 46 15 76
18 49 41 48 35 87 43 77 6 28 62 7 79 24 69 19 0 90 80 12 47 57 4 95 66 30 89 72 94 63 55 84 81 20 59 26 36 25 2 92 9 54 78 39 70 3 85 91 37 88 67 17 1 5 33 93 86 32 15 16 34 46 27 22 10 53 38 58 64 14 11 13 82 29 65 42 21 74 60 76 83 40 56 23 44 31 71 51 68 50 75 8 61 73 52 45
41 10 4 83 19 70 25 95 27 60 47 58 38 30 28 63 80 16 1 73 37 39 69 46 51 57 66 22 34 75 2 21 65 32 94 3 5 42 13 20 36 12 45 31 61 71 59 56 86 29 54 90 11 81 14 85 0 15 17 93 7 23 52 91 24 49 76 35 26 88 67 40 82 84 62 87 9 33 50 44 18 43 92 77 89 55 72 74 78 6 48 64 79 8 53 68
88 23 66 54 53 91 17 83 59 48 12 82 1 21 14 76 85 11 36 92 80 84 34 0 45 60 55 43 78 64 72 20 10 57 30 70 31 69 68 37 33 87 77 79 75 81 40 9 6 47 18 15 93 2 89 13 90 74 52 8 42 3 67 44 58 61 27 25 7 46 71 35 29 24 38 86 5 73 39 49 63 19 26 41 28 62 32 22 95 4 16 56 94 50 65 51
44 17 37 82 77 52 31 39 58 94 91 60 67 21 92 90 19 72 89 23 43 15 42 56 5 13 35 84 36 46 8 4 73 93 88 41 85 9 18 1 66 25 71 34 33 59 2 61 26 10 48 57 70 45 68 3 47 54 83 29 6 65 55 74 87 40 22 81 51 76 95 50 27 28 0 32 12 69 16 63 49 20 24 78 38 30 75 62 86 14 64 7 80 53 79 11
21 83 22 35 37 4 5 71 39 53 20 75 47 55 66 70 3 95 24 44 92 93 31 38 46 56 28 87 67 1 91 23 9 51 12 11 42 36 45 41 88 54 19 30 50 65 61 10 94 82 14 84 27 68 13 33 15 32 80 6 49 90 64 52 2 60 69 17 48 85 86 26 78 34 58 72 62 59 77 29 57 18 40 79 43 0 74 25 7 63 16 81 76 8 89 73
38 0 68 31 70 19 20 52 35 15 11 73 90 2 16 43 74 41 30 82 65 83 58 62 56 49 87 77 61 17 44 69 59 57 92 4 27 79 75 29 42 8 47 54 81 14 21 86 26 55 32 28 80 93 34 23 66 94 3 72 88 22 46 39 12 85 37 53 89 91 13 10 48 84 63 76 40 33 51 95 64 6 36 5 71 78 18 9 25 60 45 7 50 67 1 24
55 26 74 25 23 66 53 13 70 11 57 86 21 76 24 83 2 0 36 8 58 68 91 61 17 45 30 20 77 50 37 9 42 82 3 38 93 63 59 10 16 40 85 72 71 65 51 32 28 49 41 84 64 15 43 88 35 46 94 44 4 52 39 69 89 56 18 22 75 29 79 90 81 80 19 73 92 78 31 47 48 5 14 60 6 54 87 34 27 62 67 1 7 95 12 33
36 93 91 87 0 3 89 43 31 13 69 68 77 24 28 85 23 40 67 46 59 70 51 16 18 14 65 92 29 27 83 10 86 1 61 4 37 19 30 2 55 41 64 32 9 25 95 38 74 22 17 21 79 71 7 62 72 11 34 73 26 35 84 90 50 53 57 8 80 82 20 66 76 15 33 47 52 49 12 81 60 56 48 6 63 94 75 45 42 44 39 54 5 78 58 88
75 78 33 14 48 12 64 66 50 6 35 76 37 38 1 60 69 89 51 4 65 74 72 53 0 18 31 8 41 62 84 92 94 83 9 67 44 61 3 82 7 70 91 32 95 57 79 55 40 28 23 43 59 52 90 10 54 27 71 73 39 47 5 30 20 34 58 15 80 17 25 87 29 85 22 77 16 63 24 88 42 68 93 21 36 11 2 46 56 45 86 19 26 49 81 13
4 57 92 36 43 18 45 64 61 82 56 68 86 35 70 28 22 17 85 62 1 73 44 42 10 84 88 53 55 46 47 38 71 65 16 78 37 11 79 21 15 91 93 20 59 63 29 77 67 19 60 94 49 32 87 12 54 40 2 27 0 3 30 13 7 41 80 76 5 66 50 90 31 6 51 81 48 75 23 52 69 26 95 25 33 14 24 34 89 39 83 8 72 9 58 74
51 17 72 61 68 82 91 75 64 62 87 36 79 94 73 2 16 32 37 44 59 77 5 93 26 56 11 19 46 95 40 67 54 45 3 38 28 81 71 66 86 49 6 8 12 52 7 57 58 18 15 27 84 80 42 29 65 23 14 47 89 85 20 24 88 92 63 22 1 90 4 25 10 33 70 39 30 9 74 0 48 76 83 35 50 13 43 60 31 78 41 55 34 53 69 21
1 14 42 27 61 26 38 89 44 18 59 3 95 87 84 67 16 78 17 19 50 93 85 21 90 49 9 22 60 11 46 94 77 55 35 92 88 40 7 51 62 29 45 12 66 86 25 76 32 20 79 48 0 82 75 56 15 37 81 2 39 64 54 57 33 52 13 5 58 34 74 31 28 72 65 69 68 71 70 10 91 4 53 24 83 41 43 23 80 47 63 36 8 6 30 73
7 58 0 30 73 35 29 63 91 34 82 14 67 17 40 32 70 10 39 94 31 2 68 45 74 95 66 90 71 88 65 24 56 3 50 41 46 6 57 72 87 80 79 22 64 54 93 12 23 26 55 51 1 47 53 83 25 8 19 28 43 62 33 42 84 78 21 81 20 52 5 44 75 13 4 48 16 77 69 37 15 11 85 36 59 86 60 61 38 18 27 76 49 89 92 9
33 87 90 76 27 12 10 52 44 58 34 6 19 20 94 5 57 80 72 37 39 77 70 93 0 59 9 30 78 26 8 43 3 86 41 71 16 18 50 11 35 65 79 64 67 55 61 69 23 81 1 14 62 51 7 88 42 63 85 66 91 28 38 4 45 73 32 17 46 82 92 21 31 40 68 48 22 24 89 29 75 56 36 84 53 47 25 15 60 2 49 54 13 74 95 83
83 6 90 1 19 54 89 10 37 42 51 74 55 75 95 16 80 65 53 14 69 33 17 77 7 94 57 88 76 45 72 39 47 44 56 46 29 50 70 71 9 79 0 38 12 27 13 23 63 49 87 62 43 8 21 86 25 92 20 22 84 41 48 4 81 34 60 64 31 68 36 91 73 3 78 85 32 93 26 5 59 82 30 66 58 18 2 11 61 67 28 40 35 15 52 24
77 6 75 81 55 45 61 3 84 62 27 11 20 38 22 5 14 58 65 47 85 36 52 48 66 16 54 86 69 79 46 25 80 19 41 76 94 53 44 34 18 89 63 83 15 10 37 8 32 57 28 67 56 23 88 43 91 42 90 92 31 82 50 64 17 60 24 21 51 72 78 30 71 73 35 74 13 93 68 7 4 40 1 9 29 39 59 70 12 49 26 33 2 95 0 87
66 29 20 40 38 31 54 35 75 41 68 3 34 9 57 53 91 1 33 64 12 26 88 71 65 93 81 37 94 76 45 79 89 69 78 23 74 0 27 87 77 62 95 70 25 59 56 58 67 28 15 44 19 51 86 8 16 36 49 90 80 17 42 83 55 46 39 85 10 48 22 21 43 7 30 13 84 60 72 24 92 4 6 11 52 2 14 61 63 73 18 47 82 50 32 5
25 89 41 29 47 85 45 64 65 94 78 84 15 27 67 1 13 22 35 92 63 83 93 79 72 26 14 90 60 49 57 91 39 9 59 44 51 80 86 52 5 42 69 58 73 70 95 37 8 77 62 18 74 21 20 2 12 46 19 30 16 87 32 34 76 56 82 4 6 23 50 24 53 3 43 61 48 68 31 28 0 40 33 36 55 88 11 10 54 75 38 17 7 71 81 66
68 13 27 1 65 83 30 94 11 8 44 2 3 20 45 56 79 84 57 42 76 4 82 37 73 49 33 95 51 78 10 31 62 77 50 19 75 93 41 71 66 40 81 55 80 53 17 64 15 91 69 88 58 23 14 52 92 90 60 59 61 39 22 54 70 74 86 21 48 5 24 29 85 9 38 28 36 35 32 72 7 87 25 18 63 89 34 6 26 46 0 43 16 12 47 67
8 93 22 83 29 30 52 78 71 81 88 84 80 49 24 63 95 69 45 32 10 12 3 72 61 59 91 47 37 17 31 94 14 26 77 86 79 50 76 0 36 15 41 51 67 11 13 18 16 70 62 21 34 54 25 53 48 82 43 66 28 40 35 27 92 4 23 60 39 38 68 42 7 19 65 46 57 55 75 64 5 1 56 89 73 58 87 33 2 74 20 90 44 85 6 9
18 15 31 52 75 61 34 38 88 16 66 90 33 65 86 46 3 14 17 53 83 59 68 4 26 29 84 54 60 78 41 89 79 72 81 5 19 25 2 39 87 82 73 45 40 48 63 95 20 76 56 47 24 30 55 32 7 91 21 64 50 35 27 0 94 58 70 93 10 74 13 9 85 49 43 42 11 44 37 80 71 57 6 8 23 36 51 22 1 77 92 28 67 62 12 69
84 92 52 8 11 51 16 57 73 68 89 63 27 46 0 60 50 54 36 49 94 61 4 80 9 87 1 95 81 65 18 56 47 23 44 13 41 91 5 83 12 71 77 25 79 88 64 35 55 53 69 20 72 19 22 78 42 43 15 31 26 90 34 24 39 21 75 30 59 32 85 82 33 93 2 86 37 48 7 14 76 10 40 62 3 28 38 17 58 29 70 45 66 74 6 67
94 13 19 18 32 52 29 0 53 9 85 61 84 38 76 8 82 6 49 47 46 26 73 10 75 17 93 21 50 45 4 54 89 34 20 55 14 59 28 33 24 63 27 92 7 11 56 40 69 35 39 83 60 25 23 44 12 91 58 42 51 70 88 5 41 66 81 87 67 62 1 37 2 68 64 95 74 86 43 72 16 77 71 90 22 31 65 57 15 48 80 79 30 36 3 78
12 17 11 31 92 93 77 71 29 3 2 18 26 73 72 21 41 66 62 80 43 91 85 38 63 53 64 81 22 30 58 0 61 7 16 40 79 55 14 74 23 59 27 45 15 32 9 67 46 87 86 56 42 89 24 28 95 68 13 52 94 25 65 34 76 70 69 88 36 47 49 51 83 37 54 33 57 19 82 6 8 90 48 78 75 44 39 10 4 1 84 35 50 5 20 60
46 91 88 18 19 39 6 68 92 45 66 95 81 35 49 24 40 8 75 10 11 16 29 25 78 55 74 59 83 84 15 26 67 2 48 85 54 60 36 21 31 30 28 89 61 87 7 47 72 34 44 42 58 33 12 76 51 56 13 27 52 57 22 23 63 69 0 90 1 41 4 77 94 65 93 3 17 37 64 86 50 70 62 71 80 32 53 43 9 5 20 73 14 79 82 38
69 50 73 94 15 82 1 48 30 42 3 43 55 10 59 77 4 40 75 8 45 62 91 66 9 56 67 70 52 5 2 51 79 63 57 86 90 14 58 20 54 65 92 61 26 29 32 18 80 44 22 27 71 60 19 93 24 25 74 6 12 17 7 49 13 89 34 81 16 68 41 23 53 72 84 85 47 83 88 38 11 78 39 0 95 37 21 87 31 46 64 76 33 35 28 36
69 25 4 73 54 77 21 80 83 2 16 29 68 85 26 33 14 34 59 65 82 86 35 38 75 78 10 28 62 17 60 1 58 71 93 18 94 8 79 64 19 40 57 22 56 72 23 7 9 15 39 41 32 74 30 70 45 5 61 42 3 51 20 88 84 37 63 44 50 81 6 24 0 66 49 36 90 27 89 76 31 48 55 46 53 95 91 13 12 67 43 11 47 52 87 92
61 28 34 87 35 94 42 6 67 10 37 84 74 43 56 65 91 39 76 38 33 15 18 95 89 29 64 48 75 90 49 59 13 66 63 47 1 73 81 77 82 22 11 40 32 79 92 44 50 7 23 54 88 36 8 62 30 41 24 4 45 26 93 83 78 27 80 2 57 86 46 53 12 71 0 70 16 31 9 17 58 55 60 20 3 52 85 72 14 19 5 69 21 68 51 25
60 94 84 18 43 27 3 51 95 35 53 86 91 81 4 76 75 49 42 33 92 21 48 1 36 52 62 57 56 41 44 37 7 82 55 66 79 77 19 34 69 6 89 93 40 11 87 24 83 39 70 17 90 8 67 50 5 22 28 64 31 54 63 59 78 58 26 61 14 46 13 0 29 45 88 25 74 85 20 9 38 71 16 72 47 12 65 23 10 30 68 73 80 2 32 15
16 72 17 8 9 19 88 84 77 26 80 31 45 21 41 48 4 82 55 24 86 53 75 68 5 70 67 13 56 39 25 60 81 63 0 85 79 61 2 28 7 71 10 27 58 20 95 76 44 92 50 66 42 74 35 6 65 37 69 52 91 43 15 32 73 29 78 49 83 46 38 54 30 23 59 14 34 33 93 90 22 40 12 64 36 18 94 57 11 3 62 1 87 89 47 51
1 20 33 18 47 63 72 14 44 95 65 52 24 35 25 87 66 49 9 80 75 84 40 54 10 46 16 30 27 91 15 12 29 60 23 51 79 7 13 19 68 38 77 45 76 4 48 59 28 2 83 8 36 71 26 5 93 34 89 82 92 94 73 56 57 0 74 53 81 64 6 43 86 88 32 39 67 11 21 50 42 3 31 61 22 37 17 62 70 58 78 69 55 85 41 90
18 8 34 4 82 17 32 0 33 95 91 84 85 54 75 76 31 19 50 77 36 9 46 40 83 86 62 13 92 52 30 69 7 27 90 94 57 35 71 45 38 78 11 63 28 41 67 21 1 6 51 87 37 79 64 16 10 20 2 60 29 58 44 72 68 53 89 59 43 88 42 14 47 74 26 24 48 5 25 22 23 80 66 15 61 49 93 3 81 70 55 56 12 65 39 73
87 40 93 43 10 50 92 49 66 35 21 67 34 88 47 90 13 5 32 15 78 53 23 14 37 77 56 82 64 94 80 54 89 63 59 71 61 86 73 16 44 70 68 36 45 17 20 19 24 28 46 26 12 74 11 62 83 69 38 72 0 31 27 22 33 55 91 57 75 8 9 58 51 6 29 7 1 4 41 95 85 42 60 76 18 48 84 79 2 81 65 25 52 30 3 39
86 9 82 77 28 56 29 21 72 63 68 67 15 18 81 17 30 61 42 80 38 75 76 55 89 31 33 36 19 88 78 13 90 41 34 39 87 58 4 69 20 35 3 43 16 26 62 59 40 32 51 83 46 47 91 49 2 48 22 12 7 84 85 70 65 92 52 14 27 45 44 50 23 0 10 71 11 54 8 94 6 37 1 60 74 93 57 79 66 73 53 5 25 24 64 95
24 73 84 67 89 30 17 50 95 37 90 12 49 22 35 3 44 26 72 83 60 57 1 78 20 87 88 70 53 91 75 71 66 86 38 2 92 7 13 15 59 69 36 14 63 43 62 31 47 82 48 32 19 18 54 42 68 56 85 21 81 9 0 40 25 55 77 8 4 23 80 39 6 33 41 10 64 51 16 94 76 79 46 27 28 74 45 34 65 29 52 93 5 61 11 58
95 41 30 3 19 17 60 76 77 94 26 65 80 66 18 44 92 67 9 72 2 63 42 10 13 6 35 88 40 74 85 39 57 1 81 38 52 49 64 93 91 0 56 37 34 16 36 73 79 47 68 46 27 24 78 7 87 32 55 70 54 75 21 11 29 89 4 12 5 50 22 58 62 28 48 69 25 14 43 33 61 31 8 15 71 23 90 20 84 45 82 51 86 83 59 53
89 29 71 31 27 67 16 25 39 76 80 44 32 11 13 60 0 57 23 73 70 45 22 35 40 2 18 69 65 91 90 86 20 43 10 77 34 14 59 36 3 38 79 51 12 87 46 53 9 74 66 6 75 21 30 56 49 81 72 94 54 8 5 62 82 88 68 15 17 64 58 63 4 42 95 26 1 78 55 19 47 85 37 61 41 83 33 52 93 50 84 28 92 48 7 24
43 3 15 21 78 65 32 95 45 54 75 12 40 22 62 81 60 18 25 77 71 73 57 52 28 34 29 66 31 27 1 79 53 48 86 69 9 36 8 68 89 49 63 16 4 90 72 7 20 88 38 91 87 55 24 70 47 83 33 61 14 56 74 84 6 35 19 39 85 58 30 51 67 0 42 94 13 41 11 64 93 59 26 5 10 50 80 17 46 92 82 2 44 76 23 37
36 33 85 89 12 75 58 64 6 5 80 88 29 3 91 79 27 84 20 8 51 24 35 59 9 46 32 66 77 50 69 42 45 25 92 73 55 87 43 70 41 54 67 48 2 74 78 17 40 44 28 16 62 30 82 34 56 49 94 19 10 61 60 65 22 68 15 23 86 13 63 4 18 26 90 39 95 37 53 83 38 76 14 71 11 7 81 1 57 0 47 52 72 21 93 31
4 45 17 23 79 93 43 39 58 27 57 40 41 52 71 31 13 22 62 29 5 9 36 30 48 38 78 66 10 80 89 15 88 37 74 76 87 33 42 7 32 53 59 8 72 94 3 51 60 90 24 81 55 77 6 84 69 11 44 18 35 73 2 19 50 70 56 54 26 14 47 46 20 67 12 21 63 95 25 92 0 82 91 61 64 28 49 34 83 16 86 65 1 68 75 85
65 76 94 9 29 66 78 77 23 62 91 46 64 1 44 73 84 38 24 61 88 67 42 32 39 81 33 10 11 86 25 26 34 92 45 71 49 50 47 70 3 69 16 19 79 21 31 43 95 41 87 36 8 68 51 28 6 30 0 89 82 72 52 60 74 83 37 18 55 2 35 58 14 57 17 27 93 59 90 56 4 85 15 20 40 54 53 48 22 12 75 13 7 80 63 5
28 79 20 11 21 69 49 39 33 83 0 78 58 68 35 86 61 19 63 4 8 14 1 42 43 3 32 40 57 75 47 29 94 55 85 56 95 48 26 9 44 23 38 46 15 92 93 34 51 90 27 6 16 72 60 31 52 10 81 59 2 82 54 74 18 87 12 53 41 7 5 64 66 22 30 65 73 77 84 80 91 36 17 71 45 13 70 62 67 76 25 88 37 50 24 89
95 93 36 8 40 57 65 83 19 35 34 9 78 77 31 73 28 42 12 38 74 85 69 30 62 26 3 76 63 94 15 87 60 13 72 59 14 18 70 86 49 27 21 88 46 1 43 11 20 82 64 41 44 92 52 48 47 55 17 10 90 0 22 39 50 45 54 53 23 56 16 66 6 91 29 4 61 7 25 33 32 68 24 71 2 58 79 81 84 67 75 5 89 51 80 37
56 79 93 65 63 51 66 23 4 17 5 87 61 21 82 27 31 78 60 41 30 52 88 10 7 35 2 69 92 89 6 94 46 73 34 14 50 25 3 39 9 59 12 32 68 58 1 95 0 53 62 13 75 85 64 86 47 40 18 72 70 36 20 49 44 84 90 77 19 22 37 83 38 81 74 28 57 55 42 45 54 33 29 67 80 16 76 11 26 8 71 91 24 48 15 43
46 74 55 77 41 7 12 44 93 22 28 51 13 70 84 21 85 36 25 80 19 10 48 0 4 47 37 88 6 68 81 32 61 24 27 23 38 71 18 72 56 76 33 3 31 79 69 90 66 39 83 17 65 57 82 92 16 11 5 64 91 54 75 50 15 42 60 67 2 40 58 89 63 78 9 73 43 29 62 53 95 8 35 94 30 14 45 34 52 59 49 20 86 87 1 26
27 24 61 33 63 59 21 31 94 48 38 6 77 76 69 22 92 81 14 28 58 15 50 87 80 53 42 90 93 57 46 41 17 83 65 89 2 60 10 9 52 72 84 85 62 70 32 20 54 51 34 44 39 7 78 19 11 86 16 13 47 18 49 43 35 1 71 0 55 30 4 37 64 36 73 25 67 68 23 45 12 74 40 75 5 3 8 29 66 88 82 56 95 26 91 79
61 14 25 44 77 95 55 29 28 94 13 53 33 60 26 41 9 80 75 83 3 18 10 6 11 12 22 24 42 40 39 66 63 17 32 74 46 43 87 57 76 51 31 4 85 47 38 89 1 59 68 8 69 65 30 82 45 58 16 90 34 62 71 21 92 93 27 20 56 37 23 70 79 50 0 48 64 15 84 88 19 67 2 54 78 91 49 72 81 36 73 86 52 35 5 7
27 86 17 24 34 66 58 91 44 12 88 78 45 38 89 39 3 19 90 41 63 28 62 21 43 49 95 2 5 31 29 60 37 42 56 11 46 23 4 73 55 87 70 94 79 16 47 0 84 81 61 40 26 54 80 92 83 9 69 57 8 22 33 76 1 51 74 85 30 36 48 72 6 59 18 68 71 32 35 25 20 52 13 14 82 15 53 65 10 67 64 7 93 77 50 75
60 90 88 84 2 64 10 25 19 94 50 95 55 13 3 61 81 78 58 62 35 87 76 12 15 24 38 40 4 22 91 23 86 92 42 32 49 69 0 65 73 45 11 68 79 54 34 18 9 41 27 33 57 74 72 26 48 16 17 30 39 43 20 36 85 6 83 77 37 31 67 93 53 63 70 80 66 28 1 82 5 75 7 59 46 29 44 56 89 47 21 8 51 14 71 52
73 2 62 31 4 86 26 18 48 88 15 53 72 71 36 95 9 50 19 27 63 57 74 16 8 33 81 68 55 60 89 43 77 6 28 40 49 29 51 12 23 41 24 10 92 65 42 84 44 70 52 47 32 25 17 64 75 61 7 91 78 67 79 5 46 69 34 83 58 39 93 66 1 80 13 38 35 87 94 76 30 37 45 90 21 56 85 54 0 59 3 11 82 20 22 14
39 28 66 5 9 31 85 81 78 84 34 54 26 42 62 63 45 72 59 65 10 8 74 87 2 17 60 73 69 80 61 35 41 77 56 55 33 67 86 7 46 95 50 27 89 88 79 1 91 48 6 83 24 11 36 51 22 57 49 90 82 43 76 20 37 29 52 32 64 15 40 70 12 58 94 25 23 71 16 18 0 75 21 68 53 38 14 13 44 30 4 92 93 19 3 47
64 38 59 29 88 42 36 73 51 55 39 34 1 75 79 56 26 30 78 4 16 48 49 13 6 19 43 40 41 18 82 84 91 60 22 50 23 9 44 46 10 54 0 20 17 65 14 5 15 8 27 94 71 24 61 76 12 86 95 28 74 52 80 85 66 70 89 7 47 81 25 21 77 33 68 32 90 63 2 31 72 92 57 93 69 83 37 53 87 58 62 35 45 11 3 67
24 50 6 41 91 71 5 23 7 9 47 49 4 51 43 74 68 26 67 66 44 88 60 70 86 0 90 65 45 40 12 8 89 63 82 85 39 81 38 15 61 79 18 48 14 77 53 22 36 25 57 46 10 83 75 54 55 11 19 21 1 2 20 37 80 95 29 78 30 87 62 56 59 13 32 69 52 64 84 16 58 72 92 35 76 28 93 33 17 3 31 94 27 73 34 42
27 62 90 71 69 36 19 51 7 73 67 47 22 72 38 6 86 78 24 30 55 0 14 84 44 66 11 64 87 68 58 54 53 80 29 20 89 79 28 13 9 95 56 1 59 85 93 83 46 37 91 57 50 60 45 74 76 92 3 65 63 48 61 5 4 77 88 94 16 81 15 32 10 21 8 17 31 52 34 49 2 41 12 70 26 75 40 35 25 39 23 82 18 43 42 33
76 40 4 52 66 24 16 85 69 0 29 7 95 91 27 61 58 67 28 34 8 36 51 92 14 89 49 25 1 93 73 10 2 26 59 50 31 15 5 35 30 57 44 21 80 64 54 48 18 32 55 38 68 88 47 41 75 3 19 6 46 23 9 56 42 53 84 82 12 45 65 60 63 62 79 74 87 72 11 81 86 90 13 83 33 77 43 22 37 20 17 39 70 71 94 78
25 3 38 86 29 30 0 39 95 64 20 48 57 74 71 69 37 23 2 11 24 49 80 63 41 22 68 89 44 13 17 45 75 81 94 66 88 43 42 53 31 26 4 56 9 7 65 5 18 1 16 14 52 36 32 77 78 15 73 79 83 19 6 84 50 59 92 35 87 60 82 54 27 61 62 55 8 76 40 21 91 51 34 70 58 47 67 28 33 46 72 12 90 85 10 93
83 20 63 23 0 94 48 76 28 10 80 5 35 70 49 19 25 46 31 90 29 36 26 55 61 52 43 38 64 12 71 73 82 92 37 85 81 24 22 6 50 40 18 72 30 53 87 9 27 60 11 79 91 33 34 51 58 3 77 86 13 66 68 44 54 2 57 78 56 39 4 45 16 88 32 89 7 8 67 42 62 69 41 84 21 74 47 14 65 59 17 93 75 95 1 15
20 94 54 50 89 80 28 90 72 70 39 32 59 47 67 16 68 38 91 74 10 37 56 46 2 14 93 87 34 31 15 41 66 57 92 95 40 9 84 77 52 35 48 44 26 0 43 63 81 11 69 61 25 27 88 55 12 45 65 76 36 85 17 51 64 49 13 8 19 30 5 3 1 58 23 86 24 53 73 21 71 60 78 82 83 79 62 6 22 29 7 33 75 18 42 4
7 45 47 68 53 24 48 67 6 83 40 69 49 76 37 35 5 42 38 77 10 32 36 70 22 61 73 85 84 87 58 95 13 1 60 65 30 52 92 91 90 56 55 64 16 4 18 2 94 79 34 17 93 51 62 15 19 59 12 71 78 8 25 26 75 72 82 20 11 39 74 50 43 66 89 86 14 23 21 80 63 41 28 9 88 31 46 29 33 44 57 3 81 27 0 54
28 12 7 50 57 60 33 85 31 19 66 2 13 49 58 92 81 45 74 79 72 88 41 69 23 63 34 56 40 86 15 68 22 95 90 9 52 43 42 20 55 91 51 87 82 35 61 84 24 39 48 38 78 89 36 64 44 59 54 26 25 16 73 5 75 37 6 0 71 29 8 65 76 30 18 62 17 70 1 93 32 3 14 83 27 80 47 53 46 10 67 94 4 11 21 77
6 40 22 49 65 93 68 52 30 29 58 83 53 94 9 92 16 5 66 95 39 60 2 10 63 4 18 17 3 67 78 44 64 86 23 7 12 26 48 55 11 75 32 0 54 79 14 85 57 88 34 51 70 72 13 37 35 47 46 71 90 87 91 82 77 25 8 28 21 33 42 80 41 81 27 45 20 56 76 50 19 61 84 43 69 89 1 31 59 24 62 36 38 74 73 15
11 35 8 53 78 94 61 17 87 50 69 24 1 91 89 83 16 58 81 63 13 28 66 75 32 65 79 10 48 30 37 27 18 38 7 12 0 26 6 44 67 88 34 60 57 86 59 54 20 71 23 84 92 31 15 70 52 45 19 9 73 29 43 5 74 46 72 51 39 76 56 77 2 3 21 14 93 22 90 85 49 55 64 42 41 82 4 80 40 33 95 36 47 62 25 68
81 87 89 52 3 15 85 94 21 43 24 92 33 58 79 40 27 36 34 45 38 56 47 44 48 28 20 29 62 25 30 4 1 37 90 46 80 83 63 41 42 67 75 74 13 93 17 59 88 49 84 70 31 23 66 8 54 95 2 69 35 55 72 57 18 60 71 91 5 61 10 16 73 12 9 51 7 19 26 86 65 68 53 64 39 11 22 77 82 32 78 14 76 50 6 0
83 38 7 76 95 2 89 45 42 16 61 28 70 85 63 17 93 71 57 58 39 29 19 15 10 75 47 64 62 9 48 32 68 18 25 35 11 66 56 65 31 1 30 26 78 0 8 4 92 14 67 43 49 82 51 41 79 22 52 84 59 33 73 34 54 21 44 55 20 46 37 87 5 40 94 60 53 72 6 3 24 13 80 77 90 81 27 12 50 69 88 74 36 91 86 23
8 59 56 22 11 7 12 70 66 34 85 41 64 95 92 94 43 50 31 16 58 82 17 51 6 37 63 25 55 47 54 40 71 45 32 73 48 21 29 75 67 1 14 83 27 18 60 53 28 15 38 49 69 35 80 19 5 3 77 26 91 42 39 72 87 4 46 81 13 36 44 10 65 90 84 78 30 79 74 52 2 89 33 62 0 57 68 86 93 76 9 20 24 61 88 23
68 21 40 28 45 43 42 30 48 53 39 57 26 56 33 95 19 61 51 8 29 82 70 92 66 71 88 89 63 77 4 12 20 41 37 46 90 52 18 47 36 15 0 79 94 91 54 80 24 69 59 64 1 83 13 23 58 25 76 62 7 72 32 67 44 17 35 27 49 6 38 9 5 31 86 93 2 50 65 73 3 74 34 55 22 75 11 10 85 84 81 78 87 14 60 16
35 83 20 19 13 36 69 48 31 44 52 58 23 74 42 66 86 1 4 33 84 91 7 24 82 47 73 53 59 94 9 60 75 25 68 70 12 32 95 65 14 92 71 21 8 26 34 51 0 79 62 11 67 22 93 87 15 41 38 18 78 56 43 2 76 64 29 77 6 30 81 88 80 72 3 54 40 61 63 46 10 49 16 28 27 55 89 57 37 50 45 17 90 85 5 39
8 95 68 40 50 81 67 30 75 16 32 92 65 82 83 53 26 34 6 86 74 39 15 56 88 47 91 27 90 84 19 51 54 25 31 29 10 44 62 24 52 58 36 28 76 94 72 80 11 5 77 85 63 70 73 69 42 3 60 49 35 7 17 4 13 66 43 14 38 1 48 78 2 46 33 23 93 0 64 79 89 71 45 22 37 61 20 9 55 57 21 59 18 12 87 41
36 90 31 17 3 33 15 80 75 68 9 25 0 89 12 42 79 29 13 44 38 67 76 83 78 59 48 87 85 71 5 62 70 46 50 82 81 28 21 1 86 64 24 23 69 60 18 58 72 55 61 56 45 94 93 22 34 47 4 65 54 39 19 63 57 2 35 52 53 43 95 16 88 32 10 49 37 84 66 41 30 73 20 14 27 74 91 77 51 8 92 6 7 26 11 40
60 51 70 95 2 39 28 25 15 69 81 9 31 76 92 93 6 82 80 40 34 29 94 77 68 0 62 47 90 78 8 26 19 56 5 45 23 30 41 1 13 67 86 89 17 65 22 48 55 63 57 46 59 66 10 24 32 16 4 12 88 35 11 52 44 50 72 83 37 18 87 42 43 7 54 91 21 85 33 61 3 20 49 75 58 73 74 53 84 71 27 79 64 36 38 14
55 93 80 6 35 76 51 36 20 0 4 52 81 34 94 39 54 33 31 56 88 79 49 10 5 62 11 27 65 26 92 89 72 84 43 8 85 14 90 13 69 16 60 57 38 68 41 29 77 25 58 67 23 61 18 19 87 15 91 42 17 66 48 45 7 50 75 37 2 22 78 3 53 40 47 30 64 73 21 32 28 82 44 46 1 74 59 70 63 9 12 86 95 83 71 24
53 65 71 58 81 8 42 82 49 68 89 70 92 79 40 86 32 18 56 1 12 93 52 66 24 63 9 91 61 51 30 87 7 35 38 10 80 16 50 20 62 47 90 75 48 22 72 69 21 39 78 34 85 54 2 36 57 28 46 29 27 14 64 23 31 67 59 19 94 84 4 77 74 88 76 41 45 13 33 5 55 6 17 15 3 44 37 11 25 83 95 0 26 43 73 60
82 60 64 38 31 93 3 28 22 91 26 27 32 8 78 84 40 7 54 90 56 87 95 25 23 16 63 67 57 44 69 73 19 92 45 86 30 47 15 34 75 76 83 71 62 24 80 65 52 79 46 68 4 35 9 58 70 81 77 49 59 6 11 29 0 42 51 55 14 89 43 66 53 41 18 85 33 61 74 48 5 12 39 88 21 13 20 37 17 94 36 50 1 2 72 10
