0 19 64 51 29 16 92 35 6 2 70 85 68 28 60 10 66 74 32 90 89 69 25 84 38 72 11 83 57 91 54 86 45 4 53 67 9 56 8 33 82 88 80 14 23 7 5 48 37 75 41 52 79 62 63 50 27 12 26 44 36 78 65 93 71 31 87 55 49 1 94 22 77 20 95 61 59 76 21 3 17 39 81 46 15 58 34 73 42 24 43 30 18 40 47 13
20 92 55 75 23 14 49 69 61 41 83 93 9 38 58 16 39 88 31 65 42 2 22 54 36 68 35 45 32 59 60 7 47 72 95 40 3 5 50 85 89 43 37 12 66 26 80 81 0 79 19 27 29 64 1 25 67 44 46 34 52 53 15 87 73 71 91 82 94 24 77 84 74 28 62 63 78 18 17 86 11 30 13 33 21 56 90 4 57 76 70 51 6 10 48 8
10 79 51 31 77 48 70 20 91 42 38 60 85 94 25 19 17 3 66 61 37 71 84 14 47 34 72 18 35 82 23 88 41 90 45 46 15 26 44 56 36 30 22 89 29 63 52 59 76 16 62 11 32 1 86 74 28 4 0 33 13 53 58 27 80 9 67 75 7 24 12 57 93 78 64 21 69 2 55 83 43 81 5 95 87 6 8 49 39 68 65 54 73 40 92 50
26 5 86 61 92 56 91 71 8 85 51 4 12 30 18 16 31 68 1 28 50 73 23 42 57 58 0 36 45 60 63 81 75 79 3 35 80 17 67 82 15 78 27 94 69 65 64 39 25 93 44 13 10 66 21 2 89 33 19 90 41 62 24 40 72 46 76 9 52 20 54 22 48 70 32 34 38 53 43 74 95 77 49 55 87 29 47 83 84 7 6 11 88 37 14 59
12 55 56 37 17 21 82 85 52 9 78 86 70 22 62 48 61 26 74 16 30 72 49 24 79 51 60 95 92 4 8 19 54 66 46 88 7 68 28 34 67 36 27 91 90 93 2 31 11 94 6 20 65 29 53 43 32 39 3 10 47 80 89 83 75 59 69 63 42 33 57 64 45 44 1 0 14 50 84 71 58 18 35 13 73 81 38 41 87 25 23 76 77 5 40 15
54 90 9 84 27 5 93 80 47 77 28 1 95 59 3 87 48 56 82 13 45 61 70 62 8 75 17 86 74 39 41 0 20 91 63 21 38 24 34 85 23 51 49 44 71 76 33 16 36 64 92 52 11 69 58 57 68 43 67 50 25 6 72 2 42 12 35 4 81 40 32 66 14 53 89 37 73 60 65 15 19 55 10 22 79 94 29 30 7 18 31 26 78 46 88 83
84 10 31 39 11 50 85 72 79 65 81 53 87 45 71 74 48 95 25 78 66 30 0 15 57 69 58 90 42 62 13 19 9 16 51 14 2 76 27 60 61 68 20 93 92 64 77 21 33 1 37 89 55 17 52 73 54 24 40 49 32 4 80 36 23 47 86 88 35 94 75 6 43 70 46 91 18 56 28 41 38 26 82 12 44 63 29 8 7 67 34 3 59 5 22 83
17 39 57 37 32 6 75 74 3 58 24 60 8 26 43 28 69 30 12 5 22 38 11 84 41 61 1 4 14 55 63 46 53 25 9 95 83 80 49 90 59 2 93 73 82 66 13 21 78 45 81 20 33 94 27 79 18 77 48 7 54 29 89 71 76 40 0 16 23 34 31 35 42 47 68 85 92 70 44 72 19 86 62 50 56 67 36 51 87 52 15 10 65 64 91 88
91 27 31 10 60 73 52 72 40 11 37 32 71 35 54 24 46 67 19 15 29 81 58 76 68 9 44 94 75 13 4 39 66 22 93 49 51 3 82 48 41 61 8 59 87 64 50 65 16 14 47 28 26 21 6 20 23 7 78 17 63 45 53 57 5 12 2 38 30 33 79 77 43 92 0 18 70 84 90 86 1 88 56 80 83 34 55 95 36 25 42 85 62 89 74 69
61 36 75 22 43 20 85 53 70 62 59 17 14 4 32 51 78 44 95 46 7 52 67 13 42 16 58 10 23 25 12 27 5 66 24 29 45 92 3 64 79 73 48 93 90 33 69 49 11 82 19 74 89 30 68 65 91 55 47 35 28 84 8 63 80 0 72 88 87 21 54 37 15 86 26 83 38 39 56 6 50 94 40 60 18 1 31 77 34 9 76 81 57 71 41 2
88 35 86 44 20 77 16 17 62 34 31 5 38 18 30 83 48 61 85 22 55 23 47 28 65 63 76 51 0 10 92 25 19 82 26 70 32 93 29 53 58 11 9 91 94 40 2 71 3 57 12 43 4 79 56 52 59 72 81 74 69 36 67 37 21 68 73 78 46 1 64 95 89 66 84 7 8 13 27 15 6 90 14 33 49 54 42 80 50 45 87 60 75 39 24 41
62 21 88 49 48 32 69 74 9 75 78 95 60 3 40 71 23 15 61 5 70 52 19 81 92 86 84 42 30 90 43 45 33 80 59 26 83 31 53 94 20 4 16 8 85 76 36 72 22 38 25 50 39 37 29 11 1 44 58 79 46 2 89 17 13 18 54 12 91 7 55 35 34 41 68 57 0 47 82 66 28 27 56 63 65 14 6 64 24 93 10 73 67 51 87 77
38 21 66 0 75 59 93 9 77 68 3 81 86 23 31 30 62 8 70 32 54 95 35 63 17 55 65 20 80 40 33 83 73 34 53 2 69 27 25 19 29 94 76 37 28 18 12 67 60 51 78 13 7 64 58 49 88 84 74 41 6 15 14 71 57 16 39 61 82 36 85 5 91 87 26 45 48 22 92 11 47 46 4 42 43 50 79 1 72 89 10 90 56 52 44 24
69 80 62 58 18 81 44 48 2 47 60 5 74 65 9 21 4 20 17 66 54 3 43 61 19 39 25 63 22 30 77 56 45 27 82 87 78 12 31 88 7 26 6 83 67 28 14 52 40 15 90 93 36 33 89 73 59 92 24 8 13 91 64 0 79 57 35 10 68 29 76 34 46 55 53 41 49 95 38 32 94 71 16 42 23 75 37 50 51 84 85 72 1 11 70 86
70 51 27 19 94 74 4 35 83 58 0 56 39 61 89 49 50 41 40 64 44 28 37 77 33 36 11 75 13 15 71 31 76 3 42 8 1 14 59 65 34 22 63 46 55 23 60 29 86 52 73 48 90 25 6 53 79 10 12 67 43 82 81 16 30 9 95 38 92 91 62 84 80 54 93 18 66 45 21 5 85 24 17 68 47 26 78 7 88 2 57 69 20 87 32 72
71 31 20 27 23 43 48 95 40 67 1 14 91 73 45 88 13 28 37 89 38 22 30 0 36 69 60 6 34 5 65 76 90 51 77 16 4 54 63 59 57 47 56 32 9 35 92 21 25 68 94 79 62 17 41 58 46 74 64 75 81 72 3 29 2 33 66 52 87 80 49 24 42 12 26 55 15 19 11 93 10 44 85 53 83 7 39 50 70 86 78 8 18 84 61 82
80 63 2 25 49 48 1 6 33 24 28 62 81 54 14 17 64 53 34 59 90 45 8 82 11 83 0 16 3 46 4 84 73 67 65 89 60 57 10 23 72 30 87 75 70 50 76 22 7 86 36 74 19 71 39 5 68 93 35 66 42 56 91 95 13 55 9 31 69 52 18 78 85 40 41 61 58 79 12 26 44 37 20 47 32 43 94 21 77 15 92 51 27 29 88 38
49 10 38 16 55 85 48 11 4 7 87 61 28 15 2 31 34 44 65 68 27 9 39 40 17 25 76 60 63 41 78 72 43 81 79 73 33 50 37 77 45 71 83 57 22 93 53 12 14 5 51 75 24 54 18 90 1 36 62 94 64 8 29 56 35 67 52 3 32 42 69 20 91 95 46 80 86 6 88 26 0 30 58 82 47 74 84 13 66 23 59 70 92 21 19 89
8 6 18 32 48 14 86 57 39 75 60 70 31 76 92 41 38 78 88 90 66 37 20 22 65 40 85 63 11 61 73 58 47 10 62 52 45 25 2 49 0 34 94 30 55 46 71 26 29 54 1 9 13 93 64 4 42 79 33 87 67 43 89 80 56 36 7 95 50 53 27 15 59 23 19 35 91 3 17 83 84 12 28 68 21 81 51 77 16 44 72 24 74 82 69 5
30 21 49 4 6 51 12 76 73 77 10 60 52 36 46 3 22 45 13 32 59 87 17 64 81 24 23 72 94 78 18 86 27 66 70 92 75 16 55 33 90 95 2 37 8 43 85 1 57 80 15 31 35 82 53 0 89 9 34 88 93 68 26 74 28 61 91 67 20 42 63 40 69 58 41 5 38 11 44 56 47 83 79 84 14 65 62 25 48 7 54 50 39 19 29 71
59 22 83 23 19 78 7 75 77 5 14 9 40 16 4 30 68 42 74 67 35 38 57 41 52 36 21 15 65 82 31 13 70 1 28 54 47 87 58 89 20 92 46 94 61 93 43 63 69 12 84 91 27 95 37 25 39 71 6 88 81 32 62 24 90 79 33 45 53 8 2 56 85 60 72 51 55 0 66 17 64 34 48 50 3 26 18 10 76 86 80 44 29 49 73 11
91 26 20 39 35 84 28 68 38 49 30 89 27 21 36 37 22 65 73 41 57 58 83 29 47 71 33 90 88 44 76 14 16 95 31 15 64 61 48 55 80 9 3 46 51 66 67 19 75 59 94 54 79 86 50 23 8 13 60 63 77 7 5 34 10 69 1 81 78 72 43 18 40 0 32 56 25 6 17 42 93 70 12 2 62 11 85 45 4 52 87 92 74 53 82 24
57 75 44 36 7 21 90 42 56 72 77 31 33 87 51 16 88 64 47 63 2 45 62 40 80 41 95 9 74 26 79 93 76 27 23 73 22 5 18 15 94 59 61 89 43 53 85 12 8 0 28 46 81 60 14 17 48 35 3 55 30 6 68 4 39 11 58 67 19 25 38 91 71 66 92 65 32 49 34 86 29 82 13 70 20 10 52 69 50 54 84 83 78 37 24 1
54 87 25 73 48 53 89 61 20 88 90 24 69 3 41 16 36 18 92 27 32 23 85 45 71 19 52 57 95 47 38 35 94 39 30 29 75 55 65 72 79 10 5 46 49 93 1 2 21 80 11 62 26 12 42 51 14 6 66 82 44 17 34 33 22 40 74 77 70 0 37 56 81 91 76 63 68 15 59 58 28 67 7 60 31 43 86 8 50 4 83 84 78 9 64 13
49 92 38 90 68 34 20 85 65 12 32 9 61 93 45 55 33 11 3 28 19 39 31 8 51 57 71 94 80 63 82 15 14 4 23 35 7 70 75 52 37 91 16 86 58 66 89 29 84 76 5 22 17 69 26 44 60 53 77 95 62 27 81 25 2 78 40 72 42 54 43 18 1 87 24 0 67 41 47 88 74 59 10 21 56 46 13 6 48 30 79 83 36 73 50 64
94 60 59 32 21 2 91 42 28 44 68 85 31 87 11 15 56 27 35 57 58 22 82 45 93 7 79 48 51 39 17 74 86 29 64 92 6 73 67 36 20 24 18 55 47 53 63 5 33 1 78 52 90 3 23 37 8 13 72 65 4 16 89 41 70 25 19 9 76 34 30 66 77 40 43 12 54 38 14 69 46 75 26 83 62 84 50 88 80 71 49 0 81 61 95 10
1 70 88 77 13 57 83 84 23 25 61 20 55 91 7 22 63 52 43 26 19 58 28 34 79 78 94 0 30 56 3 51 42 50 65 40 62 29 45 48 47 73 15 46 69 49 36 6 87 66 39 11 31 33 27 86 41 72 74 90 81 10 95 67 68 60 24 44 9 37 89 93 8 54 32 4 71 92 16 64 76 85 12 82 18 35 5 38 53 75 21 2 14 59 17 80
32 89 19 27 84 21 24 53 69 64 28 38 10 83 81 74 95 71 36 22 44 20 76 39 23 52 0 91 12 55 57 1 82 42 75 62 35 61 73 5 67 26 29 8 63 14 78 9 87 41 94 92 59 37 66 3 15 72 16 13 58 50 17 56 68 30 54 43 79 40 6 4 49 2 34 60 80 47 46 77 33 70 51 65 25 90 48 31 11 7 85 86 93 45 18 88
86 29 37 14 41 81 92 94 17 64 28 82 59 89 19 42 74 54 44 15 23 75 68 80 61 7 9 25 73 39 70 0 5 90 3 48 45 87 30 22 4 12 38 78 85 67 60 52 53 66 65 34 55 21 56 24 71 20 95 93 33 13 36 18 35 76 46 2 63 27 6 84 31 58 10 91 51 57 11 72 8 1 26 69 16 88 43 62 83 47 49 50 40 77 79 32
24 10 32 35 87 55 33 45 62 74 63 64 13 82 93 31 11 83 18 86 16 91 71 89 69 2 42 51 57 23 68 6 46 29 0 90 72 3 80 81 40 84 77 19 22 60 39 1 8 56 49 88 38 28 61 54 48 17 94 41 37 58 75 70 12 4 36 67 20 47 66 76 21 26 65 15 95 79 9 85 7 73 14 53 59 27 52 34 92 43 50 30 25 78 5 44
72 35 59 81 55 62 87 31 12 0 82 89 26 1 48 52 6 15 24 94 38 20 21 60 9 75 67 64 85 28 70 44 69 56 36 46 78 41 49 90 43 4 74 33 79 65 80 73 53 50 68 45 40 30 29 10 54 88 93 5 3 7 95 25 22 23 16 19 86 34 83 32 42 77 51 37 71 17 63 27 11 39 66 14 91 8 76 13 61 47 18 57 84 92 2 58
77 7 83 39 65 10 87 19 46 84 4 68 11 90 55 34 85 44 72 24 62 0 27 92 3 13 73 60 23 50 74 69 9 21 1 61 49 22 95 18 48 56 80 82 15 75 17 81 70 94 26 14 12 88 93 33 2 52 29 51 79 67 86 32 47 31 28 40 78 45 35 36 42 38 57 76 41 58 8 37 5 25 6 64 91 59 53 63 89 43 16 66 30 71 54 20
72 33 88 13 92 6 45 19 61 40 50 78 83 43 14 95 18 90 73 65 21 9 54 20 80 25 39 4 52 1 57 87 48 35 71 51 75 5 63 55 34 12 81 64 41 91 36 24 58 30 62 59 38 2 46 32 89 84 74 29 53 44 70 37 68 79 15 10 7 66 23 69 11 27 76 56 28 60 8 22 77 93 86 42 16 3 17 82 47 49 85 0 94 26 31 67
64 73 39 77 63 92 34 53 20 78 16 31 94 28 44 24 19 59 66 21 48 29 15 82 88 54 95 14 35 57 22 49 56 12 81 90 18 23 26 67 45 50 76 40 47 0 87 7 74 62 30 69 46 58 32 70 41 3 52 37 65 68 11 10 86 61 27 8 60 38 5 91 71 2 4 42 93 25 36 75 13 89 6 43 80 79 51 85 1 55 83 9 72 17 33 84
68 60 82 36 66 40 43 74 44 88 35 31 58 73 78 27 92 62 80 10 0 5 64 21 55 20 69 72 91 85 52 34 59 86 19 25 46 95 84 45 14 93 42 56 16 23 63 83 54 61 89 79 90 37 1 18 94 70 7 57 4 39 51 53 28 15 87 24 29 3 26 30 41 22 76 65 77 17 13 6 48 33 2 75 67 49 32 81 38 11 71 47 8 9 50 12
38 84 7 32 76 69 70 57 85 61 83 14 81 33 9 59 79 34 10 78 87 13 19 43 51 48 64 30 89 42 8 91 22 47 49 5 27 39 93 40 56 26 46 23 90 73 52 31 37 66 45 28 29 94 72 80 35 60 71 74 77 62 24 68 21 88 75 16 2 65 44 17 11 41 86 67 54 15 12 25 0 95 1 92 63 6 53 50 4 58 82 55 18 20 3 36
78 80 17 85 34 69 59 70 49 36 84 13 7 56 75 52 66 48 77 46 47 5 57 15 2 74 67 18 22 39 14 79 11 58 91 33 51 28 20 83 88 3 16 86 29 26 81 4 94 25 76 64 32 10 55 27 62 19 21 93 95 54 41 8 71 0 38 50 87 82 65 53 30 6 60 68 35 24 44 1 72 31 89 12 42 73 45 23 63 40 9 37 43 61 90 92
10 25 69 2 79 35 26 74 60 34 94 32 11 56 3 63 47 36 61 13 43 27 0 77 55 19 73 66 92 68 71 16 53 46 22 70 87 89 50 88 64 52 39 51 12 18 41 29 84 78 5 54 7 40 31 83 91 95 17 23 65 82 20 8 85 72 9 33 4 21 75 14 93 48 42 15 81 1 76 6 59 24 44 57 67 90 28 80 58 49 45 62 86 38 37 30
0 30 79 92 90 10 14 53 44 16 37 89 13 9 75 12 83 39 52 1 58 87 29 25 11 74 6 50 35 93 55 66 73 28 72 67 20 64 19 70 24 7 46 65 17 47 94 42 80 59 45 71 32 3 69 40 36 77 51 2 76 21 68 23 61 54 48 86 60 43 33 56 15 78 27 49 22 18 84 8 81 88 63 82 62 85 38 91 57 41 31 26 5 4 34 95
64 21 57 1 56 37 14 89 82 26 74 34 80 60 24 48 70 77 10 47 68 73 4 88 23 94 91 6 31 53 86 39 33 65 61 19 81 51 67 83 72 71 46 8 41 2 45 95 17 22 66 18 27 78 9 13 11 63 3 12 32 75 44 36 49 42 59 16 76 52 92 58 7 43 85 5 20 87 15 28 40 69 29 50 38 84 93 62 90 54 35 30 79 55 0 25
31 86 70 59 60 5 0 3 24 92 69 88 45 90 33 83 73 37 38 46 56 54 21 72 82 16 65 64 78 34 61 77 50 41 80 53 29 81 7 17 66 62 27 93 19 95 28 84 14 49 89 9 15 25 18 11 51 91 58 35 32 75 20 22 43 36 71 76 12 68 42 85 94 48 52 44 26 10 13 8 4 74 40 2 63 6 87 57 23 79 1 47 67 55 30 39
50 46 17 28 62 54 2 7 29 55 45 41 86 6 30 0 59 5 68 25 58 93 88 44 35 80 94 65 81 84 37 3 87 71 15 19 70 10 22 8 18 92 67 89 53 69 63 20 42 40 91 82 16 27 21 9 60 26 24 31 66 13 11 52 57 14 38 33 23 85 73 56 1 79 4 51 48 83 61 34 95 72 64 78 39 77 90 12 32 76 47 43 49 75 74 36
91 4 59 78 70 21 33 72 10 48 58 34 30 37 29 16 44 38 32 86 8 20 95 66 73 79 93 36 90 25 63 57 94 45 67 84 54 61 40 27 11 89 75 56 22 41 64 43 68 85 18 88 17 83 5 87 81 35 14 28 92 62 74 42 76 3 31 52 47 77 82 0 19 53 7 6 23 15 26 39 60 49 80 71 24 51 12 69 50 9 2 1 65 13 46 55
46 93 34 90 43 7 76 19 28 51 54 29 66 72 10 4 59 12 18 14 30 52 2 38 13 16 25 1 27 20 55 26 68 92 84 75 15 62 22 39 41 57 36 95 48 67 47 83 35 8 49 23 42 24 64 45 11 69 87 63 53 74 88 61 9 32 44 56 21 89 58 5 3 50 80 71 81 31 40 60 77 86 17 78 70 94 91 6 79 65 0 73 37 33 85 82
70 80 4 71 49 95 43 81 90 67 34 50 78 45 85 23 66 93 52 94 42 41 29 60 7 33 30 75 61 18 92 22 62 88 15 37 44 51 32 19 8 56 31 87 77 76 68 63 47 3 54 65 79 21 86 82 14 58 39 48 1 2 83 16 11 73 9 20 28 69 55 40 84 91 12 46 72 27 38 59 5 64 0 25 35 24 74 17 53 13 36 89 10 57 6 26
37 3 83 62 4 92 35 59 17 15 14 81 29 65 74 24 7 79 47 75 32 68 6 26 89 31 2 66 43 87 40 84 0 93 28 33 76 60 12 9 78 86 25 30 8 56 1 48 49 77 63 58 69 39 23 50 67 57 55 20 34 72 53 54 13 38 42 27 18 22 80 46 21 61 41 36 44 71 64 45 51 52 5 10 95 85 90 91 11 16 70 94 88 82 73 19
36 62 6 95 15 2 79 69 24 72 86 13 10 28 76 48 59 39 64 75 43 41 16 45 85 89 93 37 84 11 50 94 56 3 29 60 66 63 82 74 4 9 44 83 67 8 77 17 51 5 23 91 52 27 1 38 65 58 30 71 12 88 42 68 53 80 49 20 25 54 14 0 35 87 78 18 81 34 26 40 47 32 61 19 70 7 90 33 22 55 46 92 31 73 57 21
48 35 88 65 8 63 4 24 39 26 5 36 91 40 66 12 3 87 7 25 14 32 75 54 82 2 85 37 77 68 41 44 31 13 21 50 56 73 46 74 43 57 18 20 76 89 10 49 90 59 19 22 84 60 33 42 79 62 71 70 64 1 94 67 83 78 86 15 93 80 45 28 34 17 16 51 9 81 72 55 0 23 61 47 92 58 30 27 29 95 52 6 11 69 38 53
16 34 48 8 20 89 42 93 91 38 40 82 7 88 51 61 79 10 74 23 36 80 55 41 15 63 33 53 94 37 72 1 31 66 30 4 68 58 92 71 22 27 87 65 25 64 90 76 70 69 50 81 18 46 78 43 3 67 6 2 32 85 95 11 21 17 26 56 29 49 19 54 0 9 62 47 39 57 44 28 45 12 13 73 5 35 86 60 75 14 84 52 83 24 77 59
74 13 26 67 25 79 8 12 92 70 69 71 27 30 36 77 17 22 64 93 46 24 61 73 66 38 84 68 3 42 14 18 81 1 47 59 51 58 23 80 82 41 4 45 75 56 39 87 50 48 44 78 90 33 7 10 19 91 21 6 83 62 40 0 57 76 5 15 32 29 49 16 89 88 9 95 37 94 60 35 28 86 54 34 85 53 55 31 65 43 2 72 20 52 11 63
45 13 95 49 2 35 32 25 6 46 69 38 60 19 65 82 26 81 56 78 16 41 86 21 90 58 61 76 23 77 1 12 20 91 40 79 54 68 42 48 0 85 15 28 36 67 52 18 53 92 59 62 55 7 75 8 30 43 34 39 17 66 27 24 29 87 88 72 31 89 63 10 14 84 47 9 44 33 94 50 73 93 57 3 51 83 64 70 22 74 5 11 4 37 71 80
48 11 26 34 92 87 1 6 17 23 53 32 57 27 15 51 22 60 13 9 36 39 49 55 79 68 25 86 41 90 45 5 81 56 38 8 76 43 19 70 47 31 54 80 74 78 66 16 10 29 30 65 59 28 69 37 94 35 64 83 20 12 4 82 62 42 63 18 58 93 75 77 44 89 50 40 24 2 88 84 0 3 72 52 95 7 61 85 67 33 71 14 21 46 91 73
12 39 35 59 29 41 93 33 84 25 95 73 20 90 63 56 34 30 16 46 76 67 64 72 32 11 82 13 58 38 52 91 17 94 88 62 71 9 45 7 14 48 3 8 22 31 83 81 26 80 36 27 60 75 42 77 49 87 69 66 78 28 89 40 21 51 70 86 6 47 37 74 55 19 85 1 18 53 5 15 4 23 24 43 92 2 54 0 79 68 57 65 61 50 10 44
2 41 76 20 38 32 30 43 6 34 49 53 85 77 64 12 42 72 74 81 65 88 67 84 27 10 40 25 35 37 80 33 83 26 90 75 1 0 58 57 59 95 18 71 68 51 48 23 93 4 21 39 7 56 29 87 69 79 55 94 47 11 66 60 91 8 73 52 89 14 82 5 13 62 63 45 28 31 15 16 19 22 9 54 78 36 86 3 44 92 50 17 61 24 46 70
15 86 55 82 73 81 87 79 16 6 44 71 37 21 7 26 65 58 64 14 49 35 56 4 20 2 22 27 10 74 45 43 52 36 62 92 80 29 75 47 42 38 3 72 50 51 23 77 24 25 76 59 93 66 84 5 33 17 70 78 34 12 9 94 69 28 1 13 95 30 67 85 90 91 0 63 19 8 53 31 11 32 48 60 57 68 40 89 18 41 46 39 54 88 61 83
86 76 48 16 78 59 80 33 72 71 81 57 51 61 82 95 12 62 35 84 49 90 68 34 30 21 14 94 70 65 41 45 36 29 91 31 1 0 5 17 64 27 32 3 83 44 22 8 43 18 23 26 55 53 15 24 47 93 46 60 7 58 4 77 38 19 6 88 42 85 54 92 52 66 13 89 40 10 63 75 11 69 73 67 56 37 39 74 2 9 50 28 79 25 87 20
5 6 95 41 37 75 9 76 47 66 83 22 54 84 26 87 82 32 94 25 40 43 61 48 45 57 69 12 42 92 85 73 86 10 17 63 68 55 44 3 49 11 70 2 79 74 58 90 33 64 52 15 50 18 0 60 7 78 14 30 91 24 93 31 80 36 1 51 59 13 35 88 72 81 23 16 67 28 34 4 77 89 19 8 38 71 20 53 39 29 56 21 65 27 62 46
78 43 37 15 54 25 19 61 79 46 27 29 59 42 10 83 3 74 41 89 87 31 81 5 80 6 24 53 77 13 44 60 52 23 94 93 91 73 51 11 70 62 34 18 90 65 14 30 48 85 88 17 12 45 32 56 57 64 47 71 86 9 84 68 21 58 92 49 0 76 7 55 67 40 20 38 28 35 72 16 75 8 95 33 63 39 2 69 4 22 50 82 36 66 1 26
69 16 82 88 37 30 89 38 4 44 80 81 26 17 72 20 14 36 10 64 92 63 15 23 28 67 58 76 35 32 93 87 46 90 31 55 47 51 62 53 13 59 71 61 7 2 85 84 11 3 60 70 5 74 57 39 19 42 52 86 18 78 0 1 49 40 43 95 94 50 27 34 56 48 66 75 29 6 68 24 12 9 54 45 73 41 65 25 33 83 8 77 21 22 91 79
94 86 91 92 1 19 87 81 73 21 72 90 42 0 20 27 44 55 84 95 68 52 70 58 37 18 59 30 9 77 7 78 85 4 6 14 8 51 17 28 65 54 83 31 29 62 26 38 35 74 13 67 80 32 53 88 64 16 66 15 10 23 36 39 3 60 12 33 41 50 57 61 46 63 71 76 48 34 89 40 5 93 82 49 25 56 79 43 11 22 45 24 75 47 69 2
11 91 51 79 70 17 50 86 18 37 53 26 63 90 62 3 44 75 71 64 36 4 8 85 84 14 78 93 42 66 92 56 48 31 57 30 34 12 40 35 61 9 87 82 19 89 20 38 2 95 5 46 15 7 65 13 76 45 16 59 23 81 21 80 55 39 6 68 77 52 32 67 10 24 94 72 49 25 58 83 28 1 88 0 41 22 69 54 33 47 27 60 73 29 43 74
87 0 19 14 77 58 27 8 92 85 61 63 31 22 23 11 29 89 43 34 74 53 54 3 69 88 32 56 30 84 80 24 72 59 37 52 44 42 49 46 45 39 66 91 90 82 67 60 1 73 71 12 68 86 55 93 20 62 16 25 6 65 83 17 33 35 9 76 79 40 15 81 36 51 5 57 18 50 21 75 64 28 2 95 4 41 70 47 38 13 10 48 7 26 94 78
24 61 63 33 42 40 86 2 70 88 74 56 10 45 81 15 50 68 1 20 67 34 41 39 95 0 49 25 38 19 29 46 72 69 16 27 83 76 17 32 54 35 11 43 4 9 73 7 55 51 47 6 44 37 64 14 13 26 28 77 53 89 75 31 5 66 84 60 82 79 90 3 23 52 78 48 8 58 65 57 36 71 80 18 92 59 87 22 21 30 94 12 85 62 91 93
25 34 32 38 33 37 4 69 81 13 65 58 3 77 2 83 35 70 80 7 67 21 50 42 48 9 52 30 22 45 71 40 82 56 5 57 53 0 16 73 10 61 6 15 55 87 68 19 31 27 8 64 14 39 90 66 75 1 41 17 78 95 89 74 54 20 47 63 11 12 43 84 29 79 28 26 94 72 23 93 51 44 86 62 76 88 85 46 24 92 36 60 18 91 59 49
67 43 82 70 49 73 17 35 23 4 16 54 86 22 94 29 44 81 88 5 66 93 61 56 91 85 8 45 53 30 92 38 62 60 12 48 52 89 55 65 25 3 64 77 74 68 79 15 20 31 83 9 87 27 36 42 0 37 13 7 75 19 51 50 69 90 28 63 18 71 34 80 46 26 47 1 78 11 76 33 57 14 39 6 58 2 95 41 40 59 84 72 32 24 10 21
27 67 58 94 79 12 54 93 83 68 50 56 15 42 29 52 22 44 38 76 81 55 13 35 45 84 53 78 1 59 25 21 19 80 65 17 10 11 47 86 90 92 23 34 89 91 41 37 9 77 87 66 63 74 7 39 64 88 28 70 30 62 75 2 43 82 16 5 26 20 61 3 57 95 0 6 4 24 32 31 71 73 36 60 49 40 69 46 14 51 8 85 48 33 72 18
29 30 75 44 2 79 64 25 52 78 87 72 32 14 63 46 21 8 86 43 7 16 22 81 15 50 60 11 27 55 84 49 82 19 39 26 18 83 41 85 51 89 42 40 93 13 88 62 48 36 66 10 53 54 31 70 37 68 65 28 35 56 61 92 57 73 58 24 1 95 23 20 12 34 17 59 6 77 67 91 80 69 74 94 76 3 33 47 5 38 90 0 9 4 71 45
60 10 23 42 52 74 25 40 70 76 31 90 58 61 7 27 54 30 26 50 0 73 32 1 37 92 9 57 38 20 87 80 53 3 84 93 81 68 72 59 34 94 11 89 43 71 62 77 28 36 17 66 46 22 55 16 67 85 65 15 75 79 56 63 48 13 86 8 29 45 64 69 83 4 39 35 2 88 47 5 41 21 91 12 24 19 18 14 6 82 44 33 49 51 95 78
61 50 93 24 12 94 80 56 59 5 28 1 39 26 66 67 44 8 23 78 74 46 31 32 41 11 13 83 95 4 57 86 43 17 7 70 45 22 18 79 58 62 82 81 64 87 25 14 21 55 36 42 16 2 77 49 40 29 69 90 9 27 52 92 34 6 20 47 37 53 75 19 85 51 10 3 0 63 84 73 72 33 38 54 88 48 71 91 30 68 65 89 60 35 76 15
73 94 41 46 65 17 34 22 57 95 3 61 21 45 13 40 33 7 85 79 36 23 67 31 62 80 8 11 16 70 64 38 18 48 84 89 43 20 12 10 50 88 24 15 9 76 58 52 78 55 77 26 83 39 93 19 14 91 42 47 54 63 35 28 60 81 66 27 69 82 37 2 44 74 68 75 6 5 72 0 90 29 49 86 56 87 30 1 32 53 25 4 51 71 92 59
82 30 18 81 16 27 8 21 92 45 75 40 58 20 89 63 1 70 0 41 48 38 80 36 32 64 62 73 59 76 23 6 33 66 15 11 53 13 86 88 47 31 57 52 46 42 10 65 60 4 83 3 17 51 68 7 35 12 37 61 9 39 67 56 26 28 25 77 74 34 24 69 71 54 29 95 94 84 14 87 93 78 2 49 5 72 91 22 85 44 90 19 55 43 79 50
24 51 19 40 22 76 70 9 3 30 41 43 54 39 86 57 13 60 8 21 10 6 32 36 87 84 63 14 5 49 29 42 31 35 64 11 59 81 71 69 74 91 61 82 25 2 1 45 34 4 90 17 77 55 95 12 20 89 47 85 28 72 52 88 92 83 68 44 16 62 48 53 7 56 67 75 58 66 46 79 93 33 80 18 38 23 50 65 27 78 0 37 94 26 73 15
44 51 81 49 10 78 15 25 13 83 22 29 0 87 57 1 17 59 41 35 45 36 32 14 34 74 39 67 60 9 50 43 5 77 52 30 61 90 2 23 20 91 84 71 62 8 85 54 73 47 53 58 33 80 7 55 56 95 27 72 24 82 76 93 42 86 38 18 89 6 12 21 46 28 16 37 88 31 79 48 64 94 69 40 65 63 70 19 68 11 66 3 75 92 26 4
33 58 61 81 68 72 21 77 93 88 16 66 50 20 59 7 85 74 53 69 13 46 15 92 95 64 10 9 35 55 34 89 14 42 1 44 90 67 22 76 5 83 8 38 48 32 47 52 11 62 17 60 91 24 6 57 29 31 2 79 37 75 87 80 28 23 65 0 56 73 71 51 26 63 25 70 84 54 18 30 19 78 36 27 12 82 40 43 41 94 86 39 49 45 4 3
33 29 5 93 14 19 90 74 11 16 53 25 66 62 91 59 50 92 9 61 27 26 34 28 86 72 79 37 56 15 47 22 6 35 21 41 32 31 18 12 44 81 68 2 75 95 57 94 46 10 55 70 60 71 82 4 58 67 38 83 1 0 64 73 17 20 30 65 78 3 54 69 85 63 7 52 51 84 43 23 76 42 48 13 80 77 39 87 8 45 89 24 40 49 36 88
68 53 64 28 23 32 71 0 16 51 37 65 1 69 93 54 36 4 20 25 29 26 6 10 60 7 87 72 27 74 63 82 33 41 83 8 14 58 43 48 21 40 5 18 56 22 47 35 75 94 24 59 78 85 76 31 9 73 80 57 46 42 77 44 91 49 90 45 17 79 11 19 2 15 84 34 13 39 95 30 67 50 81 3 55 92 66 52 70 12 62 38 86 61 89 88
68 15 8 29 27 70 66 42 44 61 19 37 86 51 40 67 20 91 17 93 94 9 74 77 41 76 60 92 7 87 24 12 89 14 49 33 57 3 22 64 85 82 56 73 34 81 65 1 31 18 72 5 52 39 32 46 55 36 23 30 62 53 35 21 28 50 75 4 26 63 48 58 69 25 78 47 80 6 84 38 79 90 83 0 13 95 45 2 54 16 59 10 71 43 88 11
79 89 88 70 35 30 66 80 67 31 68 37 3 48 29 65 39 53 72 24 22 43 25 60 49 86 1 44 34 20 12 63 33 93 75 17 51 18 58 61 38 36 57 92 82 71 13 78 62 0 14 50 81 15 2 76 69 54 40 45 16 5 21 87 27 6 4 56 59 94 90 47 7 19 52 55 95 23 83 11 9 28 73 85 91 84 26 74 10 46 8 41 42 77 32 64
43 58 66 48 44 92 24 55 69 95 31 49 90 26 86 28 54 22 88 9 27 73 76 46 59 16 23 4 80 41 18 62 53 61 13 35 68 57 12 39 47 94 56 1 71 21 34 84 72 60 0 42 77 51 91 64 37 36 7 25 14 67 74 33 10 50 45 6 70 5 15 30 83 82 29 63 17 20 93 52 78 8 75 65 32 19 79 85 40 3 87 89 38 2 11 81
78 69 13 79 30 28 65 90 72 26 1 12 40 63 89 70 64 29 11 55 10 23 47 59 14 15 7 53 2 19 76 38 60 8 27 22 67 21 73 31 43 5 95 56 16 66 86 3 93 58 88 81 41 32 71 48 92 94 74 20 25 61 9 24 46 39 34 18 4 85 84 54 17 36 82 0 51 57 45 33 37 35 50 91 77 42 49 75 52 87 83 68 6 80 44 62
10 47 66 30 14 88 40 78 54 1 51 20 26 41 87 35 0 79 77 95 31 11 19 2 85 83 93 39 74 76 68 45 62 48 34 43 71 69 52 72 22 13 6 5 37 49 92 12 25 91 65 16 50 28 33 89 58 53 18 38 7 86 55 29 75 64 3 56 32 84 27 73 21 80 46 57 17 63 44 67 8 23 94 24 36 60 9 81 90 82 59 4 61 42 70 15
41 28 8 62 6 40 59 38 37 24 85 23 75 55 46 18 20 58 66 45 83 30 79 10 93 87 7 47 90 50 56 9 65 35 2 19 5 26 74 63 1 54 51 29 76 80 71 78 95 21 67 81 60 92 88 34 36 12 91 4 86 14 57 89 27 64 11 84 32 0 52 48 53 42 43 68 44 70 33 61 13 22 3 15 94 17 73 69 49 77 16 82 39 25 72 31
31 27 61 4 9 33 35 68 3 76 43 13 49 86 48 15 2 88 57 16 5 72 71 94 83 23 63 41 14 30 66 11 10 17 6 95 91 55 18 54 37 25 21 80 45 78 46 62 47 12 79 53 38 40 74 44 20 34 32 90 59 29 52 28 65 82 7 60 24 1 67 8 73 77 75 22 26 84 64 81 70 69 39 58 92 36 87 85 89 50 93 56 51 42 0 19
69 62 8 74 43 26 68 82 46 94 61 57 42 9 71 34 24 25 80 21 23 15 13 1 93 86 39 70 58 2 10 64 79 50 72 51 22 12 55 38 56 48 31 84 16 18 36 65 14 19 33 63 32 76 40 77 90 49 17 87 89 60 28 67 44 83 81 5 53 35 3 45 59 41 37 52 11 95 92 20 88 0 75 73 4 91 27 29 54 30 78 47 6 85 7 66
26 51 61 35 85 95 28 31 77 32 37 1 94 8 15 88 66 13 29 7 90 14 10 0 38 30 40 2 92 87 24 16 78 53 43 58 42 86 69 12 62 39 3 59 22 19 65 5 71 55 50 9 82 89 64 75 21 70 79 57 44 76 74 83 48 81 67 93 27 49 73 68 84 56 23 17 52 91 34 72 63 6 60 33 45 46 47 18 80 11 20 25 41 4 36 54
54 0 5 23 49 17 38 80 68 37 77 14 36 16 26 95 57 40 58 75 41 94 50 15 93 67 21 47 30 13 90 12 62 53 48 85 56 84 46 82 71 79 43 73 64 92 51 65 4 9 24 88 66 31 33 1 19 44 69 34 89 10 8 59 11 32 63 86 39 25 29 91 70 55 27 6 52 76 42 20 28 60 87 72 3 61 2 35 7 22 83 18 78 81 45 74
81 78 31 21 62 1 64 42 27 88 84 46 77 6 0 65 22 39 50 41 23 60 52 14 54 33 18 74 67 82 34 44 80 24 45 10 71 55 38 5 85 59 25 95 63 79 19 93 69 36 83 2 9 26 86 15 87 68 57 90 48 8 12 29 61 4 17 30 32 13 72 51 89 73 16 56 37 35 7 47 75 92 43 3 28 58 70 40 91 76 11 94 20 49 66 53
7 17 73 34 19 33 57 25 29 62 52 46 6 32 18 40 54 93 22 64 79 49 47 37 84 83 41 39 13 91 14 92 31 86 0 45 16 68 2 11 87 20 21 89 90 26 12 74 1 9 38 55 27 58 56 28 88 75 82 5 53 69 59 30 48 71 85 77 43 15 80 60 65 94 50 70 67 24 23 4 76 61 63 36 95 44 35 51 3 42 78 8 66 81 10 72
39 32 63 14 72 48 36 4 71 10 81 24 19 80 60 22 65 55 84 89 90 37 13 3 0 88 93 44 30 18 56 38 92 76 1 95 12 85 27 25 53 57 61 42 82 74 77 49 47 34 6 78 21 69 15 26 70 33 9 7 8 5 23 40 79 73 31 59 67 83 62 2 94 46 64 11 66 28 16 50 51 58 68 45 20 52 86 17 41 29 75 43 54 91 87 35
40 5 14 62 74 39 8 91 70 71 41 28 36 6 53 82 75 45 22 94 55 63 83 81 80 11 24 54 87 21 64 68 15 20 27 95 60 88 56 84 23 50 73 2 19 13 67 17 10 47 12 16 65 76 77 59 34 93 26 42 48 4 90 79 44 52 78 61 72 7 32 33 89 25 57 1 0 46 49 29 92 43 51 38 30 58 35 66 85 37 9 69 18 86 31 3
16 75 11 6 45 23 68 40 37 80 54 9 52 47 31 10 81 60 1 58 39 43 36 3 5 30 94 7 63 17 4 57 19 83 85 55 33 21 26 82 32 50 0 53 8 67 93 76 2 35 13 72 64 12 74 73 77 87 46 88 61 14 25 15 79 28 86 69 29 22 18 34 41 90 66 91 27 44 62 49 89 84 59 20 92 38 78 95 51 48 42 56 24 65 70 71
88 75 30 38 21 87 48 18 65 36 89 57 69 3 62 34 67 46 12 24 78 55 5 13 11 31 92 74 47 94 27 72 73 2 0 42 43 86 25 91 85 16 82 22 4 66 19 56 37 77 14 35 8 23 1 40 59 63 41 90 80 76 17 83 32 51 45 60 15 28 26 33 44 93 50 9 70 58 95 49 64 54 52 29 6 7 84 81 68 20 71 10 39 79 61 53
91 53 11 78 85 10 16 18 46 5 17 80 68 54 92 55 77 82 25 69 14 31 84 19 70 35 1 24 37 71 86 39 15 6 93 2 27 89 7 32 64 62 67 33 13 76 79 28 56 63 29 95 72 49 48 60 81 75 21 59 36 44 74 88 23 41 73 94 34 43 12 40 45 66 0 83 65 87 20 38 3 61 22 8 9 26 58 51 90 50 57 47 4 52 42 30
55 35 56 18 38 0 66 60 80 87 65 14 79 31 23 62 41 22 10 83 76 43 33 64 49 53 11 6 54 15 12 2 19 42 5 32 50 86 59 20 88 45 39 81 7 34 37 61 30 24 29 3 25 47 48 93 63 71 95 77 40 89 21 69 8 57 73 58 27 90 26 44 74 85 94 9 70 72 68 52 13 17 28 46 78 1 84 16 82 51 36 4 91 75 92 67
3 70 42 1 49 94 56 66 4 14 29 25 12 95 80 24 71 19 2 72 93 86 30 8 10 32 21 53 28 67 87 92 59 44 9 91 75 47 89 15 64 79 76 45 52 7 81 69 11 23 31 43 62 35 60 50 16 37 46 65 36 22 6 90 54 55 33 34 57 0 73 48 83 77 88 41 68 39 17 84 61 40 82 63 58 74 18 5 51 85 13 26 78 20 27 38
50 46 3 80 27 0 23 28 88 79 25 71 62 56 33 10 65 54 31 85 5 61 95 87 64 86 51 34 42 68 30 47 66 70 17 22 67 45 26 77 12 92 4 91 8 94 20 52 18 75 73 44 2 7 14 16 81 58 15 21 11 74 93 13 43 49 6 9 35 24 83 36 72 19 90 63 82 84 89 60 29 57 41 76 1 38 78 48 37 69 40 53 32 55 39 59
15 44 7 25 72 94 16 90 34 48 24 29 12 36 46 65 70 75 10 32 19 58 45 86 82 6 20 88 81 56 73 55 28 0 4 33 69 9 83 87 93 84 41 60 14 67 62 35 50 92 89 59 52 76 26 54 11 57 51 5 38 64 42 27 40 74 23 71 47 17 68 43 22 30 80 79 53 39 61 37 95 21 8 91 78 77 63 18 1 49 13 85 31 66 2 3
50 2 23 86 44 26 59 13 27 52 32 31 33 55 67 80 7 24 10 18 25 39 64 40 56 75 82 94 76 47 61 89 93 60 58 29 30 69 51 43 63 12 17 84 5 54 21 28 88 46 74 53 66 38 0 4 72 35 48 81 36 85 1 87 45 42 49 9 91 3 77 92 34 14 22 8 20 6 11 70 79 78 37 95 62 19 15 71 68 65 83 73 16 57 41 90
82 43 4 10 71 50 73 57 15 5 56 70 42 38 83 88 41 52 92 22 91 11 58 84 85 3 54 39 78 14 32 79 46 20 1 93 75 29 36 0 87 28 34 35 61 44 80 64 76 23 95 72 47 19 60 94 7 59 16 65 2 9 74 86 66 49 53 81 67 21 24 6 33 55 27 37 62 8 89 68 17 90 40 26 45 69 77 48 18 25 13 63 31 30 51 12
35 80 89 3 39 32 24 63 93 64 14 29 92 60 74 90 37 78 67 45 5 72 43 17 6 34 8 84 52 95 41 47 11 66 44 48 57 23 68 28 56 15 86 75 91 2 83 94 16 7 21 10 55 31 79 50 42 22 49 1 69 73 12 27 88 38 70 18 61 81 65 62 71 9 51 46 87 33 25 20 54 58 0 85 59 4 53 77 26 40 19 36 82 30 76 13
73 10 11 80 81 40 1 86 28 39 48 95 62 13 58 57 56 60 21 44 70 5 71 87 54 53 14 84 26 37 30 22 52 74 55 29 94 64 50 25 92 31 68 16 79 65 38 0 63 32 45 15 66 76 19 93 24 8 47 78 41 23 89 77 17 88 9 85 72 4 20 43 46 36 27 69 91 61 42 12 3 35 2 83 34 67 59 51 6 18 7 82 90 75 33 49
85 74 60 77 70 23 83 78 62 46 27 19 80 50 47 35 56 13 84 57 76 36 69 59 92 53 75 30 45 24 63 12 51 43 72 86 6 0 5 73 16 2 8 87 44 79 32 29 34 14 18 42 89 65 39 91 22 48 3 93 71 90 10 37 68 7 33 15 66 58 54 88 49 26 82 81 25 55 61 95 94 9 67 11 40 17 31 21 64 41 1 38 4 52 20 28
73 12 88 66 23 83 56 14 59 21 54 8 91 20 55 18 62 69 86 65 16 0 84 75 48 10 78 47 74 76 39 36 42 71 6 85 38 95 27 15 77 63 89 9 92 81 11 32 87 17 13 3 37 79 5 40 94 51 64 30 2 28 33 25 58 7 44 80 34 72 29 60 22 68 41 57 19 43 1 67 24 52 61 53 45 49 90 35 93 4 31 50 46 82 26 70
1 33 0 69 18 53 38 3 4 8 67 28 20 26 24 41 39 85 51 82 9 5 72 35 77 44 79 19 75 10 88 43 52 56 80 37 73 90 7 21 11 49 89 2 65 93 78 61 57 22 58 68 66 40 86 91 29 54 64 27 83 94 14 81 59 92 50 45 34 74 12 70 71 25 48 76 16 32 36 55 30 95 62 47 42 17 23 15 63 46 6 87 31 84 13 60
22 18 36 13 63 34 20 25 70 77 88 8 74 78 69 73 68 10 53 32 65 66 23 58 40 95 41 48 19 86 47 75 87 35 62 92 90 3 84 72 81 54 7 43 15 49 89 55 71 24 57 80 14 4 37 26 85 12 61 31 6 1 39 50 76 17 33 60 67 45 51 44 16 79 9 93 46 2 29 0 28 52 91 5 42 11 82 27 30 56 21 83 38 94 64 59
5 1 13 20 6 65 87 61 11 85 69 26 52 29 12 89 53 90 38 67 43 50 39 81 28 66 79 78 62 10 9 86 34 15 68 2 30 57 32 76 95 75 47 17 88 18 31 82 58 36 40 14 42 45 4 59 8 25 55 46 24 33 3 73 51 70 94 48 83 91 19 93 27 60 56 23 37 21 74 35 72 77 7 22 16 64 63 44 54 41 92 80 0 84 71 49
46 89 56 83 51 80 12 3 57 33 94 69 29 90 82 53 95 19 58 88 84 9 0 77 28 40 31 75 8 71 11 1 55 61 43 92 93 2 26 63 13 15 47 30 78 79 74 27 87 81 32 85 17 24 44 68 37 18 60 70 35 50 6 86 38 59 42 52 49 14 34 72 66 45 54 76 67 64 21 62 73 10 16 7 25 36 22 20 23 65 5 91 4 41 48 39
76 10 80 66 68 57 67 3 40 42 89 23 12 32 17 82 83 71 5 65 61 56 7 4 43 25 19 70 30 11 36 38 29 64 21 85 81 16 58 20 87 59 79 73 51 86 33 47 90 78 45 93 95 27 8 6 41 94 53 1 55 48 0 63 69 52 14 28 13 15 46 26 9 91 54 60 92 62 24 72 77 84 34 22 44 18 31 50 39 35 2 74 88 49 75 37
37 89 95 31 38 5 93 26 46 17 70 80 56 82 85 66 50 28 91 53 4 57 27 12 22 11 19 21 81 86 68 48 76 1 61 75 71 52 77 94 24 87 65 62 63 44 10 90 47 42 23 73 72 59 45 83 6 0 30 60 49 33 43 78 51 29 58 9 74 25 34 32 35 79 36 15 92 69 88 3 54 20 18 41 14 39 2 13 8 84 67 64 55 7 16 40
40 53 38 66 78 88 93 69 45 74 27 84 70 42 90 82 21 85 52 29 94 2 31 8 86 58 22 79 67 44 91 81 59 46 48 80 23 95 11 62 17 30 63 6 41 89 1 9 5 71 57 72 73 26 13 76 3 28 7 83 19 18 61 49 25 65 32 0 16 33 39 43 51 34 35 4 75 64 56 55 36 20 37 10 15 87 60 68 54 50 14 77 12 47 92 24
75 47 70 78 33 8 79 66 16 4 35 65 48 73 69 0 58 13 91 90 2 45 52 46 37 20 56 24 60 39 28 44 51 63 57 34 3 23 5 88 74 85 11 27 55 80 72 26 31 30 1 43 12 95 62 59 77 86 19 93 61 53 54 89 25 49 84 82 41 38 87 94 36 17 22 9 64 42 76 92 32 81 67 6 7 71 10 29 68 21 40 18 83 14 50 15
67 21 5 15 33 55 71 82 75 45 79 13 94 7 73 95 20 56 37 51 50 92 69 4 90 74 42 68 35 31 49 27 76 28 23 36 40 57 72 91 54 10 78 88 80 89 52 8 60 38 41 0 63 53 61 62 3 84 77 58 30 25 9 6 93 14 64 65 24 29 26 87 19 85 17 44 48 12 83 2 11 39 81 34 43 1 16 86 66 46 18 32 22 47 70 59
82 28 12 34 29 81 1 17 62 20 21 26 15 39 46 91 23 72 37 90 94 2 43 7 33 6 5 92 45 93 4 16 48 3 50 24 73 54 59 53 68 8 22 0 60 61 13 40 78 79 87 88 36 66 14 65 89 77 25 18 56 10 44 84 47 75 57 49 64 55 11 32 85 30 70 95 51 69 71 35 27 86 83 74 19 42 9 31 63 80 58 41 76 38 67 52
17 86 70 93 14 65 88 9 90 41 25 46 75 49 66 51 42 62 39 44 68 32 80 31 72 74 52 79 26 36 19 76 87 57 11 34 45 92 48 77 5 13 69 63 33 95 67 7 82 38 15 22 18 56 78 64 85 8 27 59 55 28 40 58 0 6 71 89 23 73 94 35 21 2 10 60 4 81 12 47 53 1 83 43 91 20 37 50 16 3 30 29 61 84 54 24
17 52 76 85 70 36 12 53 88 10 66 8 86 33 84 89 58 2 54 61 45 48 73 3 5 11 63 87 42 15 90 72 95 30 21 65 32 77 62 74 57 7 29 14 80 27 1 46 22 37 0 82 67 34 39 78 59 19 81 92 16 28 60 83 69 13 35 44 49 55 91 23 93 43 51 64 79 75 25 71 26 9 40 68 94 41 56 47 18 38 6 24 50 31 20 4
52 75 22 53 60 28 82 89 56 73 65 87 76 91 80 11 59 27 86 85 64 74 7 61 14 55 21 20 1 62 78 36 38 31 42 17 58 32 57 66 35 5 8 54 9 68 90 15 95 41 77 50 25 81 93 37 43 26 71 3 40 45 2 79 0 67 30 6 13 94 23 4 33 12 24 44 39 69 19 63 72 49 18 51 46 16 70 84 29 10 83 88 48 92 47 34
34 37 44 82 56 6 49 43 61 35 33 18 75 94 73 71 26 2 68 50 7 54 92 47 81 28 5 30 51 29 80 91 90 3 17 23 42 25 12 74 31 63 87 15 9 53 64 39 45 93 16 62 76 88 10 46 14 19 77 41 36 20 65 8 83 32 95 27 85 13 22 66 70 60 57 24 72 38 1 11 79 86 52 4 69 58 55 78 67 40 0 21 84 59 48 89
0 49 4 1 72 67 34 85 81 69 70 19 28 52 88 22 71 51 26 91 79 39 15 57 21 86 89 44 50 42 74 73 40 55 90 6 68 14 76 29 78 38 2 7 53 18 46 8 33 60 92 54 87 48 37 84 24 43 61 3 66 35 82 10 59 62 58 25 11 41 12 13 77 80 32 56 5 75 23 95 94 30 20 45 36 65 17 83 9 63 31 93 64 27 47 16
90 33 3 75 66 0 87 16 42 92 93 59 8 51 40 65 10 6 64 56 36 47 95 89 30 35 84 14 32 17 70 63 39 22 37 54 31 62 34 52 21 13 4 19 81 28 68 82 69 26 61 44 41 9 38 55 74 72 18 29 7 71 5 23 79 50 45 2 46 76 43 78 73 20 24 86 12 1 91 15 48 27 53 11 85 88 49 58 80 94 77 83 60 25 57 67
79 38 4 49 45 61 20 95 51 78 11 34 0 44 28 69 54 37 80 74 87 15 57 67 81 31 42 73 62 72 3 18 19 7 36 35 90 1 32 50 65 76 46 43 88 12 66 70 2 75 53 30 8 92 6 84 14 83 94 91 33 77 22 89 29 17 13 26 5 60 82 56 63 16 52 47 41 23 48 59 55 86 68 93 58 71 25 24 39 64 40 21 27 9 10 85
62 47 15 33 95 10 2 66 13 65 18 81 52 55 79 72 16 1 32 21 77 56 93 9 82 71 58 34 94 90 29 20 92 76 60 42 41 59 83 23 5 3 7 24 70 57 39 74 46 91 84 43 8 73 19 31 51 68 22 50 14 61 44 88 87 75 11 0 4 26 64 80 86 38 25 27 35 40 17 63 45 69 78 54 36 6 28 30 49 85 89 48 53 12 67 37
11 6 38 56 7 27 4 86 19 49 21 65 69 73 71 67 30 75 63 76 95 51 31 60 42 10 18 94 9 16 26 80 74 81 48 33 50 0 39 8 3 54 91 17 64 32 72 84 83 87 43 35 61 41 44 46 12 77 90 59 78 5 68 28 25 62 82 89 15 85 92 13 53 24 93 29 20 79 22 45 37 40 70 88 14 58 1 47 34 66 23 36 2 57 55 52
2 42 53 72 14 66 8 89 73 6 63 83 17 57 71 87 95 47 28 91 29 18 27 34 55 24 3 20 90 84 16 45 81 0 33 5 88 82 56 54 52 69 61 86 85 74 77 36 94 93 51 22 46 23 58 35 12 1 60 78 68 25 62 40 10 67 39 21 32 50 26 37 31 49 79 44 80 15 48 75 70 76 4 64 13 59 19 9 65 30 38 41 7 92 11 43
17 34 0 79 76 30 54 44 93 58 46 71 4 2 69 13 59 12 32 80 29 23 91 14 11 90 52 35 86 92 87 33 16 22 68 47 27 88 42 77 9 55 41 57 5 26 65 81 19 18 72 83 66 89 48 51 75 15 56 1 39 38 8 45 85 61 94 82 24 63 28 50 73 25 60 7 95 62 43 10 21 31 20 3 49 84 40 36 67 74 53 78 64 6 70 37
66 42 54 86 26 59 94 20 38 53 9 6 22 50 25 76 95 44 89 64 87 60 81 49 80 19 51 12 15 39 1 67 16 47 3 70 93 45 91 32 33 65 63 30 57 79 43 56 8 7 75 31 28 23 24 11 34 84 83 88 17 72 0 74 46 2 5 14 92 29 21 85 48 62 41 27 69 37 90 82 40 77 55 52 18 10 13 35 78 58 4 36 61 68 73 71
4 32 5 31 83 74 0 53 26 43 75 25 81 37 85 65 61 94 33 82 68 62 55 20 56 38 80 59 8 17 60 76 27 70 24 14 72 21 36 11 35 47 89 52 67 45 51 44 10 39 50 87 28 69 16 92 90 58 30 23 7 9 84 88 41 6 63 79 12 78 64 29 2 46 57 91 34 73 40 15 48 49 19 54 42 77 66 1 93 86 13 95 71 22 3 18
12 62 80 63 14 51 81 86 82 92 11 8 16 72 34 47 54 27 75 15 23 3 67 25 37 93 26 45 5 91 20 71 17 59 32 83 55 13 44 88 31 66 95 53 85 38 9 4 90 76 58 10 68 40 6 18 35 73 52 48 61 28 39 94 33 36 79 24 89 29 43 50 74 49 69 2 84 87 41 56 65 7 57 21 60 78 19 22 77 70 30 42 1 46 0 64
17 42 46 22 51 82 40 91 50 70 88 81 13 33 66 53 20 92 83 58 77 9 63 71 23 94 64 1 85 38 60 52 62 72 56 90 27 6 61 11 7 47 3 87 31 30 32 59 57 89 15 67 18 95 73 39 14 5 49 79 36 65 4 74 54 10 41 0 93 12 69 78 68 19 45 48 28 25 29 26 35 37 86 75 55 44 24 84 8 76 21 43 80 16 34 2
2 44 80 0 37 90 56 33 8 23 43 47 81 54 70 93 5 86 60 11 9 51 87 18 45 19 21 67 75 34 30 66 31 78 6 82 63 46 76 48 89 17 83 24 29 28 85 64 61 68 57 95 12 27 72 58 10 69 74 1 3 55 94 73 20 88 32 4 65 52 84 71 22 38 41 40 26 53 13 62 35 91 15 92 77 7 36 42 14 25 79 39 50 16 49 59
53 42 73 72 3 13 38 70 26 68 21 79 61 62 17 44 66 36 1 47 27 94 8 84 55 80 9 43 69 40 60 4 33 49 59 48 86 65 76 74 15 82 11 41 29 0 2 71 52 34 5 39 81 64 32 19 37 16 18 31 92 14 12 22 89 93 87 90 6 77 25 7 95 78 20 24 63 23 51 57 67 58 85 45 56 28 83 35 46 10 50 88 54 75 91 30
13 37 6 69 22 53 77 34 67 66 48 52 46 3 5 83 81 12 82 29 87 41 58 44 35 60 33 28 84 43 86 68 89 94 31 26 19 59 49 39 47 51 45 16 15 71 4 18 11 91 74 30 72 79 7 23 17 8 40 20 56 88 25 85 50 24 93 61 62 0 76 27 36 70 63 75 57 42 65 95 10 21 9 55 64 54 32 2 80 1 38 14 90 92 78 73
9 40 66 95 84 75 33 12 80 26 41 6 44 79 86 42 63 65 62 89 5 36 31 68 77 17 73 30 78 1 22 92 45 46 93 28 39 76 27 51 69 67 53 57 24 18 21 72 83 32 81 49 94 20 70 15 29 13 34 23 25 74 35 59 54 4 2 55 50 58 87 48 0 3 43 90 61 91 60 82 85 88 38 7 16 10 19 71 11 52 47 56 8 64 37 14
6 87 78 4 21 14 18 35 19 1 90 32 11 31 37 49 39 16 25 15 20 66 24 70 34 63 41 93 13 72 62 64 69 71 84 53 75 8 79 83 92 65 38 48 82 29 95 10 17 50 86 94 77 0 23 30 57 52 44 59 42 89 58 56 36 47 40 85 91 7 26 67 12 74 76 61 2 43 46 33 60 5 55 88 73 54 45 9 28 3 80 27 22 51 68 81
15 31 62 4 65 47 74 20 66 78 23 58 64 68 26 95 88 59 28 76 69 80 32 77 82 73 43 49 25 51 12 24 22 27 86 36 89 63 6 42 85 30 33 17 67 94 41 83 56 1 29 72 16 45 2 81 70 54 9 35 53 37 48 84 38 19 93 46 52 11 3 21 39 79 8 34 50 13 40 57 14 5 7 91 60 75 61 87 92 44 55 90 10 71 18 0
93 45 1 5 89 20 46 79 74 81 60 76 0 71 85 57 23 70 83 19 39 90 84 29 42 56 65 24 91 73 2 22 9 72 14 48 30 44 69 62 80 7 11 54 86 16 3 64 88 50 67 6 75 17 41 12 47 32 38 92 87 53 13 21 37 31 34 58 10 28 82 59 43 77 49 51 55 26 33 95 68 35 94 52 78 63 4 36 15 27 40 66 8 25 18 61
69 77 57 59 76 7 14 51 43 88 46 87 44 6 82 90 83 61 95 72 64 12 91 63 21 13 52 23 66 53 4 37 74 47 80 68 42 24 56 32 40 58 35 67 39 34 2 55 0 86 11 1 9 28 22 8 33 92 93 31 29 30 20 62 60 17 15 26 73 18 27 48 25 71 70 84 38 5 81 19 49 85 54 16 89 78 79 75 50 41 10 94 45 36 3 65
35 55 12 69 7 15 21 9 8 88 41 81 11 70 63 53 38 71 87 6 91 64 85 65 74 73 13 76 78 62 57 58 25 5 47 67 72 0 82 61 77 59 14 29 46 49 54 24 68 90 75 40 34 18 1 3 94 37 80 28 45 32 10 50 52 66 33 95 56 42 36 16 60 22 17 89 4 48 92 27 2 43 51 86 84 83 93 19 26 39 44 23 20 30 31 79
58 25 56 53 8 80 21 65 42 44 81 26 94 91 89 20 72 3 46 57 63 59 60 78 41 52 70 68 16 33 43 84 28 79 75 11 45 14 27 0 64 82 69 38 34 13 48 10 85 15 31 9 90 93 6 55 7 54 24 36 12 67 61 37 76 50 66 83 95 87 32 2 22 4 51 1 74 29 47 73 88 92 17 62 86 5 39 18 77 40 35 19 23 30 71 49
1 47 18 4 0 74 90 33 5 25 55 16 17 41 3 54 7 35 65 87 26 40 34 46 29 24 14 72 58 69 85 88 81 86 67 11 76 79 48 22 28 45 56 6 83 2 59 63 95 31 50 62 60 13 89 8 52 92 75 32 71 43 12 84 94 19 57 61 82 42 53 9 70 73 44 39 66 77 37 10 64 20 30 15 49 91 21 38 23 36 93 78 68 27 51 80
50 18 15 88 38 33 31 74 27 41 47 24 42 90 72 82 40 23 87 89 51 49 44 9 12 55 92 58 6 37 13 67 46 17 64 94 91 63 30 62 66 21 59 79 80 78 8 71 83 14 2 26 61 84 93 35 22 65 73 39 7 43 53 77 36 70 0 54 68 56 32 20 4 81 5 16 76 69 86 48 45 57 1 11 28 60 19 52 29 85 34 3 25 75 95 10
14 24 30 93 39 12 84 60 35 59 2 6 33 61 55 91 57 41 50 17 85 16 64 18 45 29 36 95 4 38 40 75 80 23 21 7 58 8 49 63 78 9 92 52 42 79 53 13 1 56 66 32 65 46 90 3 87 77 37 44 5 43 11 15 34 22 20 88 82 89 25 0 10 27 72 62 81 51 86 68 54 26 74 28 70 73 47 76 69 83 48 67 31 19 71 94
29 9 88 45 56 21 64 14 19 28 92 54 63 32 85 12 47 57 93 81 22 39 11 36 58 52 8 67 84 6 25 79 18 60 55 23 90 42 53 91 65 72 44 50 82 7 17 16 66 27 51 41 48 71 77 13 35 46 78 3 10 31 24 87 59 0 34 62 30 2 86 74 49 83 69 33 76 43 68 94 5 40 4 37 26 1 89 75 70 80 61 20 38 15 73 95
42 17 60 82 84 57 33 83 78 54 94 21 69 29 31 35 95 27 8 63 91 26 48 87 2 45 39 76 81 40 89 55 65 3 37 72 53 73 56 67 30 64 51 38 46 75 15 41 85 7 61 6 16 22 11 88 50 58 74 49 93 47 86 66 25 52 92 24 71 23 90 36 12 28 0 79 4 62 19 10 68 1 80 13 34 32 18 43 70 5 14 59 77 20 44 9
72 62 88 95 9 73 35 75 6 7 50 64 86 36 84 87 23 57 67 12 94 61 2 1 47 70 0 39 69 46 93 91 43 79 21 52 31 18 37 44 28 38 56 42 92 49 53 45 30 54 80 40 22 27 33 15 14 4 51 59 16 19 25 17 65 77 3 13 10 85 24 55 68 76 58 11 63 34 26 71 29 60 89 78 8 48 82 5 74 83 41 81 90 32 66 20
7 5 45 63 48 61 73 9 19 51 64 23 52 93 79 94 54 70 37 28 91 83 42 10 20 40 4 76 22 3 31 65 62 86 41 18 67 80 90 39 84 71 34 35 30 49 89 36 59 72 87 75 55 60 53 2 68 16 32 8 0 46 44 66 95 12 78 21 50 29 33 26 14 58 25 81 15 69 24 6 47 74 92 77 13 38 57 56 17 27 43 1 82 88 85 11
80 63 41 30 29 84 44 18 26 66 61 23 90 82 94 20 89 42 28 12 76 5 72 1 32 38 27 58 22 91 51 50 55 45 39 78 24 48 2 56 40 17 92 68 69 95 53 65 88 79 86 73 54 37 59 25 7 8 87 74 34 11 93 21 57 62 6 35 83 67 19 81 70 15 71 4 52 36 31 75 47 60 33 13 77 85 46 14 16 3 64 9 49 10 0 43
39 42 86 3 6 58 35 16 18 54 76 92 57 46 44 66 70 64 72 45 5 11 51 30 81 78 80 9 24 89 15 33 28 17 7 63 38 43 87 12 93 85 75 22 32 1 27 48 34 67 82 71 2 61 26 73 56 88 47 55 41 29 19 91 79 90 20 94 95 31 25 37 40 49 4 60 53 0 62 59 68 10 83 52 65 21 69 36 13 77 23 84 50 8 74 14
7 60 12 73 56 68 31 88 29 11 49 14 9 2 50 35 57 1 16 19 21 30 94 38 82 65 45 84 63 24 71 48 17 79 58 8 55 83 44 69 46 52 89 43 80 92 32 91 70 26 18 95 5 90 40 66 53 42 39 74 20 37 86 54 10 67 33 85 6 15 36 62 13 87 75 25 0 3 93 77 22 78 72 81 28 76 27 64 51 4 59 23 34 61 47 41
37 48 49 76 81 16 77 19 80 60 79 69 65 8 74 87 50 83 90 25 86 56 34 15 95 17 84 30 31 40 18 46 82 61 23 14 94 26 52 13 75 20 44 0 7 62 64 59 10 85 45 27 11 91 63 53 36 3 1 12 72 5 22 39 29 2 9 57 67 92 70 89 35 42 55 68 38 51 93 43 78 88 32 41 21 71 24 28 33 4 54 58 47 66 73 6
78 27 34 93 42 86 40 29 60 70 7 10 54 67 4 77 5 6 20 75 47 61 49 3 41 72 79 12 83 23 28 55 17 8 43 37 56 31 90 50 46 74 44 11 22 52 66 59 94 15 95 57 16 63 14 32 81 35 33 0 2 48 62 24 39 64 30 80 1 85 82 69 19 36 76 87 26 88 89 65 21 13 51 91 25 18 92 9 58 45 38 53 73 84 71 68
93 37 72 23 77 1 16 2 68 33 66 74 26 41 89 30 14 78 87 57 20 55 15 86 0 8 3 6 73 12 9 48 84 61 45 80 32 13 10 11 83 79 75 63 51 28 35 46 38 19 29 36 53 34 50 56 82 60 52 54 22 24 58 59 39 44 70 67 49 88 91 92 18 42 7 71 4 27 21 64 31 95 76 5 25 47 40 85 90 69 94 43 17 62 81 65
1 31 50 93 29 89 59 20 80 0 24 40 30 35 9 86 73 87 54 57 47 12 68 8 34 42 36 5 63 11 32 18 72 60 66 78 69 62 28 10 46 83 39 14 81 82 6 45 41 13 77 4 79 56 17 88 22 26 58 3 7 43 84 49 75 65 48 90 70 92 95 55 37 19 44 74 91 76 53 51 71 61 15 52 2 33 27 25 67 38 94 21 85 23 16 64
22 62 29 36 16 79 92 67 83 47 81 1 30 41 84 40 64 42 69 34 44 77 85 56 37 57 39 75 91 74 78 7 0 35 70 46 27 80 24 89 54 86 18 58 2 60 66 59 21 28 4 72 65 55 25 73 61 50 90 76 15 26 14 63 3 12 49 31 6 93 23 51 20 5 45 11 82 43 48 8 53 71 87 52 33 9 19 88 38 32 68 17 95 10 94 13
35 56 1 9 37 39 53 4 19 20 12 88 85 28 54 46 16 51 38 31 33 8 32 73 42 86 50 90 68 48 89 40 71 18 75 0 22 91 36 29 81 3 34 55 15 61 62 43 72 57 24 11 65 45 47 87 10 60 44 74 6 67 26 30 66 41 2 80 23 52 25 7 13 14 76 69 27 82 83 92 95 94 84 78 5 17 64 79 77 93 63 58 70 49 21 59
0 64 23 47 43 92 33 54 3 39 12 13 71 26 53 63 8 88 4 79 10 24 60 70 86 55 38 65 94 5 80 9 19 40 29 21 36 35 90 18 61 1 48 6 58 17 45 95 82 75 27 77 42 41 50 68 16 76 67 93 20 85 87 52 91 31 14 66 30 2 22 69 11 81 37 74 89 59 34 51 62 44 25 7 57 83 84 46 73 56 32 28 72 15 49 78
58 5 7 14 42 10 66 12 83 61 67 50 86 34 81 92 48 84 31 23 85 25 60 53 2 8 38 24 6 68 79 82 78 87 62 27 28 63 75 33 45 74 94 19 9 72 65 35 37 93 56 17 76 11 64 89 1 52 3 16 77 70 47 20 71 22 80 55 91 73 43 36 40 49 13 21 69 4 39 95 32 57 29 59 18 41 51 0 88 46 15 44 30 26 54 90
82 8 28 48 89 67 6 78 92 56 83 39 43 53 29 4 30 45 20 3 84 55 9 73 49 91 75 42 36 72 90 58 14 31 44 68 51 50 37 57 87 24 23 52 34 11 17 64 25 70 76 12 26 13 27 47 33 93 65 77 46 1 54 41 66 59 94 7 71 16 40 21 85 62 61 86 0 79 15 95 80 81 22 32 38 63 18 10 19 2 60 74 69 5 88 35
73 62 30 1 55 36 86 72 18 65 32 37 77 42 70 48 39 29 87 63 90 69 44 7 67 16 78 84 0 64 26 79 58 3 50 9 5 53 88 82 61 11 59 75 92 33 46 14 47 68 8 95 15 2 35 74 27 52 21 24 51 49 71 28 94 57 83 54 60 85 66 81 34 76 89 56 91 25 6 41 12 22 43 38 80 19 23 4 31 20 40 93 13 17 45 10
33 48 1 75 28 37 53 32 49 38 20 93 21 77 89 59 12 92 22 83 40 90 58 3 66 87 43 78 47 24 23 6 54 82 11 29 8 44 60 50 74 84 69 88 76 42 10 13 36 73 56 94 46 9 17 85 18 34 72 31 14 91 67 45 52 70 65 68 19 79 57 71 2 55 51 25 95 35 30 0 26 15 16 62 7 5 41 27 86 81 64 80 4 39 63 61
46 57 18 52 6 62 71 16 34 23 77 1 84 87 88 75 30 67 54 55 86 33 22 26 0 36 61 78 11 47 21 3 65 43 37 44 19 79 74 68 91 89 69 56 81 35 53 63 64 40 92 20 82 45 5 4 49 12 27 85 2 93 9 72 8 15 95 28 42 14 13 39 51 41 50 38 73 76 90 60 83 94 31 58 32 7 10 17 29 48 66 59 25 24 80 70
75 27 11 55 17 44 3 68 71 29 48 61 65 22 67 82 13 89 59 92 93 20 50 66 79 69 18 49 4 45 76 54 81 78 56 41 24 30 12 42 77 23 60 84 57 52 37 34 74 38 33 15 39 73 70 0 83 8 9 26 62 2 36 80 40 31 43 87 35 14 1 19 90 5 47 58 88 85 72 46 91 21 53 86 63 28 95 32 94 16 64 25 7 10 51 6
65 60 41 5 17 10 35 30 69 36 9 29 24 81 21 80 94 59 32 43 3 63 61 0 67 25 28 16 89 82 78 31 18 87 75 11 22 15 38 4 1 88 34 95 54 13 85 14 20 19 91 33 47 83 23 48 79 50 27 2 8 76 55 72 37 93 45 42 92 77 53 71 49 56 62 12 84 86 6 51 44 39 26 74 7 68 70 52 57 90 64 66 40 58 73 46
79 32 39 72 28 26 87 14 18 53 94 95 56 63 7 1 61 24 62 90 82 77 36 13 78 40 3 2 64 15 51 86 65 75 68 6 57 76 73 71 38 35 16 30 47 88 93 10 92 49 41 19 55 34 44 66 5 60 46 42 83 20 31 59 54 4 45 50 23 70 80 85 84 43 89 22 74 69 27 58 0 48 37 81 21 52 25 8 33 12 17 9 67 91 11 29
43 38 82 17 60 12 90 66 63 11 36 89 68 88 84 52 13 85 34 6 5 23 94 1 51 20 57 70 14 65 44 58 31 81 75 93 74 73 79 53 26 62 2 77 87 3 83 4 24 15 41 37 42 46 91 56 10 64 92 39 76 69 67 0 48 40 35 59 45 50 19 22 25 18 16 95 61 7 78 9 49 29 72 71 27 54 55 86 33 21 28 47 30 32 80 8
71 2 48 81 1 51 6 7 32 12 49 14 68 41 90 61 40 21 15 86 94 17 54 20 43 25 78 45 47 87 19 42 57 52 59 92 33 95 91 8 88 65 38 56 29 69 89 66 13 58 83 26 82 28 75 50 46 76 36 34 80 4 9 10 0 60 93 64 55 77 24 30 11 53 62 67 44 70 16 23 85 63 79 35 84 37 74 18 27 39 5 72 22 31 73 3
57 28 94 76 62 68 59 73 15 19 58 42 3 74 87 54 2 49 44 79 55 36 23 71 25 64 31 20 86 22 69 95 46 93 80 48 17 92 75 51 10 8 21 26 70 14 77 78 7 66 9 35 90 37 38 18 53 1 91 6 63 41 56 83 52 32 85 24 27 84 81 47 0 45 43 50 72 61 30 40 33 67 16 34 60 89 11 65 39 5 29 12 13 88 82 4
72 35 14 62 81 51 88 52 78 0 13 36 95 4 71 12 29 46 57 64 31 55 91 76 9 23 5 93 28 43 8 86 45 32 56 67 74 41 27 90 3 69 58 87 73 49 94 34 65 6 40 85 50 39 84 80 54 24 20 16 37 79 11 70 15 47 60 2 7 59 63 68 42 22 53 48 17 38 75 30 1 82 19 89 25 83 61 77 18 66 26 10 92 33 21 44
26 19 31 17 43 74 62 38 9 76 23 60 69 72 63 56 50 55 12 16 29 28 10 5 3 34 65 35 2 48 78 15 61 73 51 89 27 88 7 82 75 0 37 4 42 91 87 1 81 90 68 32 95 67 83 33 79 41 54 14 58 80 59 94 71 93 66 47 11 53 8 25 70 40 44 45 85 36 86 77 49 52 57 20 84 24 13 30 22 46 18 92 6 21 39 64
9 22 59 47 18 48 64 93 90 29 56 82 41 3 71 58 36 63 78 88 25 39 10 34 65 31 49 53 21 84 75 16 52 50 12 33 20 76 5 62 11 35 7 86 30 4 91 81 42 92 67 69 54 79 17 24 32 89 8 28 61 55 51 46 19 66 38 37 83 60 77 1 95 45 44 40 85 80 68 2 26 15 87 74 14 43 23 57 6 13 94 27 73 70 0 72
7 76 53 66 40 65 88 62 81 90 1 16 18 3 13 73 67 25 38 86 48 12 33 71 75 10 54 52 22 36 44 29 63 17 20 92 84 37 58 51 85 60 32 87 68 23 70 43 5 91 24 15 55 47 83 72 2 82 41 34 94 77 95 80 28 46 49 9 35 21 93 31 45 69 42 64 57 74 78 14 30 4 6 11 61 0 50 26 56 19 39 8 59 27 79 89
21 15 10 12 65 53 78 88 57 22 63 19 71 68 27 67 2 51 55 52 85 30 82 17 26 74 9 41 48 73 3 36 91 43 13 75 79 87 14 39 1 93 80 24 16 77 46 49 42 28 81 31 60 69 35 61 72 38 32 59 83 7 33 34 18 89 66 5 58 20 92 45 54 0 29 4 8 56 76 62 90 84 50 11 47 64 23 86 25 94 37 44 70 40 6 95
32 39 42 63 62 70 67 50 0 28 73 77 16 46 18 58 38 68 3 81 87 84 92 23 83 8 36 25 88 65 14 79 41 20 54 29 64 53 52 11 47 21 95 45 48 61 69 89 26 91 22 6 78 12 24 5 60 19 56 80 59 86 37 1 2 94 66 93 82 85 27 7 10 30 49 17 9 76 72 13 31 71 57 51 40 44 55 90 35 34 74 4 43 15 33 75
91 49 81 66 73 48 65 62 33 89 71 46 40 20 63 28 42 32 35 52 76 39 41 83 78 54 84 53 92 29 14 60 74 95 22 34 55 24 85 26 59 90 8 94 51 10 16 57 47 18 43 1 11 13 70 87 23 25 61 79 30 0 7 80 37 27 56 77 31 50 93 44 6 21 82 3 69 64 72 68 58 4 15 45 36 12 75 19 86 2 67 88 5 9 38 17
27 60 8 63 32 10 95 90 89 4 37 40 49 73 15 31 21 66 12 17 56 70 46 41 13 24 34 19 6 74 87 9 57 38 39 72 48 2 25 92 45 59 28 51 64 67 44 47 26 52 77 5 78 20 58 14 3 75 16 86 62 50 83 35 81 0 22 76 29 65 30 43 94 61 53 36 54 93 88 11 71 55 85 69 23 33 42 7 84 1 91 79 18 80 68 82
55 76 49 85 95 67 72 57 14 6 22 92 83 2 35 8 75 40 54 1 15 50 23 31 25 21 65 39 3 42 94 28 27 81 43 58 48 41 7 89 71 10 56 82 86 34 80 38 84 59 37 32 44 70 74 33 73 46 64 60 36 63 11 61 66 62 13 26 78 20 88 51 69 9 90 4 0 87 52 45 5 47 30 68 77 18 17 19 79 53 24 29 16 91 93 12
40 73 24 56 89 28 48 25 0 80 75 58 9 19 59 41 29 87 62 76 47 54 66 67 52 53 13 46 95 11 31 4 22 82 64 17 93 10 26 35 94 72 44 36 55 71 1 14 74 77 2 86 20 57 16 43 32 65 5 81 18 84 37 60 12 83 3 70 78 45 91 30 39 15 79 27 38 6 61 42 33 90 7 50 85 23 69 8 88 68 34 49 51 63 92 21
0 45 68 23 17 6 79 31 63 49 67 5 4 50 30 19 41 36 93 38 8 77 44 11 85 43 24 20 71 13 56 52 94 66 90 26 76 73 54 42 34 78 61 64 75 9 88 82 84 69 35 87 18 80 2 15 3 16 53 25 27 10 21 70 72 59 28 48 58 55 46 47 60 29 33 57 37 81 1 12 95 22 14 89 65 32 86 39 92 91 83 40 74 51 62 7
33 16 72 0 63 76 34 85 94 39 79 83 84 19 4 20 81 42 3 95 60 68 56 59 38 30 35 69 44 55 31 43 61 49 52 40 67 80 26 91 14 27 25 58 75 78 18 89 65 48 2 93 13 73 92 23 51 29 47 57 82 6 24 32 86 10 53 8 5 54 45 88 36 9 66 46 77 12 28 70 87 90 1 7 50 37 21 64 62 41 15 22 17 71 74 11
8 53 79 48 95 67 21 9 54 15 90 72 75 1 11 70 82 3 49 24 92 12 6 0 56 84 23 18 80 36 40 52 19 63 51 76 29 71 14 28 58 34 66 77 30 10 2 38 61 89 45 32 42 81 86 91 37 85 68 47 44 33 94 43 20 65 55 59 57 41 13 62 83 60 74 31 39 26 22 50 73 27 78 7 17 88 69 35 25 64 16 93 87 4 46 5
4 43 11 33 35 81 59 38 64 54 32 69 8 16 82 70 12 68 21 20 89 48 67 24 25 85 19 17 77 58 47 62 66 56 28 30 61 72 87 9 83 49 14 71 27 52 84 31 74 92 40 93 1 29 34 73 55 6 37 44 15 2 23 51 13 75 18 90 46 53 60 78 76 63 65 41 0 26 3 80 45 36 79 50 95 91 57 94 42 22 7 88 5 86 39 10
41 39 47 55 51 90 6 80 70 44 73 87 92 65 25 8 56 15 91 38 57 78 37 50 81 22 18 63 32 27 79 76 68 4 40 58 84 66 94 5 11 89 16 33 85 69 45 88 26 52 82 1 34 75 2 59 13 77 61 95 19 24 3 23 7 12 93 71 42 43 46 10 53 36 62 20 31 28 21 64 35 54 86 30 49 83 48 9 29 67 72 0 74 17 14 60
71 33 48 79 13 82 60 23 75 65 90 50 26 39 36 93 74 92 58 89 54 69 80 32 43 53 12 49 40 20 66 52 83 0 95 84 72 91 68 11 14 4 18 94 9 51 37 16 10 70 42 28 8 31 59 63 81 38 87 67 27 22 6 77 44 73 64 88 46 55 85 41 62 5 35 76 61 45 19 24 21 57 29 7 25 17 78 30 3 47 1 86 15 56 2 34
70 14 65 88 19 17 55 29 63 57 44 58 76 0 50 26 34 33 49 35 42 75 39 95 36 78 92 37 62 73 59 93 24 22 21 3 16 11 1 54 60 64 91 77 10 23 61 46 18 8 47 38 40 15 43 71 45 82 41 87 74 32 86 94 20 81 83 5 84 7 66 28 56 79 89 53 48 4 31 68 80 67 6 85 30 72 13 52 51 69 2 12 9 90 25 27
16 58 59 13 78 18 10 86 33 93 53 68 95 81 23 0 87 24 26 43 11 64 19 49 89 32 52 40 66 85 51 17 70 38 84 56 75 31 30 4 7 91 3 77 15 80 72 8 22 92 69 21 45 65 94 1 29 71 74 9 54 60 35 79 90 83 73 25 36 14 12 57 6 44 5 28 42 61 50 82 48 34 39 41 20 47 27 76 2 67 46 37 63 62 88 55
76 59 78 32 40 95 52 92 16 75 25 41 57 43 0 14 37 22 2 45 48 93 38 12 66 6 74 13 56 18 63 70 31 9 36 23 54 21 15 94 44 87 24 1 69 4 65 42 39 85 10 67 11 5 83 71 73 53 8 61 26 91 17 35 50 81 29 33 62 27 77 55 49 3 79 82 20 64 7 86 46 89 60 47 28 72 30 19 51 34 68 90 80 84 88 58
21 60 57 17 75 13 48 81 43 26 84 80 42 34 74 90 88 4 28 15 85 93 69 45 61 7 37 76 92 86 1 9 51 59 46 89 31 6 19 0 63 58 55 67 65 40 35 22 54 29 8 82 23 5 52 11 66 71 30 3 87 24 10 62 49 47 95 39 27 70 14 77 32 79 12 56 2 72 20 68 16 50 36 94 44 64 83 25 41 78 38 33 73 91 53 18
19 62 22 81 47 38 77 68 66 26 55 79 24 89 43 35 6 91 75 65 49 82 60 95 50 13 9 70 2 44 34 72 56 76 10 1 3 7 48 36 46 17 73 45 41 83 32 52 15 12 4 78 86 29 40 5 37 25 63 58 11 59 57 18 69 94 21 14 33 39 93 92 71 28 53 88 51 64 74 16 8 80 42 23 31 67 90 20 0 84 30 85 87 27 54 61
27 72 30 92 42 95 16 9 7 84 6 67 93 24 3 53 55 54 29 19 81 41 60 10 5 13 23 76 91 4 0 71 85 8 17 20 44 78 83 32 2 70 61 15 1 37 33 64 45 18 11 14 12 47 88 56 22 68 31 63 26 46 69 43 50 73 52 21 66 34 87 40 57 58 74 86 25 89 49 48 90 82 35 77 94 65 51 80 59 28 38 62 36 79 39 75
81 24 14 44 30 11 59 2 57 68 27 93 16 70 21 48 54 13 3 32 76 91 86 62 56 17 89 72 92 23 63 88 28 65 66 39 34 19 9 15 50 53 4 69 71 84 18 47 51 52 1 36 55 85 8 78 46 80 26 75 94 61 6 40 73 67 12 43 77 83 22 90 79 33 41 20 7 42 95 60 5 49 74 35 29 0 31 58 37 25 10 64 87 82 45 38
80 67 57 25 66 64 41 75 85 58 24 43 70 71 87 30 1 73 16 78 47 4 77 83 39 61 36 0 53 65 56 86 79 15 28 12 72 91 3 8 44 13 45 84 19 18 17 50 59 9 5 26 29 51 76 46 93 11 54 20 22 89 62 68 69 23 6 49 40 14 42 37 21 60 48 7 74 10 55 33 38 32 82 81 27 90 2 52 94 95 31 63 92 34 35 88
40 75 9 80 42 31 13 59 17 94 56 54 89 86 24 53 33 82 58 8 63 38 15 79 55 90 27 68 71 36 35 93 41 25 18 66 61 43 47 12 16 14 76 95 29 60 65 10 72 45 52 57 11 22 23 44 69 62 5 64 49 87 1 0 32 73 21 91 77 20 50 83 48 6 19 2 88 81 39 74 30 37 78 92 46 26 28 70 85 7 3 51 84 4 34 67
56 79 95 57 94 11 44 73 69 74 31 76 84 92 50 4 93 10 0 68 35 52 64 42 14 81 36 29 66 1 87 5 17 24 19 23 70 33 67 83 90 22 78 12 34 77 6 51 3 59 80 9 41 21 91 54 39 47 60 43 49 89 46 45 61 88 16 32 86 53 2 8 85 7 82 28 26 65 55 48 40 62 75 63 13 25 38 71 15 72 58 18 37 30 20 27
41 54 68 65 33 35 0 82 80 52 1 34 14 28 61 8 19 58 39 89 77 91 36 79 51 48 87 7 88 76 18 73 75 49 56 2 63 23 83 85 4 70 64 17 78 22 55 81 37 43 24 62 93 84 45 69 25 26 50 11 16 6 21 74 47 90 27 94 72 32 38 13 30 44 95 42 92 10 40 31 57 9 86 60 20 71 66 46 5 67 29 12 3 59 53 15
72 53 41 27 36 42 90 56 30 55 59 64 21 60 94 95 78 9 2 7 32 34 4 37 0 48 24 51 13 11 19 52 77 87 62 79 50 73 54 91 70 58 31 23 76 18 20 74 47 26 1 69 22 28 88 63 17 80 43 12 82 3 65 44 68 29 33 10 40 16 61 93 66 86 39 49 14 71 25 38 92 85 83 67 46 15 84 81 57 75 5 45 89 35 6 8
41 8 67 4 29 56 66 85 64 80 88 77 1 83 36 49 90 51 57 48 69 28 47 89 18 31 27 11 25 86 24 59 91 71 43 61 40 76 92 22 42 78 7 95 52 53 14 45 38 39 62 6 9 21 44 55 63 3 58 13 46 15 94 0 30 81 16 72 54 79 75 37 12 82 20 23 70 84 60 5 50 87 65 34 2 35 93 17 10 74 19 33 73 32 26 68
9 73 13 35 49 27 48 34 24 90 92 45 51 19 81 50 30 71 18 38 0 94 42 59 86 63 78 84 36 12 74 69 53 91 21 89 61 58 60 57 70 43 88 85 83 15 64 82 44 16 7 32 3 76 20 65 25 29 67 52 93 22 77 1 87 10 26 8 41 39 95 4 40 47 46 2 5 37 14 31 6 23 66 54 72 68 79 55 17 28 80 62 56 33 75 11
88 32 58 55 81 41 79 15 93 76 39 53 54 72 6 68 11 75 9 63 60 3 8 12 13 4 78 38 66 64 30 74 95 17 51 92 40 19 10 71 61 87 34 57 37 43 25 16 86 90 77 84 46 24 85 56 23 45 52 82 59 89 42 62 70 91 47 48 1 44 80 20 0 14 67 31 18 50 83 28 33 27 49 73 94 29 5 36 35 2 26 7 69 21 22 65
20 10 49 60 89 71 41 62 46 75 94 26 14 88 52 22 82 54 11 2 93 30 85 95 83 27 40 47 90 92 1 53 64 31 19 91 74 61 55 7 69 12 63 38 23 33 50 15 0 9 21 65 37 5 42 3 77 48 59 56 32 18 51 57 29 76 80 36 44 8 70 35 13 4 78 16 43 34 72 73 68 81 6 87 28 25 86 66 39 24 84 58 67 45 17 79
63 43 20 83 55 95 90 49 57 28 78 27 21 12 26 15 7 45 19 91 0 22 61 18 25 54 56 64 2 48 51 50 6 58 46 36 68 40 24 44 35 52 79 13 16 71 92 75 9 84 93 3 4 47 42 30 29 37 76 59 10 81 89 1 72 17 69 31 74 38 65 67 62 11 85 39 77 32 86 34 80 82 70 73 41 5 33 94 8 14 60 87 88 66 23 53
47 44 45 24 43 22 16 81 82 27 0 95 67 39 84 11 73 78 10 75 40 49 25 51 92 31 57 19 88 1 69 53 87 90 61 86 54 89 8 12 50 83 63 28 74 76 66 79 46 2 5 85 93 30 7 77 23 32 29 14 71 35 59 70 91 4 15 42 58 34 80 13 48 62 36 26 41 21 37 9 60 6 17 33 64 38 65 72 56 52 3 68 55 20 18 94
90 59 43 63 74 34 20 8 50 17 81 66 23 56 27 68 64 85 39 3 82 42 53 91 95 49 88 36 89 11 1 87 94 19 25 21 72 79 32 0 62 57 24 5 10 48 86 58 45 13 71 4 55 93 61 65 7 30 12 31 77 83 75 70 9 2 92 37 54 18 26 76 69 73 80 6 40 28 29 22 52 60 14 15 35 44 16 41 47 46 33 67 84 78 51 38
41 49 40 24 1 52 28 75 0 27 29 19 82 39 17 73 60 8 7 90 93 35 13 11 71 79 89 23 84 31 63 44 47 57 83 2 55 86 33 48 43 4 46 70 80 18 87 22 25 38 72 32 10 76 58 61 78 85 95 9 15 91 37 88 42 34 66 81 62 77 5 16 21 36 68 50 3 64 65 53 92 94 54 14 26 51 67 69 12 59 74 6 30 56 45 20
40 71 18 67 48 65 83 26 68 28 58 25 27 91 77 64 41 1 84 43 5 86 79 36 11 63 39 32 21 90 88 94 12 45 24 87 44 50 20 78 52 29 73 51 13 38 59 75 30 49 47 54 6 17 42 9 89 8 72 2 80 70 3 15 19 31 46 76 55 33 61 69 62 37 4 23 53 93 22 10 82 95 34 60 56 35 7 0 92 66 16 14 85 74 57 81
14 49 53 51 61 88 87 92 67 44 18 11 23 52 57 55 54 89 80 15 37 73 6 68 65 28 43 31 76 1 82 22 63 41 90 74 94 21 34 9 83 12 93 36 29 75 17 27 20 25 4 66 69 64 39 81 78 47 3 86 70 59 35 95 30 62 13 42 85 33 24 32 0 46 77 10 19 40 48 50 2 58 91 71 8 7 45 26 79 72 5 16 56 84 38 60
38 70 71 22 1 56 62 94 19 2 12 81 46 72 28 79 10 5 61 37 31 58 4 69 20 78 47 16 50 59 44 80 83 45 6 87 3 49 60 64 32 14 82 36 9 90 35 53 85 7 11 23 52 25 65 75 55 17 66 48 88 30 93 73 13 68 89 43 40 41 0 18 92 54 29 33 15 42 63 84 51 95 26 24 67 74 91 8 21 34 76 57 77 86 39 27
55 70 88 52 41 22 80 15 1 7 30 62 76 67 57 49 36 94 34 69 58 64 5 59 74 89 11 13 8 56 71 82 24 6 68 27 40 42 19 95 81 32 12 16 33 3 65 53 17 60 18 47 2 90 87 92 85 0 31 39 35 63 26 61 83 50 75 38 10 46 66 78 72 43 79 37 28 20 51 9 44 29 91 48 84 4 25 93 54 14 23 45 73 21 77 86
82 17 18 53 1 15 62 28 48 75 51 45 90 54 49 5 66 7 55 71 42 52 61 16 76 78 12 27 92 84 2 14 9 57 39 56 63 13 8 94 0 60 68 91 64 32 43 26 36 79 38 69 29 35 19 83 65 10 74 58 3 72 47 11 67 22 73 88 87 59 6 31 33 25 89 30 44 23 95 70 80 4 46 77 24 93 86 34 85 41 21 50 81 40 20 37
6 54 28 81 82 20 75 44 26 55 64 10 53 35 19 69 72 77 80 30 76 42 18 34 48 46 92 12 93 68 4 23 17 61 70 87 29 33 3 43 90 74 11 13 14 94 57 27 91 47 41 66 83 84 51 1 88 50 58 21 22 45 37 31 95 62 8 15 60 71 52 73 9 5 0 24 79 78 85 16 36 7 67 49 32 40 89 38 86 56 2 39 59 65 63 25
39 35 14 77 23 26 21 71 88 86 95 58 60 72 94 30 55 46 31 90 54 40 34 56 13 43 73 70 79 3 76 68 45 17 89 12 2 87 28 11 5 27 65 48 78 91 50 16 84 0 85 8 18 36 75 19 69 81 33 80 67 15 10 4 42 92 37 61 83 57 74 51 59 29 7 47 1 93 53 32 6 41 9 49 44 52 82 63 64 38 62 24 22 25 20 66
38 92 25 0 39 16 60 94 32 74 55 18 81 42 79 75 15 93 23 29 26 45 63 36 59 33 14 43 46 1 64 3 13 88 89 84 54 83 22 95 58 51 35 80 41 70 27 20 67 82 12 52 2 57 4 17 85 72 73 7 6 49 37 78 69 66 11 90 71 76 68 24 47 65 19 48 30 87 77 53 34 10 56 50 86 21 40 44 8 91 62 9 5 28 31 61
87 5 36 70 22 15 93 4 92 10 56 28 29 30 24 77 60 14 76 38 33 32 88 64 0 42 41 13 39 90 9 6 53 72 27 35 3 91 85 65 95 52 94 50 79 34 45 17 31 81 55 89 2 43 73 11 66 67 44 21 71 84 46 48 63 57 47 68 40 59 83 69 19 20 49 18 25 54 16 23 86 61 74 1 37 80 58 75 8 51 78 82 7 12 62 26
40 42 26 82 76 72 69 47 63 29 59 39 46 65 92 23 2 35 78 6 4 62 32 45 38 88 41 43 30 51 14 84 61 15 25 3 95 66 79 83 50 87 75 21 33 64 9 90 93 48 44 7 49 0 24 81 60 27 67 56 85 53 70 37 10 58 20 36 73 80 31 8 19 54 18 86 89 28 34 12 1 55 52 13 57 68 91 5 16 22 11 17 74 77 94 71
27 5 47 18 86 46 73 24 93 2 55 8 32 79 94 43 53 26 0 19 21 14 25 78 84 15 65 61 60 20 48 33 50 41 95 59 4 77 90 92 69 6 66 82 70 83 3 16 51 64 81 57 1 63 44 23 22 68 37 62 38 10 74 80 7 40 87 75 67 13 91 85 12 71 72 28 88 29 52 76 11 89 30 31 35 49 58 45 39 17 42 9 34 56 36 54
94 84 53 20 24 47 49 22 39 38 6 80 69 15 43 8 91 11 87 27 9 63 16 57 21 44 4 37 56 41 89 32 73 88 19 61 3 82 23 28 90 66 58 17 42 78 72 36 76 65 81 34 70 74 51 54 93 35 59 71 48 46 12 25 86 55 83 30 0 13 26 79 75 50 7 29 33 67 31 62 92 14 40 18 1 85 64 60 77 45 52 10 95 2 68 5
15 29 63 31 52 78 5 72 59 10 67 9 41 19 91 23 74 43 0 17 6 12 53 92 60 51 21 16 42 49 8 61 76 37 95 55 87 30 3 58 36 88 34 50 1 4 24 81 79 69 44 82 32 75 7 86 56 18 80 45 39 47 77 20 48 35 27 57 25 38 68 11 40 62 46 89 93 94 33 13 66 70 28 65 14 71 73 85 64 22 83 90 26 2 54 84
47 9 45 36 37 33 82 18 94 16 72 67 12 86 83 30 11 62 28 43 85 87 3 19 48 92 58 91 74 0 56 27 70 60 4 64 52 14 42 40 78 8 51 90 26 17 15 76 31 35 34 22 73 84 66 57 38 69 29 93 6 95 10 79 53 49 88 41 23 5 2 39 7 20 65 21 32 81 24 89 55 44 46 68 80 1 25 61 71 59 50 75 77 63 13 54
37 22 69 64 72 62 49 23 76 67 10 50 53 8 6 32 11 9 36 65 4 15 34 43 79 29 71 92 90 87 54 58 40 21 35 78 46 66 3 55 0 95 27 45 74 61 83 39 88 2 33 1 16 81 75 12 59 85 19 25 38 47 7 84 68 82 80 13 30 44 26 89 51 41 24 77 20 18 73 93 56 28 48 60 52 31 70 91 94 14 57 17 5 86 42 63
22 40 95 44 65 92 86 4 52 1 78 61 26 42 63 10 67 54 33 85 16 82 39 27 64 5 21 79 30 36 93 41 12 17 87 0 91 9 53 3 59 18 43 37 25 89 11 60 31 83 15 13 73 66 6 76 62 20 68 55 47 57 80 19 32 23 81 58 70 71 8 34 75 90 14 51 84 69 7 38 35 94 46 72 2 29 45 28 48 56 77 24 88 49 50 74
81 87 41 13 10 70 82 32 72 30 52 64 75 69 2 43 53 18 1 6 20 86 4 8 35 77 93 23 25 83 40 58 85 37 92 67 63 66 79 91 57 42 29 95 28 51 74 61 89 22 49 94 84 80 54 71 88 65 24 34 15 68 59 3 56 12 31 90 44 48 0 36 60 38 27 7 11 33 62 73 5 26 17 9 39 78 45 47 19 46 16 21 14 76 55 50
45 87 91 21 25 83 47 10 69 71 3 24 22 43 84 40 37 2 1 20 14 36 39 68 72 86 63 67 65 33 94 4 35 85 38 55 75 42 78 74 58 59 29 34 89 15 27 53 16 93 31 12 48 28 52 81 60 50 49 17 30 64 57 7 19 54 80 23 92 95 51 73 8 9 76 46 77 90 62 26 61 6 82 70 0 41 5 32 11 56 18 66 88 13 44 79
95 54 59 85 30 8 3 90 48 79 63 82 22 37 80 2 66 42 31 33 58 91 52 73 5 10 1 34 18 47 14 28 9 92 75 25 50 94 6 26 29 46 84 13 4 64 53 24 43 36 65 35 44 87 56 78 45 55 41 27 39 17 57 7 16 69 23 19 51 71 32 11 68 81 70 60 61 12 67 15 89 74 93 20 62 86 72 40 88 83 21 76 38 49 77 0
93 94 91 46 88 15 25 23 65 51 22 32 10 9 76 64 21 19 8 53 87 24 86 5 29 41 63 78 13 59 11 82 3 26 1 55 50 6 81 33 2 57 45 44 61 68 4 37 18 20 92 84 89 48 43 34 85 40 58 39 49 90 80 16 60 17 56 74 75 36 52 83 42 7 47 27 54 66 72 79 38 70 69 67 30 31 14 71 28 0 95 35 12 77 73 62
76 83 66 33 90 53 43 22 87 21 9 91 15 50 28 13 57 31 11 55 36 80 78 93 65 48 82 25 69 35 85 39 77 26 6 41 88 42 32 19 94 71 51 52 23 1 24 59 4 44 92 72 56 47 75 68 0 95 16 30 34 38 46 7 63 54 49 73 17 27 10 64 18 8 86 81 60 70 40 3 84 58 37 67 61 45 5 62 12 2 74 79 14 29 20 89
49 72 12 9 39 50 77 13 47 65 59 73 58 80 75 42 69 23 94 17 53 2 21 62 63 35 22 37 55 87 45 10 34 79 48 84 27 81 5 82 57 71 67 46 4 26 32 92 14 52 11 6 83 61 66 54 89 85 86 90 70 1 16 51 19 28 91 44 18 36 88 0 64 15 41 24 33 31 76 56 3 93 43 25 29 74 8 95 20 30 68 78 7 40 60 38
41 61 46 33 47 63 80 70 52 21 79 90 45 89 67 59 27 5 82 11 92 53 48 35 60 8 25 42 15 38 20 64 86 17 66 2 16 71 74 76 22 26 23 93 14 40 37 94 51 12 18 28 75 58 30 81 77 62 10 19 50 83 34 31 29 36 13 1 95 91 73 69 57 0 56 49 43 85 88 87 65 44 72 54 3 55 84 9 24 78 7 68 6 39 32 4
15 73 25 13 12 47 60 54 55 71 86 6 49 9 46 70 22 63 27 79 89 69 14 72 34 24 31 65 35 42 64 57 90 17 19 59 68 36 76 80 4 56 61 85 28 94 58 11 51 41 74 21 40 81 44 95 29 82 45 26 5 91 48 7 67 20 52 84 1 38 37 3 10 62 53 77 30 92 75 2 39 50 0 23 8 87 43 78 66 16 88 33 93 32 18 83
83 59 41 90 69 84 91 50 95 1 11 67 53 27 14 87 71 46 4 36 34 94 0 73 8 65 66 86 58 25 64 47 81 15 85 35 24 60 54 78 52 72 82 44 40 49 17 33 68 56 75 23 61 74 10 88 26 79 21 22 29 76 9 42 18 39 57 20 80 92 89 55 43 32 3 45 30 93 28 13 6 38 48 16 51 31 37 5 63 2 77 62 19 70 7 12
13 90 18 26 74 45 58 24 37 11 51 89 20 43 7 53 59 19 6 67 84 87 72 25 27 70 3 65 31 62 77 52 93 76 83 39 5 34 22 94 47 17 49 92 79 50 23 32 68 60 66 40 42 56 61 21 85 2 78 75 73 14 28 0 16 80 30 81 57 82 54 36 41 71 86 69 33 91 44 4 15 63 1 10 8 48 35 55 46 95 38 88 9 12 64 29
27 20 63 34 5 86 13 39 3 69 7 17 56 73 74 4 46 81 23 93 54 60 38 57 41 0 64 88 22 55 76 71 90 48 40 67 49 24 26 79 52 50 36 35 9 84 70 65 30 68 29 21 59 75 61 19 28 91 44 12 85 95 15 83 8 78 82 37 94 43 45 66 33 89 2 11 53 72 31 1 92 14 10 16 47 80 87 25 77 58 62 6 42 51 18 32
81 55 52 43 53 46 1 25 10 9 38 93 86 65 41 12 90 16 88 23 57 76 6 0 7 27 94 4 42 68 70 72 11 31 32 22 39 71 28 40 83 33 61 51 60 91 47 49 69 26 14 18 82 50 3 24 80 67 73 56 44 30 87 37 29 54 74 17 79 5 45 21 66 20 84 85 77 95 19 89 64 58 62 15 2 63 92 59 78 13 75 36 8 34 48 35
43 51 88 80 47 90 9 66 25 62 14 57 2 68 78 31 72 92 64 17 53 91 75 7 71 11 59 56 36 52 27 49 77 40 67 58 46 38 55 34 19 22 87 0 44 26 4 82 65 20 86 45 76 33 54 28 15 89 24 95 35 37 6 50 3 70 10 30 79 83 73 39 42 29 84 74 81 41 48 23 8 61 63 85 21 94 93 12 5 1 18 69 13 16 60 32
10 68 43 67 13 86 46 2 36 70 88 6 95 52 92 28 42 7 74 11 64 59 9 85 14 40 54 35 87 44 5 89 17 61 62 33 60 38 78 81 0 65 4 24 55 75 23 50 51 29 41 22 76 45 21 94 79 80 82 84 53 20 91 57 26 49 18 72 1 16 39 32 73 12 58 30 37 69 90 63 27 47 19 56 8 3 83 48 66 34 93 71 15 25 77 31
41 30 22 52 37 88 20 76 36 60 17 50 43 70 32 49 89 14 21 64 69 68 47 80 18 81 86 73 90 55 66 77 59 85 28 9 74 71 46 83 82 8 42 2 84 12 61 78 4 44 75 62 3 29 25 23 10 6 72 7 15 57 93 94 33 13 95 53 58 0 63 45 91 79 92 34 27 38 56 16 39 5 87 65 67 48 26 11 1 35 40 51 54 24 31 19
88 16 43 32 35 94 25 33 12 3 76 8 58 5 2 23 90 53 65 69 31 7 84 6 47 82 13 10 27 36 40 71 91 39 59 48 1 86 81 83 41 34 89 22 64 63 30 20 29 77 66 21 62 19 38 79 78 11 73 4 68 56 54 70 14 28 18 51 92 0 95 87 72 74 24 46 60 45 44 85 57 37 52 17 15 61 93 26 55 50 42 80 75 9 67 49
84 72 56 38 66 67 79 75 44 58 3 17 41 60 51 52 65 92 9 68 30 24 13 42 71 25 46 31 32 86 8 2 70 69 85 11 29 82 34 28 62 39 78 14 40 27 48 4 91 47 37 59 76 49 45 36 12 6 7 77 57 16 18 19 33 43 53 87 10 93 74 90 20 89 22 64 83 26 80 95 15 81 5 1 54 63 55 23 94 73 61 50 88 0 35 21
9 26 8 3 86 75 64 85 52 17 15 58 6 81 24 87 16 94 30 90 70 18 54 56 10 50 95 37 55 22 44 29 89 79 65 78 46 49 19 84 60 32 28 0 92 83 4 68 36 62 53 1 51 35 25 20 13 66 57 40 48 59 41 14 63 67 21 2 33 73 80 39 71 45 91 12 82 47 7 93 11 42 74 88 61 5 38 23 76 69 72 34 27 77 43 31
91 57 22 53 88 87 9 45 13 41 28 6 16 95 86 67 63 21 49 54 44 33 40 5 82 51 8 15 75 37 36 85 70 35 55 24 93 71 26 17 74 73 92 42 47 38 62 80 94 32 58 43 76 59 78 0 4 10 56 25 11 14 61 83 31 68 12 29 79 46 27 52 19 72 34 39 77 7 65 18 84 60 48 3 89 90 50 30 69 64 2 23 1 20 81 66
34 77 11 38 68 18 71 90 86 92 75 36 37 52 44 9 29 58 59 72 23 6 55 22 40 39 4 27 82 56 57 80 95 54 66 41 49 20 32 79 91 46 73 60 83 94 0 84 48 8 87 3 30 65 28 67 88 17 10 89 64 7 81 24 70 78 61 15 25 26 35 12 62 85 13 51 53 42 43 5 2 21 74 31 19 1 50 76 45 69 16 63 33 47 93 14
75 44 10 39 65 15 27 82 35 30 87 72 6 74 53 49 22 19 61 40 80 16 68 57 60 64 78 9 83 47 50 93 84 41 89 58 95 18 23 25 71 70 43 48 36 42 12 11 56 86 37 76 4 38 13 46 3 85 67 21 66 92 94 20 26 7 62 69 73 52 5 2 77 0 8 81 1 32 34 88 45 90 54 17 24 91 63 29 31 79 51 33 14 55 28 59
82 18 87 95 34 52 33 46 6 25 61 16 4 35 55 38 92 22 59 0 86 32 41 12 42 7 40 83 54 31 72 73 93 1 21 50 67 23 91 70 66 24 10 68 17 75 11 84 74 45 15 53 37 56 44 88 27 20 36 94 48 63 14 8 9 79 58 64 85 39 62 51 28 76 43 26 13 80 81 49 77 89 30 60 78 2 3 71 19 47 90 65 5 69 57 29
4 10 51 5 29 45 95 36 90 53 84 44 74 59 11 34 21 83 39 40 65 0 2 56 8 16 87 86 43 94 24 48 35 14 7 28 60 41 6 19 71 1 47 64 49 58 63 57 82 31 70 93 76 13 68 18 91 73 52 30 77 33 92 32 66 85 9 37 79 62 75 38 17 20 42 80 81 22 15 26 78 25 55 27 12 89 69 54 67 46 72 23 88 50 61 3
10 67 86 43 92 41 31 89 40 65 85 95 49 45 55 29 19 88 64 77 14 91 54 20 37 52 73 72 7 36 71 34 9 57 6 1 69 13 81 84 51 56 35 11 76 63 42 22 78 25 47 17 39 4 2 59 62 80 0 82 75 16 61 60 8 3 50 94 18 30 12 27 46 93 79 23 83 5 33 87 38 70 44 68 48 58 74 90 66 24 21 26 32 15 28 53
69 7 44 80 74 2 51 26 59 31 36 19 79 48 15 0 4 23 41 65 16 62 95 57 9 83 1 89 21 55 35 32 6 49 87 73 30 40 25 56 20 14 78 86 42 50 88 8 67 17 64 27 33 5 45 18 70 29 38 92 76 82 84 53 11 63 34 22 66 77 68 24 60 46 93 75 85 94 37 72 54 43 71 47 10 81 91 39 3 28 13 12 58 52 61 90
76 79 67 1 43 11 35 88 37 58 21 60 59 87 29 27 95 56 0 86 84 63 65 22 69 30 5 16 15 85 77 78 26 82 8 61 52 44 48 2 90 74 50 12 13 53 55 42 14 40 70 93 71 54 19 38 18 68 33 17 34 89 6 92 39 20 46 80 91 36 47 49 4 41 25 75 45 73 32 57 31 10 72 51 3 83 64 28 7 66 94 24 81 62 9 23
68 43 10 54 50 21 52 0 57 71 73 76 84 87 30 59 38 45 93 3 25 37 67 7 31 62 83 40 53 26 91 5 75 90 82 85 27 22 65 46 95 88 60 23 63 16 1 12 41 14 17 86 20 78 94 55 29 11 69 49 61 64 35 4 24 18 79 48 66 42 44 36 6 81 77 58 19 74 80 8 32 51 15 92 9 39 70 33 34 89 56 13 72 2 28 47
45 71 90 78 10 40 13 27 49 69 65 11 26 9 38 92 24 8 76 52 1 95 15 37 30 25 55 19 94 5 83 36 60 61 93 77 7 18 35 89 50 32 46 62 17 28 80 86 31 48 16 6 53 91 57 64 0 84 47 22 39 2 23 75 54 41 66 44 20 42 88 51 81 87 3 34 12 72 59 4 74 68 73 67 79 70 33 43 63 56 29 58 85 14 82 21
68 84 86 22 47 4 87 35 9 70 91 31 56 20 30 32 60 64 54 23 94 55 11 57 63 61 51 26 44 41 49 7 53 14 69 88 13 10 21 29 33 12 42 71 72 90 45 24 81 16 48 82 78 28 73 52 74 5 65 58 95 62 79 19 89 59 46 93 80 8 75 36 67 1 66 6 92 83 3 38 0 39 18 17 37 2 76 50 27 43 15 25 34 85 40 77
43 83 22 35 42 95 29 15 14 7 9 16 53 56 28 40 60 30 77 3 90 73 85 18 0 61 82 2 25 46 21 89 50 78 92 37 12 63 94 27 10 34 93 8 36 52 74 80 51 54 64 31 81 6 55 75 5 49 79 19 44 86 26 71 1 57 4 87 72 13 11 47 41 24 84 91 62 70 58 48 88 45 66 23 59 20 68 32 67 38 69 33 39 17 65 76
79 30 18 28 37 63 21 74 32 83 6 12 26 76 36 78 19 8 40 82 52 71 0 88 80 10 31 29 85 43 50 1 58 81 22 92 13 2 27 9 51 34 86 4 59 23 90 56 75 95 42 68 33 35 70 65 24 39 84 61 72 25 69 44 57 3 46 16 14 62 48 20 77 64 89 60 53 54 66 94 5 47 67 87 41 15 73 91 55 38 17 49 93 45 11 7
8 92 76 38 36 29 5 35 51 71 34 86 21 3 19 46 83 10 43 62 80 60 81 59 6 13 24 73 55 90 41 64 69 72 82 95 75 0 74 26 52 18 94 84 31 56 40 93 57 14 88 32 68 23 48 33 49 63 9 47 30 65 45 54 67 79 89 42 4 20 44 28 2 17 11 78 16 77 85 53 70 15 91 61 1 50 25 66 37 12 58 87 39 22 27 7
37 83 71 7 38 95 18 68 21 77 25 12 64 63 43 35 29 61 74 65 6 2 41 81 5 33 76 53 91 36 8 24 90 17 57 23 87 66 3 42 22 19 46 73 34 70 9 55 86 72 4 10 62 49 47 13 60 93 15 58 26 31 88 80 32 16 44 94 78 45 20 82 52 56 75 1 51 14 92 59 50 11 67 28 89 84 54 30 48 85 69 27 39 79 40 0
34 63 20 82 92 4 18 69 23 54 15 62 77 67 8 29 81 76 22 78 83 49 14 16 13 32 12 0 9 79 27 75 36 11 19 55 64 70 84 25 80 56 66 1 47 7 44 72 91 53 57 17 26 71 3 58 42 89 35 87 90 86 85 37 28 45 38 31 33 74 88 21 30 65 6 10 43 39 61 5 93 2 40 24 46 41 94 95 52 50 59 48 51 60 73 68
24 57 81 77 0 72 19 67 73 71 66 13 51 34 42 65 63 53 17 76 48 22 9 26 80 12 60 93 11 61 32 82 79 40 35 74 90 29 16 58 86 43 55 23 21 14 75 1 18 33 52 59 49 5 27 39 56 64 62 54 45 15 2 83 30 78 94 88 95 44 91 25 38 4 31 46 87 50 41 89 37 36 85 7 3 70 84 68 92 28 69 10 20 6 47 8
10 56 9 2 71 45 30 68 24 55 36 5 92 60 31 23 77 85 90 57 40 65 54 43 0 75 74 87 27 34 3 17 37 59 81 32 19 53 4 64 14 46 1 18 16 83 93 47 33 61 67 69 44 41 52 76 63 72 51 58 70 21 48 15 62 95 39 94 78 91 26 73 20 50 7 79 29 12 25 35 28 82 6 8 13 22 42 80 89 49 66 86 84 38 11 88
74 81 65 23 64 54 37 34 49 7 40 36 0 88 5 52 85 57 25 9 66 77 39 79 32 15 59 26 53 1 46 51 30 80 84 4 6 67 75 45 56 83 28 3 20 87 58 50 17 92 42 43 63 14 11 19 76 41 35 10 72 61 70 73 13 68 55 24 44 82 18 86 48 93 16 71 95 38 33 8 22 94 2 62 60 29 27 47 12 31 91 90 89 69 21 78
44 66 86 55 41 59 63 77 61 89 22 3 94 91 57 23 18 65 46 45 60 36 42 0 58 67 24 81 28 29 37 53 87 92 19 47 20 30 8 76 54 93 75 82 88 51 16 80 9 1 35 25 50 7 64 49 85 48 84 6 15 26 38 73 33 62 10 43 95 52 2 78 13 56 72 11 70 69 14 74 21 83 39 4 68 79 40 32 17 5 12 27 31 71 34 90
51 76 20 42 31 36 10 64 9 25 88 35 62 74 47 72 77 48 92 53 30 86 83 94 90 56 61 85 52 0 70 23 3 33 95 45 5 43 24 7 57 89 6 93 8 4 21 44 59 75 18 84 32 79 28 29 66 82 37 27 55 26 69 60 38 1 54 2 13 16 87 46 65 67 49 40 39 58 78 11 73 63 68 17 50 34 12 81 19 15 71 22 41 91 14 80
44 18 29 57 70 79 77 82 92 42 22 24 17 71 19 16 26 31 86 68 61 64 69 25 88 91 38 4 45 5 51 76 52 33 49 90 7 14 66 30 23 28 50 73 55 72 46 65 20 62 34 1 10 78 37 75 93 60 39 74 9 53 54 87 40 80 13 43 3 0 63 67 35 85 21 94 48 32 12 2 58 15 41 36 81 89 27 84 47 8 95 6 11 83 59 56
49 86 80 89 73 3 93 40 60 21 6 28 32 61 83 72 33 54 95 71 46 27 79 5 4 42 17 52 1 35 88 57 68 58 77 22 23 19 69 78 50 81 38 45 30 29 74 11 92 84 2 16 14 47 62 65 91 15 34 94 26 8 36 63 76 12 44 31 10 7 67 55 18 70 39 24 59 82 20 56 53 13 66 64 90 85 51 41 75 37 87 48 43 9 25 0
93 4 82 16 45 39 83 60 36 64 40 42 20 14 90 38 94 89 87 81 23 7 66 86 91 41 6 31 69 24 85 5 29 21 52 44 68 12 76 51 47 57 35 32 27 43 62 61 77 88 28 80 33 25 59 67 49 56 10 74 37 70 22 58 0 53 9 19 72 1 78 18 65 34 30 46 75 11 95 73 15 13 50 92 55 26 63 54 48 79 17 3 2 8 84 71
46 50 83 11 4 73 3 58 81 93 22 82 80 33 43 59 95 75 86 76 19 10 72 2 40 9 77 62 20 35 92 24 8 63 0 14 31 69 52 38 17 65 70 28 68 55 21 45 7 26 1 78 13 94 89 23 39 34 41 15 61 25 30 36 42 87 71 32 67 60 54 44 47 84 56 27 16 88 48 79 6 5 51 37 57 12 18 74 91 53 64 85 90 49 66 29
65 51 4 44 72 49 8 74 7 58 64 62 42 32 16 67 0 12 20 61 48 14 47 85 35 83 13 54 18 2 27 21 53 29 77 30 92 40 56 63 15 52 69 86 39 23 84 57 75 50 70 89 11 1 3 9 31 79 46 45 10 26 81 78 34 22 5 17 93 59 68 91 38 90 71 24 33 94 43 41 87 76 73 55 37 36 19 25 80 82 6 66 88 60 28 95
20 72 9 66 6 54 47 84 86 89 3 62 91 58 85 11 7 61 36 42 34 38 37 79 55 12 41 24 78 32 35 87 80 92 40 70 68 46 57 0 48 5 93 43 44 8 71 4 17 75 21 15 50 64 81 49 74 77 25 39 16 29 95 26 22 28 90 88 59 53 67 31 83 2 14 52 10 18 33 63 1 19 56 73 94 27 13 76 51 69 82 23 45 60 65 30
62 26 86 93 54 4 13 32 77 58 55 50 25 3 27 94 82 37 44 36 17 71 33 19 73 70 18 63 74 1 29 48 95 47 81 15 5 7 83 23 6 38 0 84 51 16 14 56 53 41 68 57 79 45 59 39 22 80 78 40 21 20 8 52 43 85 10 65 24 35 61 87 11 34 89 92 46 31 91 2 67 30 42 49 75 28 76 69 9 12 64 88 60 66 72 90
39 6 65 2 28 72 23 91 84 25 4 90 51 54 71 50 67 75 3 1 59 9 82 43 16 69 93 14 62 61 18 63 80 77 21 36 27 19 83 88 89 29 55 81 48 13 45 11 64 44 41 40 37 26 8 24 52 94 31 86 66 42 53 92 35 38 32 60 12 15 68 34 30 7 49 57 76 79 78 95 0 10 22 74 73 58 85 47 33 56 70 87 17 46 5 20
42 43 10 31 84 91 20 5 66 57 78 74 46 12 44 59 61 51 80 68 34 69 87 26 6 28 40 0 53 48 25 95 63 81 37 14 67 27 15 62 29 83 92 56 72 45 58 36 33 1 93 11 4 41 13 88 9 85 76 7 50 64 19 24 16 32 2 3 30 23 71 55 22 17 86 18 79 49 52 75 94 77 82 65 70 39 8 89 90 21 60 47 38 73 54 35
42 7 41 95 32 65 34 82 91 26 17 69 45 78 83 75 57 3 30 6 12 85 86 1 67 40 68 2 27 29 48 18 15 25 51 46 47 61 92 44 37 28 71 4 55 72 90 35 9 22 0 20 62 53 56 76 84 5 10 50 64 36 52 24 16 60 14 81 93 23 39 77 13 11 8 88 70 43 38 89 21 80 49 66 94 33 31 59 58 74 73 79 87 54 63 19
90 22 78 83 4 43 19 52 68 81 65 35 2 56 61 20 49 62 47 70 79 75 95 46 71 0 73 64 77 6 57 74 17 10 26 30 69 39 85 1 29 34 40 59 38 48 32 28 89 15 31 24 51 82 11 92 58 37 3 23 18 86 76 53 16 87 93 66 14 72 7 84 94 8 41 80 63 88 12 36 25 60 42 21 50 44 13 9 45 91 27 5 67 54 55 33
57 77 21 75 83 63 43 88 66 25 8 81 30 16 58 80 12 49 70 27 65 52 6 46 91 40 59 35 17 7 54 64 26 32 53 68 18 3 82 15 19 95 94 42 76 5 73 23 37 79 61 10 45 92 38 51 41 86 33 31 4 11 48 29 22 60 0 39 50 72 62 85 78 36 34 84 24 20 47 1 89 71 69 74 44 87 13 67 93 55 2 9 56 28 14 90
35 28 64 45 67 18 12 31 33 89 7 70 39 88 76 74 52 13 44 54 63 53 62 23 60 20 9 56 42 36 0 27 8 48 34 68 30 47 71 16 83 78 6 38 92 75 46 66 95 4 26 80 25 87 14 22 24 82 69 65 1 29 58 55 17 79 51 43 73 15 19 72 93 77 41 84 11 81 5 3 49 85 94 57 91 86 61 2 50 40 10 90 37 21 32 59
47 18 69 77 20 9 93 86 45 55 75 15 44 64 43 7 28 32 22 49 72 63 46 94 36 79 53 16 26 62 42 41 4 70 74 85 50 35 76 91 71 78 19 73 92 25 56 51 31 8 95 3 38 1 61 23 65 17 24 14 6 11 90 83 48 66 84 5 27 68 21 30 39 80 33 40 60 67 82 10 57 81 88 87 2 37 0 59 89 12 13 34 52 58 29 54
20 76 14 75 16 82 37 43 72 61 8 0 36 2 85 84 7 57 81 77 26 44 13 12 51 35 48 34 71 18 15 60 94 1 29 95 53 30 32 86 40 73 67 46 33 11 80 89 21 83 62 79 42 65 4 52 87 50 5 39 31 49 54 3 70 90 41 78 91 55 17 24 74 45 22 88 10 28 66 93 19 23 47 6 92 64 56 25 58 38 9 59 68 69 63 27
69 15 4 35 23 83 34 82 44 48 21 81 13 14 53 29 51 55 80 54 61 50 2 86 1 38 59 73 27 64 56 71 19 7 33 90 95 68 36 92 30 89 9 74 42 32 57 77 17 45 6 12 63 65 72 52 18 37 62 20 43 26 47 16 46 66 22 84 49 87 76 5 75 40 60 39 31 70 10 41 88 93 67 0 78 24 94 28 11 91 58 79 85 25 8 3
64 95 2 77 62 46 76 17 74 88 91 86 40 11 26 34 61 54 85 52 79 59 7 27 55 20 1 31 84 90 47 9 75 24 80 94 45 60 10 16 66 21 28 53 83 42 81 92 69 37 44 49 63 93 15 30 33 12 48 41 8 50 57 18 19 35 32 25 4 56 78 72 51 29 82 36 71 38 5 58 89 67 23 43 6 87 0 13 22 65 70 3 39 73 14 68
37 48 14 74 54 66 67 18 79 33 47 44 8 82 90 83 12 81 30 2 22 6 27 68 58 20 26 4 87 78 19 9 17 34 38 5 50 39 36 21 85 92 59 63 75 10 42 29 72 71 69 23 28 11 7 35 3 52 77 46 62 31 84 95 86 61 13 53 25 89 32 94 57 49 88 70 55 43 64 41 91 1 80 76 45 24 56 65 40 60 0 16 51 15 93 73
92 41 12 43 93 47 50 81 86 3 74 46 61 8 14 24 90 23 53 19 27 39 89 25 45 63 31 35 72 15 57 10 49 62 91 29 26 5 30 65 6 4 28 22 52 83 84 17 2 80 77 60 66 95 33 67 51 37 88 68 16 0 59 85 38 94 32 75 56 42 71 82 87 34 55 78 13 36 18 40 54 20 70 76 1 9 73 7 11 58 79 69 64 48 44 21
21 33 9 65 79 37 26 91 90 61 41 77 4 13 2 75 17 59 64 53 73 48 14 88 63 72 30 25 0 56 86 57 84 74 51 83 23 29 40 95 47 11 54 93 60 52 94 6 67 3 78 49 19 5 16 36 71 44 69 55 92 46 85 34 58 80 45 81 7 15 31 20 18 1 70 66 12 32 24 89 8 35 62 22 38 27 10 42 43 50 76 68 28 87 82 39
78 80 16 69 13 20 42 29 9 30 89 0 19 36 58 46 67 85 68 43 37 22 86 27 79 25 17 35 12 59 73 18 70 8 66 77 44 5 55 34 90 84 56 71 32 26 4 75 82 62 45 87 72 88 1 81 49 10 53 41 63 38 40 11 23 93 64 60 50 57 95 92 54 47 24 91 31 83 39 21 2 14 76 3 6 7 51 48 74 61 52 65 94 33 15 28
62 41 6 61 23 70 53 72 22 91 43 84 11 37 50 35 19 44 89 42 24 63 79 54 20 48 45 46 3 58 64 30 75 76 40 71 16 52 92 36 18 90 74 51 2 73 86 69 1 83 25 68 29 66 21 27 47 80 38 59 32 34 26 60 67 14 7 31 49 93 65 56 15 33 81 13 57 39 77 87 78 95 94 85 17 12 82 4 10 55 5 0 28 88 9 8
81 46 20 28 31 8 36 34 7 78 69 68 1 14 17 26 18 0 76 51 54 45 15 91 55 63 9 22 24 74 27 6 83 77 16 12 59 57 60 72 32 53 13 61 80 25 3 73 65 30 21 52 49 64 11 82 88 85 29 23 87 4 44 40 33 93 19 43 92 79 41 84 47 10 56 75 5 89 58 2 48 86 62 70 37 95 35 39 66 94 71 42 50 38 67 90
80 37 23 49 2 15 7 48 57 51 45 18 14 68 43 88 20 58 76 19 52 31 74 72 90 79 16 21 6 64 22 56 63 89 75 70 54 40 3 85 28 62 13 29 41 12 69 1 94 84 71 5 93 86 42 65 53 4 55 66 9 83 78 11 59 47 91 33 82 46 50 26 73 34 81 10 32 27 35 87 24 60 25 0 61 92 77 30 36 44 67 39 8 17 38 95
21 30 73 19 43 84 94 91 14 38 28 26 89 86 22 78 20 77 31 58 12 88 33 40 54 76 72 70 46 56 52 34 6 65 37 8 68 57 81 41 3 79 61 55 36 51 0 74 66 95 39 83 10 2 42 7 23 9 49 59 18 82 85 24 67 63 87 35 75 69 47 27 50 44 71 53 16 48 32 13 92 1 5 11 93 29 62 45 17 64 15 60 25 90 80 4
75 10 24 36 52 74 45 55 4 25 5 95 0 56 48 88 73 6 15 65 30 39 19 11 47 2 63 38 1 40 69 59 68 46 92 77 57 84 37 85 21 64 17 72 61 78 70 83 82 79 34 86 12 13 81 71 26 90 33 58 44 22 94 8 18 43 35 31 87 20 54 7 66 41 27 9 16 53 80 28 93 49 23 29 14 89 50 3 60 67 51 62 42 91 76 32
54 30 45 7 51 40 23 46 71 27 75 61 39 14 1 31 76 11 91 90 25 0 67 9 58 41 83 56 77 86 59 78 66 52 33 20 16 32 34 94 29 92 49 68 35 36 5 80 12 84 89 73 8 10 70 81 60 88 17 15 55 47 3 62 42 26 95 13 28 21 50 64 57 85 4 69 63 65 43 74 93 18 79 44 53 19 38 2 22 48 6 72 87 24 37 82
50 1 71 10 43 30 8 89 77 2 59 45 34 88 66 39 37 53 67 38 64 62 13 16 68 20 22 69 76 73 80 14 93 4 79 85 25 33 0 75 36 94 24 74 63 32 65 87 23 46 86 44 61 49 52 82 27 5 57 6 35 31 28 40 60 19 17 95 78 92 12 29 70 58 83 72 91 90 55 26 41 84 3 51 18 42 9 7 56 47 81 15 11 54 48 21
13 23 51 24 38 31 15 19 39 91 12 54 29 48 1 65 44 81 90 94 77 18 8 5 30 46 74 56 36 72 21 60 27 16 75 22 7 67 11 76 35 88 50 26 85 32 93 57 70 80 6 40 79 87 64 82 66 95 43 34 3 58 9 0 52 14 59 89 17 55 41 4 37 78 71 45 62 33 83 25 53 20 69 92 73 68 10 63 84 28 47 49 61 86 2 42
47 61 37 19 2 85 12 17 10 88 84 62 92 63 31 74 67 68 51 8 1 11 20 87 90 15 25 66 7 65 34 38 35 70 21 55 43 95 72 75 69 89 60 86 3 45 50 79 36 80 57 29 93 24 32 26 13 40 44 39 23 76 49 82 91 0 48 41 77 59 28 30 42 22 52 53 54 73 81 5 18 6 33 46 71 94 4 27 83 58 56 78 64 16 9 14
54 58 31 84 24 52 37 69 12 89 72 51 61 4 44 71 39 14 75 60 83 50 47 55 3 79 93 66 76 68 45 70 48 34 32 22 35 88 53 23 11 8 59 13 85 42 30 40 1 33 90 6 81 26 82 10 57 19 78 87 7 62 18 41 21 94 86 15 65 5 95 2 91 20 56 49 25 63 46 16 17 36 74 28 64 77 73 27 92 29 80 9 43 38 67 0
25 20 83 64 63 82 15 14 41 62 37 11 1 57 88 4 21 76 16 77 17 13 2 43 61 93 30 3 69 24 5 75 73 58 66 45 8 89 50 33 52 19 92 44 12 29 95 38 23 40 71 27 68 56 10 28 70 54 65 6 84 35 18 0 80 81 46 26 34 87 36 42 86 59 67 49 78 72 31 9 60 94 74 47 7 39 85 51 32 55 22 48 91 53 79 90
78 10 77 74 8 39 64 24 69 23 49 70 21 63 52 90 4 2 68 76 6 56 65 46 73 13 30 32 53 54 25 19 28 15 27 83 88 47 45 1 61 48 95 84 59 3 91 86 57 51 58 41 37 26 31 20 5 75 29 38 87 72 43 81 16 0 22 14 9 60 66 35 55 36 71 34 82 67 11 18 17 12 89 44 40 79 50 80 85 94 33 93 92 42 7 62
29 42 94 30 28 44 58 21 20 51 6 72 95 93 15 92 74 24 50 54 80 66 61 57 48 26 78 2 31 38 77 39 19 76 70 0 1 53 75 69 90 11 25 23 10 65 4 64 56 16 52 73 91 60 7 89 46 41 22 47 84 3 5 12 87 9 86 49 27 37 81 85 45 83 17 59 43 71 82 36 33 55 8 40 18 14 35 62 67 88 13 63 79 34 68 32
93 89 5 78 19 32 30 81 75 2 55 65 85 57 86 50 26 36 45 43 74 92 27 17 0 28 44 84 11 8 72 6 49 70 1 46 21 42 71 3 24 88 91 58 48 9 31 25 23 69 90 82 29 40 95 34 22 35 94 73 7 52 79 66 51 18 76 54 33 12 53 47 61 62 10 77 60 14 16 15 87 68 83 63 41 56 4 64 37 38 59 39 20 67 80 13
7 48 25 72 62 50 3 79 12 44 38 81 23 4 26 71 41 70 47 14 27 5 87 46 49 64 2 1 37 0 17 77 33 45 65 74 20 88 21 80 43 89 95 67 85 94 82 68 24 10 31 54 76 63 32 84 75 22 52 60 18 90 61 66 59 56 92 51 29 35 6 39 93 86 83 13 69 91 40 30 36 11 58 57 78 28 34 9 55 53 73 8 16 42 19 15
41 4 39 71 10 60 36 37 68 9 1 62 13 91 89 93 12 2 79 44 30 0 14 65 27 78 87 28 46 82 57 95 43 66 90 16 86 33 76 26 81 29 3 92 64 35 48 24 74 73 11 23 21 31 84 55 72 18 38 40 50 52 8 49 54 6 83 94 7 47 32 45 53 88 69 58 61 75 70 19 67 20 77 17 22 80 42 5 85 63 59 56 34 25 51 15
89 57 1 2 12 34 72 9 63 66 80 38 13 35 67 53 45 78 58 20 4 16 30 40 15 55 85 64 44 92 43 87 71 69 94 56 83 31 60 95 37 91 11 39 48 77 59 84 93 82 73 65 33 68 42 81 23 41 62 49 90 46 79 25 47 18 8 10 51 19 50 17 22 74 5 27 86 6 52 0 28 26 36 54 88 24 75 21 7 29 76 61 70 3 14 32
48 44 52 70 60 92 75 84 4 62 35 49 47 26 63 80 17 25 15 54 77 64 81 42 19 0 38 55 41 68 59 83 79 31 76 8 90 87 34 28 21 3 53 36 10 95 16 88 39 65 5 43 46 29 32 71 69 9 18 33 12 73 91 22 14 57 94 72 85 24 51 93 78 27 58 86 6 13 2 23 50 45 11 66 56 1 74 30 40 82 20 61 37 67 7 89
30 61 22 82 87 3 75 80 24 25 2 81 89 18 83 4 49 47 34 70 14 62 93 58 77 17 28 92 15 42 84 94 65 1 20 57 69 21 38 50 45 6 9 64 27 67 0 37 88 85 56 19 29 33 43 36 63 51 71 11 40 78 44 79 91 72 31 53 41 76 95 54 39 35 55 86 7 52 8 46 16 74 13 59 23 48 10 90 68 5 12 26 60 66 32 73
72 49 65 86 40 27 14 5 7 87 15 30 84 23 43 79 45 90 42 12 13 20 64 89 58 29 62 61 47 41 22 73 85 82 1 63 80 48 26 92 21 54 18 31 28 53 0 94 9 91 74 33 46 57 2 71 81 19 52 66 77 8 32 24 67 93 59 36 38 4 60 68 83 6 44 17 35 55 95 69 56 10 3 75 37 88 76 78 51 11 50 70 16 34 39 25
39 91 30 42 33 75 32 73 53 19 68 45 50 15 85 48 57 49 21 80 16 14 83 25 90 38 2 58 78 43 59 56 55 5 40 87 9 76 60 22 74 34 69 86 61 94 64 51 28 4 36 66 88 52 95 29 18 27 0 71 35 13 41 47 77 84 67 3 62 23 31 82 79 20 1 89 11 72 65 93 26 44 63 6 10 8 70 17 37 46 12 81 92 7 54 24
91 83 2 35 39 21 22 72 88 24 63 60 13 26 15 94 11 6 56 44 41 29 17 86 45 70 61 7 0 5 50 73 30 62 77 76 8 33 1 85 38 23 55 59 95 81 54 42 16 69 27 79 25 19 31 10 78 4 71 12 49 57 36 80 47 64 9 90 74 28 40 75 48 89 46 43 84 18 34 92 82 66 93 37 68 32 58 3 52 14 53 67 51 20 87 65
61 92 45 5 58 41 20 87 18 17 55 48 0 56 21 65 23 89 40 8 26 84 4 47 46 77 27 94 60 73 11 43 30 15 80 93 79 1 49 44 6 31 85 88 9 83 50 74 7 2 57 52 22 70 67 64 37 75 12 66 72 63 59 13 34 78 91 38 29 25 10 36 81 32 82 54 3 95 14 51 68 33 39 24 76 19 28 90 42 62 69 71 86 16 35 53
22 77 90 15 5 39 83 63 85 26 94 16 54 86 61 30 32 95 14 9 10 49 8 19 69 65 51 64 66 40 43 24 73 3 2 87 67 38 7 1 42 37 11 76 12 0 34 50 80 82 58 6 78 59 20 89 71 53 60 75 88 74 92 68 25 31 91 35 84 45 28 21 72 81 17 18 93 44 4 48 13 27 47 70 36 56 23 33 55 57 41 46 62 52 79 29
84 37 36 58 89 6 67 63 43 81 90 65 17 7 21 29 11 13 26 49 50 16 5 79 12 53 51 77 35 78 74 15 44 52 86 88 92 38 25 87 69 19 34 57 55 95 10 94 64 3 20 71 68 82 75 9 85 27 2 18 59 32 91 48 41 30 73 22 28 72 31 70 8 4 24 62 1 93 39 60 76 80 54 45 40 14 42 33 47 46 61 66 83 0 23 56
18 87 36 38 0 70 31 26 69 77 93 65 49 25 46 35 51 94 42 10 29 74 1 32 37 62 2 34 57 6 24 84 61 66 58 88 30 43 79 82 27 40 95 86 3 78 52 4 54 75 48 22 59 45 12 33 11 55 64 90 15 85 83 13 21 7 28 80 72 73 44 68 8 5 56 19 53 50 20 41 63 39 17 9 76 16 60 47 14 89 23 91 81 71 67 92
62 36 79 64 80 93 13 39 75 60 94 27 4 32 3 26 53 48 1 41 40 9 33 17 25 43 50 21 87 58 24 63 37 85 83 34 84 6 11 66 29 65 88 54 22 92 73 77 45 44 35 46 81 49 14 20 7 72 18 67 51 59 28 42 8 86 23 5 56 68 95 61 12 0 19 70 78 16 2 76 90 47 38 69 15 57 30 89 55 71 91 31 10 74 52 82
89 39 72 86 18 35 9 81 31 62 53 44 71 83 40 45 25 95 94 59 57 55 69 16 10 63 28 21 8 60 43 82 24 70 75 74 65 2 7 61 79 22 17 4 15 54 68 38 3 49 20 47 30 93 41 6 87 32 34 29 56 64 14 37 66 85 42 80 19 91 26 52 76 5 48 27 46 90 58 0 50 12 13 78 67 73 88 84 36 92 11 1 51 77 23 33
70 92 74 0 49 64 20 53 31 35 87 54 45 23 15 19 50 12 60 78 11 1 55 89 71 69 58 86 63 27 37 13 5 82 22 29 93 32 2 62 57 9 24 39 88 90 14 68 67 16 28 77 76 44 47 21 75 59 26 72 6 80 51 38 95 94 46 48 84 33 17 79 18 61 83 40 41 73 65 4 52 34 7 3 10 8 43 36 25 66 81 30 56 91 42 85
79 5 13 34 88 73 24 69 16 71 19 89 91 75 27 63 44 8 65 59 55 17 66 81 29 1 6 4 84 21 20 26 32 50 11 47 45 2 92 40 95 35 31 80 76 3 56 49 52 0 72 53 68 67 10 18 82 14 58 78 77 28 51 46 22 83 62 15 42 93 30 57 7 41 38 86 36 37 25 39 85 61 70 60 87 9 12 54 94 48 33 64 23 90 74 43
91 44 79 49 45 90 13 32 31 52 88 8 34 18 80 74 19 16 50 6 89 83 35 46 60 47 87 70 57 15 11 71 85 0 81 23 14 38 62 12 28 10 93 59 42 63 68 7 2 51 95 82 29 75 39 53 58 61 54 43 41 48 24 69 76 26 73 4 36 9 5 77 78 21 25 27 22 1 37 3 40 30 33 65 92 66 55 64 20 86 94 84 17 67 56 72
62 32 0 72 14 13 16 39 4 61 37 7 80 63 28 26 81 70 69 21 31 53 66 45 29 35 93 10 1 17 90 36 92 9 11 5 88 33 85 78 49 52 27 95 8 41 12 46 19 91 57 60 22 50 18 40 89 74 64 65 67 44 83 68 23 76 24 34 55 82 87 47 20 79 86 71 75 43 94 56 25 38 2 3 51 30 73 42 84 59 54 58 15 77 48 6
30 70 17 63 3 51 44 14 50 43 24 18 38 61 35 13 11 82 39 20 41 87 59 2 83 48 32 36 27 78 8 21 66 9 79 74 34 31 56 94 93 68 73 84 6 69 47 16 45 33 71 22 12 90 4 55 65 91 29 15 7 80 60 40 77 92 23 64 54 0 89 57 52 76 67 10 53 75 28 88 72 86 5 19 95 62 46 58 1 37 25 85 49 42 81 26
93 10 90 38 79 28 86 61 37 63 71 81 14 74 19 57 2 11 15 21 0 13 49 48 73 50 67 68 58 5 40 92 82 44 9 95 54 94 7 77 62 31 53 29 85 78 25 36 51 88 66 20 27 18 84 34 65 59 43 89 30 33 87 35 83 91 45 64 8 46 69 3 17 24 39 6 12 75 26 47 23 55 32 80 76 42 41 72 1 16 22 60 56 70 4 52
64 50 86 7 31 77 18 60 78 85 81 88 22 90 25 19 45 9 37 35 74 79 53 82 13 92 49 23 58 28 66 94 38 75 8 51 6 63 32 5 1 10 73 27 12 62 15 36 30 57 0 67 87 43 39 24 41 29 95 91 3 47 34 26 56 11 2 21 76 84 48 52 42 65 20 93 70 80 44 71 83 68 61 4 55 46 33 89 72 17 16 54 69 40 59 14
23 14 13 55 80 63 28 8 27 83 4 91 21 34 59 92 62 38 43 9 81 71 18 74 94 32 26 6 36 50 86 48 41 77 68 24 54 31 90 20 82 49 73 52 64 51 78 16 60 56 17 37 0 93 89 2 5 42 25 70 53 22 57 12 1 95 79 58 65 30 61 84 10 46 29 15 45 76 85 44 88 67 75 3 33 35 7 66 39 19 69 40 47 72 11 87
29 3 61 80 70 5 94 93 60 74 0 64 18 26 91 48 45 44 50 31 92 14 46 28 66 36 9 72 56 89 52 87 8 88 78 37 33 38 73 17 55 27 69 90 54 11 83 19 20 1 81 68 71 75 40 85 34 25 95 63 13 82 39 53 12 84 57 16 30 65 32 41 86 58 2 77 22 43 35 10 62 76 42 23 15 59 6 7 79 24 4 67 47 49 51 21
45 69 85 40 84 26 75 39 37 10 28 9 12 30 38 90 49 94 1 65 29 68 83 17 73 16 81 4 58 66 5 6 79 32 20 41 87 8 44 72 62 46 22 60 47 64 24 77 23 51 13 95 21 50 93 54 7 19 18 89 57 63 53 2 3 27 34 70 92 14 74 78 88 55 35 80 43 11 61 0 33 59 52 31 86 56 42 25 48 91 67 71 36 15 76 82
69 4 44 24 20 36 46 5 74 14 85 6 60 22 8 90 89 88 38 94 11 29 23 50 45 87 83 55 47 49 7 28 51 81 9 82 15 72 10 77 30 48 32 75 95 41 3 67 43 68 54 31 80 91 27 42 19 17 56 26 35 93 63 34 12 2 84 78 1 92 18 13 21 16 61 62 66 86 37 33 58 39 53 79 0 57 64 40 65 73 52 76 59 70 25 71
82 46 84 65 88 5 4 62 64 60 23 31 54 73 63 45 17 61 24 51 92 44 43 13 36 50 86 58 83 85 39 12 74 56 89 16 19 40 79 25 14 11 72 10 22 52 69 91 37 30 38 26 94 71 95 78 32 3 90 8 29 41 75 20 6 28 21 68 48 0 87 76 15 57 81 70 67 80 53 33 18 27 93 47 9 66 59 34 7 77 42 49 2 35 1 55
64 88 28 75 54 34 86 30 16 93 33 95 38 89 7 14 5 65 77 35 3 41 44 63 2 56 69 92 59 4 31 25 73 76 40 32 48 58 90 85 45 6 13 87 36 21 55 43 91 47 11 83 80 26 0 79 60 24 72 22 68 50 71 27 10 84 42 12 19 49 39 23 81 9 29 46 53 20 61 66 94 17 52 1 51 62 70 78 57 8 15 67 82 37 74 18
37 33 19 31 20 6 26 62 13 88 8 83 89 11 3 78 54 92 59 87 90 48 4 36 79 64 58 51 55 57 86 69 25 17 50 56 45 94 35 12 60 74 75 73 2 46 76 91 67 82 72 29 27 71 93 16 66 61 22 10 30 80 49 1 68 34 43 44 32 40 81 21 5 47 15 95 7 65 38 28 18 23 70 14 77 41 9 85 39 84 0 24 52 53 42 63
