23 17 14 13 0 2 18 10 9 11 4 22 8 20 6 3 7 19 16 12 1 21 5 15
9 4 23 17 7 16 21 15 10 12 2 13 20 3 1 14 18 5 19 8 22 6 0 11
12 3 17 21 20 6 23 15 13 16 18 14 4 1 11 0 9 22 5 10 8 2 19 7
15 1 20 17 21 12 23 22 16 9 2 0 18 8 3 5 6 4 19 10 11 7 14 13
21 17 6 1 9 16 19 11 15 4 0 3 18 20 8 22 13 5 12 14 7 2 23 10
7 15 0 12 10 17 14 2 11 22 1 4 5 13 23 9 6 8 19 18 3 16 21 20
12 3 6 23 5 19 4 10 20 14 15 2 22 7 18 0 17 9 11 16 21 1 8 13
11 5 4 16 21 1 0 3 13 15 6 8 9 10 18 7 19 2 12 23 14 22 20 17
6 14 19 21 10 8 3 11 2 16 15 17 5 13 20 9 4 1 7 18 0 22 12 23
14 2 15 19 17 4 13 16 23 1 3 12 22 18 10 9 6 7 5 21 20 8 11 0
18 22 19 13 4 3 20 10 2 21 7 15 14 9 6 16 0 5 23 1 11 8 17 12
15 8 6 20 3 18 14 4 23 10 0 9 11 7 12 22 16 21 2 5 19 13 1 17
20 13 23 22 11 4 17 16 1 8 6 0 10 19 5 9 12 15 7 14 2 3 18 21
18 0 14 9 10 1 6 13 23 20 2 21 15 3 12 11 17 16 7 22 5 19 4 8
1 2 5 20 10 19 11 21 7 15 14 9 16 0 18 3 13 17 23 12 4 22 8 6
2 12 16 13 8 19 6 21 0 10 23 4 3 20 11 17 1 22 18 9 5 7 14 15
10 11 1 6 5 3 22 7 23 21 17 16 13 12 18 15 0 9 19 4 8 2 20 14
6 13 10 17 19 18 11 22 23 8 3 15 20 16 9 0 7 1 5 14 21 2 12 4
21 9 0 17 18 7 8 10 14 22 13 16 5 12 15 19 2 4 3 1 23 6 11 20
20 1 7 8 6 5 10 17 0 12 16 21 4 9 14 11 23 13 2 19 18 22 3 15
20 22 16 15 23 10 5 6 9 17 11 7 0 13 1 4 8 14 19 2 18 12 3 21
5 21 11 22 0 15 12 1 8 3 17 16 7 18 23 6 19 4 2 13 14 9 10 20
21 13 10 2 0 1 8 4 11 15 18 9 16 14 20 12 5 6 23 19 17 7 3 22
6 5 12 1 7 20 3 18 17 15 19 2 10 13 21 11 14 22 4 23 8 9 0 16
3 5 16 17 21 1 4 18 15 11 20 22 10 23 13 14 8 0 7 6 19 12 9 2
14 6 2 7 21 20 12 18 22 1 19 0 5 23 10 8 15 3 16 4 11 13 9 17
0 9 5 3 11 13 23 2 17 6 10 22 7 4 16 1 20 19 12 14 15 18 8 21
2 10 4 3 13 7 19 12 14 16 5 23 8 20 15 21 11 17 18 9 6 1 22 0
1 22 14 12 21 6 15 5 17 2 19 20 23 16 4 9 7 0 10 13 11 3 18 8
11 20 15 7 6 10 2 21 18 19 17 0 23 1 12 4 22 13 16 8 9 5 14 3
7 21 11 19 1 2 15 14 13 10 17 6 12 23 8 5 9 0 3 4 20 18 16 22
8 23 5 10 7 17 3 11 9 15 13 12 4 22 2 19 6 1 18 0 14 21 16 20
19 0 5 14 18 15 17 6 9 11 7 22 23 13 2 3 1 10 12 16 21 4 20 8
22 19 17 20 9 5 7 15 4 3 2 18 0 1 14 8 10 23 11 21 16 6 12 13
5 4 20 10 21 13 2 1 16 14 0 17 6 19 22 12 11 9 18 23 7 15 8 3
6 3 1 9 10 0 16 23 14 11 8 18 21 12 4 20 19 17 13 2 22 15 7 5
9 20 6 8 0 10 14 2 1 5 15 13 23 21 3 12 16 4 18 11 7 17 19 22
19 2 4 18 6 10 12 8 9 14 13 17 23 21 20 7 22 16 1 0 3 15 5 11
0 14 21 22 4 18 23 20 15 8 17 7 5 2 12 10 1 6 13 11 3 16 19 9
9 2 16 23 17 8 14 1 5 21 11 0 6 22 4 18 7 13 20 10 19 12 3 15
23 12 17 11 20 21 15 5 3 7 18 9 22 6 14 19 4 10 8 0 1 13 16 2
4 22 15 14 10 0 16 19 2 21 17 13 20 11 18 23 6 5 8 3 1 7 9 12
17 16 19 13 21 8 15 11 4 22 6 2 1 12 3 23 5 7 20 14 10 18 9 0
19 23 0 16 10 12 4 13 20 5 15 1 18 21 2 6 3 17 9 22 7 8 14 11
23 12 15 9 21 14 11 19 2 3 16 20 8 4 1 5 0 22 13 17 18 10 6 7
8 12 13 22 20 14 11 19 3 17 1 6 4 2 7 18 21 0 16 9 23 15 5 10
5 15 6 21 9 18 19 20 22 4 3 7 23 0 1 2 14 12 8 13 16 10 11 17
1 22 21 11 23 16 19 2 7 20 12 18 14 10 8 15 5 9 13 4 3 0 17 6
15 2 7 23 16 21 0 3 11 9 22 19 4 8 17 12 5 13 1 6 20 10 18 14
23 14 18 21 17 1 13 3 2 7 16 15 11 19 10 6 22 4 12 8 5 20 9 0
14 19 4 15 18 1 6 23 13 5 16 7 17 12 2 3 21 9 11 10 20 8 0 22
0 16 21 6 5 9 3 8 19 1 13 23 7 12 14 2 10 4 17 22 15 18 11 20
3 23 4 5 12 15 20 7 14 0 22 11 21 9 6 10 1 18 2 16 8 13 17 19
22 21 5 23 10 16 9 6 1 2 19 12 4 11 7 14 18 20 15 0 3 8 17 13
15 5 0 2 1 22 16 4 21 19 11 23 12 20 10 18 8 6 14 7 13 17 3 9
0 4 1 12 6 11 7 20 23 10 21 18 3 15 13 22 19 8 17 2 16 9 14 5
1 8 15 6 9 10 22 18 19 0 20 4 11 23 14 2 3 16 12 7 17 21 5 13
9 20 3 5 6 0 10 22 4 8 14 12 16 2 11 23 1 18 13 19 17 21 7 15
6 3 4 13 23 5 20 21 2 9 7 11 12 1 10 16 14 19 8 0 22 18 15 17
15 7 13 2 0 17 3 12 22 4 1 23 21 9 14 19 6 10 18 8 20 5 11 16
12 16 22 20 10 4 14 1 19 21 18 0 8 13 17 23 5 11 15 3 2 6 7 9
2 7 17 3 11 10 12 22 18 19 23 20 0 9 14 21 13 8 5 6 15 16 1 4
18 7 23 1 15 20 8 16 3 19 21 13 10 6 4 5 12 11 0 9 2 17 22 14
7 15 5 14 1 23 0 13 18 19 3 16 20 22 10 4 6 12 9 21 17 11 2 8
5 8 13 3 21 19 22 4 17 1 15 2 9 11 12 23 16 14 10 20 6 7 18 0
10 23 0 4 11 18 9 5 12 16 13 19 15 7 1 21 8 17 14 2 20 3 6 22
19 11 8 15 12 5 16 22 3 18 4 20 10 2 1 13 7 9 21 23 17 6 14 0
22 9 3 20 13 10 19 7 1 17 6 15 12 18 14 8 23 21 4 11 5 16 0 2
15 3 14 8 6 16 22 21 20 23 18 5 2 1 9 13 4 0 19 17 12 7 10 11
7 8 0 22 11 9 18 21 5 1 10 3 15 20 17 12 16 14 2 19 6 23 13 4
15 0 12 16 4 18 13 21 14 5 17 23 8 2 20 22 11 1 3 10 9 7 6 19
17 1 13 8 3 15 0 23 11 16 6 18 14 2 5 4 7 20 21 22 10 19 12 9
23 10 14 7 19 9 15 6 20 12 0 22 1 16 5 21 18 4 2 17 3 11 13 8
9 15 22 2 5 10 14 16 8 23 12 17 13 11 0 1 21 7 3 20 19 6 18 4
11 8 1 22 3 15 0 17 7 14 5 10 6 9 21 16 18 19 2 4 23 13 12 20
2 22 3 1 17 4 8 6 9 12 5 19 20 13 21 14 16 23 11 7 15 0 10 18
2 17 0 4 20 10 15 13 6 11 5 22 23 3 18 9 16 14 1 21 8 12 19 7
1 13 23 18 7 21 3 9 2 11 8 0 16 22 12 14 19 4 6 20 10 5 17 15
19 7 5 11 9 10 23 20 18 4 12 21 22 2 17 14 8 16 6 1 13 15 3 0
12 1 4 18 19 21 10 16 13 17 15 2 9 0 22 3 6 14 5 23 11 8 20 7
2 18 1 23 8 21 19 6 5 0 3 15 4 11 16 14 12 7 22 10 9 13 17 20
16 11 21 15 9 1 23 6 18 2 10 7 0 17 22 20 19 4 5 12 8 13 3 14
20 5 4 12 23 10 18 8 0 6 21 22 17 9 3 11 2 19 16 1 14 13 7 15
3 12 5 1 15 22 17 11 23 2 8 0 4 21 6 20 7 18 19 13 14 16 10 9
8 21 3 17 1 0 6 10 20 5 13 16 9 22 7 2 11 18 23 15 19 12 4 14
7 8 0 13 11 5 12 18 17 16 6 21 22 2 3 4 14 23 1 15 10 9 19 20
21 14 22 9 16 13 12 18 8 2 11 0 5 19 6 23 17 15 1 7 4 3 20 10
11 15 16 3 20 10 7 9 2 6 14 17 0 13 18 8 5 1 12 23 21 19 22 4
1 3 0 9 6 11 22 2 16 13 10 4 12 19 14 15 18 17 5 20 8 21 7 23
6 22 16 14 18 9 3 15 5 13 0 4 11 12 19 21 1 17 8 7 2 20 23 10
8 20 13 17 15 5 11 12 2 4 10 7 6 1 3 16 19 9 18 14 21 23 0 22
18 1 21 9 17 10 7 5 12 14 3 13 23 20 19 8 6 11 22 15 4 0 2 16
3 1 14 16 7 13 22 15 2 20 0 18 8 21 23 6 11 4 10 9 12 19 17 5
12 0 15 23 4 22 7 18 17 19 8 21 5 3 14 11 6 9 2 1 20 13 16 10
18 4 8 15 11 1 10 23 20 21 7 6 3 19 13 12 5 22 0 2 16 14 17 9
0 16 22 5 8 6 14 23 9 10 3 12 18 19 15 2 11 17 20 4 7 13 21 1
23 14 9 20 12 16 15 0 22 1 11 10 18 8 19 21 3 6 17 2 4 7 5 13
12 19 16 5 6 20 11 8 3 9 4 23 21 7 13 2 1 0 17 22 10 18 14 15
22 12 1 6 3 8 21 20 11 14 5 19 23 18 4 15 0 9 17 16 2 13 7 10
18 1 9 15 11 13 10 7 8 20 22 6 16 14 3 23 2 12 4 17 19 5 21 0
20 22 6 1 3 17 23 11 8 12 13 2 0 19 7 15 16 5 4 14 18 10 21 9
11 4 1 6 3 22 19 14 18 13 16 10 20 21 23 17 7 8 9 0 12 2 15 5
5 15 6 0 7 17 11 10 19 12 9 14 2 4 3 1 21 18 23 20 16 13 22 8
13 5 8 9 7 4 17 15 1 2 3 22 20 6 19 16 12 11 21 18 0 23 14 10
13 2 4 20 19 0 21 9 11 14 6 22 16 10 1 23 7 3 17 8 5 15 12 18
2 11 13 3 6 4 18 9 0 15 16 8 17 23 14 22 10 7 19 5 1 21 12 20
20 22 1 9 14 11 15 10 16 19 12 6 8 0 3 2 4 21 17 7 23 5 13 18
10 15 16 19 9 1 23 13 3 18 5 0 6 22 2 21 4 7 11 20 17 8 12 14
16 23 17 8 2 20 12 5 13 21 6 0 1 7 10 4 19 22 9 15 11 14 3 18
8 15 5 17 23 19 1 9 10 20 4 21 3 22 11 7 14 0 6 12 18 16 2 13
12 23 17 5 2 16 8 11 4 14 0 22 9 18 7 15 3 21 6 20 1 10 13 19
21 17 19 20 23 15 18 13 14 12 7 11 2 3 10 0 1 9 16 5 4 8 22 6
6 2 18 16 14 7 23 8 17 20 3 5 12 22 9 15 11 4 13 19 10 1 21 0
23 0 3 21 16 17 9 13 12 6 4 15 8 2 22 19 1 20 5 7 11 18 10 14
4 21 8 17 0 2 23 6 14 7 12 13 18 15 1 10 16 5 11 22 19 20 9 3
7 21 2 3 5 22 6 15 4 9 20 11 12 23 8 13 1 0 19 14 17 16 18 10
10 15 6 3 8 20 17 18 4 14 2 5 22 9 0 21 16 11 23 13 12 19 7 1
16 5 1 4 6 15 0 22 11 20 8 12 23 13 21 17 19 18 10 3 14 7 9 2
13 16 17 0 19 23 4 11 2 9 20 5 12 14 18 3 10 7 22 8 1 21 15 6
23 7 13 15 4 5 2 14 10 20 1 11 22 0 21 3 8 12 18 19 16 17 6 9