11 37 45 61 16 8 10 12 76 95 90 87 42 80 64 57 81 77 53 36 60 62 92 56 73 79 28 71 59 52 7 33 25 46 72 68 21 23 4 54 30 85 32 58 47 82 17 55 84 50 29 0 38 49 19 75 91 22 78 44 1 51 24 86 34 65 5 83 89 40 41 9 20 27 3 48 70 2 31 74 88 14 6 43 66 67 35 39 63 69 15 26 13 18 93 94
51 75 31 84 68 52 79 74 94 73 19 30 15 80 95 45 26 18 93 44 16 27 6 32 14 58 3 90 39 61 46 20 11 89 77 28 85 65 76 7 78 22 82 10 53 60 43 64 1 23 81 9 50 12 47 24 57 2 59 83 21 56 38 92 69 42 0 35 40 72 4 70 17 29 41 62 86 88 8 37 91 63 67 54 5 48 25 33 36 49 71 13 66 87 55 34
1 52 64 48 84 68 74 67 4 89 22 93 43 30 49 39 38 45 32 26 55 63 47 51 73 0 88 40 79 75 87 61 41 2 95 62 42 81 56 85 59 14 12 60 66 6 65 20 58 92 54 13 70 76 83 21 15 77 44 86 23 71 8 46 24 25 28 94 34 91 69 35 31 11 18 5 33 90 17 78 10 3 37 80 7 50 53 29 27 36 72 57 9 82 19 16
90 21 12 86 53 41 3 34 37 30 8 10 36 23 84 27 64 77 2 72 91 95 56 19 83 20 15 60 61 76 66 59 71 4 81 1 80 88 70 89 93 49 35 79 75 43 78 28 7 68 47 14 13 39 48 55 94 65 51 74 44 11 16 45 50 52 67 24 32 40 38 73 58 63 57 46 5 54 82 85 62 22 87 17 69 29 9 31 92 42 33 0 18 26 6 25
70 52 81 88 56 10 25 65 94 47 73 59 23 6 20 27 24 1 60 36 19 26 87 30 38 76 64 0 9 82 22 62 37 14 7 66 45 29 79 4 84 69 67 49 57 63 39 80 12 50 93 43 41 17 15 2 55 89 68 18 58 72 91 3 34 54 5 33 16 32 78 46 71 48 44 40 35 8 11 86 31 53 13 51 85 77 75 28 95 83 92 74 42 61 21 90
95 23 62 50 78 24 81 17 6 38 18 19 42 93 25 37 80 35 53 7 70 75 15 33 61 16 0 57 65 59 54 27 32 63 52 89 29 34 56 51 66 83 92 68 36 87 77 43 4 14 74 11 21 60 46 13 44 64 71 2 69 86 20 49 88 85 26 94 41 5 31 48 47 22 40 67 39 45 58 84 28 76 9 12 72 1 91 79 30 10 3 90 73 82 8 55
54 74 60 65 38 40 81 87 92 16 9 33 29 88 25 1 4 72 48 36 49 31 90 73 23 30 79 2 78 45 15 57 59 53 66 68 35 47 94 64 6 83 89 5 19 91 55 51 76 85 42 95 12 8 58 70 17 43 71 20 22 93 75 44 18 0 39 69 67 21 86 26 41 61 82 7 14 63 84 62 28 52 3 50 10 32 27 13 37 34 46 24 11 56 80 77
41 82 23 36 46 71 29 65 68 5 90 9 22 78 40 94 37 20 77 14 44 28 74 17 21 0 38 95 75 60 53 50 26 24 84 66 7 59 15 2 47 11 87 3 33 79 67 13 45 25 81 85 35 57 54 18 52 43 62 10 16 27 32 48 70 73 4 61 39 80 58 55 1 8 31 6 92 56 30 72 76 93 88 49 51 86 19 42 91 34 89 63 83 64 69 12
63 32 17 19 64 3 81 36 54 62 93 89 69 11 88 57 40 53 37 67 38 48 27 91 75 22 60 78 66 39 34 1 95 82 13 29 20 10 30 80 8 92 47 74 59 24 26 52 25 90 84 55 14 70 65 0 33 2 76 46 9 72 43 86 6 50 5 77 51 31 15 58 12 68 94 87 42 79 73 71 35 44 16 49 45 7 28 23 61 56 83 85 21 18 41 4
3 9 48 14 82 13 49 12 47 58 56 77 43 78 27 46 21 1 53 37 54 45 90 10 68 28 84 73 30 25 66 74 29 22 93 11 34 67 18 2 60 61 63 85 88 62 19 26 89 52 44 69 42 5 39 55 38 31 86 15 80 40 41 0 59 4 94 83 57 50 32 91 76 8 51 71 65 33 95 79 92 7 36 75 35 24 70 23 87 72 16 81 20 6 64 17
79 10 27 45 11 80 56 66 39 54 13 58 2 86 60 73 84 83 77 69 8 74 49 93 51 47 32 75 44 26 1 95 70 78 41 15 46 57 63 14 76 92 55 24 65 21 90 42 43 12 71 82 4 23 91 20 62 89 85 38 87 94 16 5 25 22 53 17 64 50 6 33 37 36 7 59 40 67 68 72 3 29 81 28 31 0 88 48 9 52 30 18 19 35 34 61
41 6 7 20 27 12 34 90 39 36 37 59 58 69 83 91 17 84 23 73 15 71 52 94 4 65 40 21 86 38 92 66 0 16 26 79 1 78 9 48 33 46 22 80 32 29 93 28 76 67 87 61 68 14 60 51 31 30 64 44 57 3 2 74 18 56 13 62 53 10 50 54 81 42 82 72 85 25 77 89 5 49 24 43 19 88 35 70 63 45 11 55 95 47 8 75
76 49 26 79 35 42 22 51 69 21 1 50 46 57 30 38 16 56 64 95 67 45 86 17 15 71 53 65 77 41 58 63 36 78 10 93 33 6 72 70 80 75 52 19 74 14 4 61 0 8 18 55 92 44 85 31 34 82 59 81 9 32 94 27 62 91 43 73 60 11 25 12 54 37 68 28 24 89 48 7 88 5 2 47 40 23 20 13 87 66 84 83 39 3 29 90
41 88 13 65 72 33 62 56 57 60 31 53 24 78 89 37 32 17 50 67 26 7 76 6 95 90 68 2 51 92 43 21 73 69 3 8 12 36 70 30 0 40 25 14 58 4 64 80 23 39 18 71 34 11 44 27 15 54 75 47 59 84 38 5 29 74 82 63 10 61 94 45 22 49 83 9 55 93 91 52 46 86 66 77 28 81 19 16 87 48 42 35 85 1 79 20
58 24 94 27 37 52 4 81 22 41 25 0 76 21 59 62 28 75 56 10 86 95 1 20 55 3 42 18 33 34 53 87 6 49 89 69 45 17 64 39 9 26 91 54 16 48 57 63 65 66 43 70 35 74 82 30 92 12 32 15 61 83 80 90 13 71 19 85 47 36 44 5 73 77 93 88 60 51 14 11 2 29 31 50 78 72 84 79 68 46 38 8 23 67 40 7
94 66 91 13 50 84 4 31 20 75 68 6 49 35 22 88 38 33 39 7 59 85 79 43 77 71 56 34 67 1 90 2 25 19 82 55 46 32 87 21 5 73 81 3 64 15 29 76 28 72 40 18 83 93 26 57 65 11 41 10 44 95 17 37 58 16 8 42 48 24 53 80 60 51 12 27 14 78 36 70 62 92 74 0 9 89 69 54 61 47 23 30 63 86 52 45
48 76 56 87 70 84 25 26 89 3 9 64 16 53 67 32 49 92 50 1 93 45 61 13 95 4 47 54 8 83 41 52 27 34 62 94 42 23 10 40 78 19 71 59 31 74 39 24 69 36 35 77 2 66 60 57 46 80 0 18 37 38 33 22 65 86 28 75 44 7 90 55 51 5 29 72 58 85 14 68 12 91 43 21 63 6 81 17 15 79 30 20 11 82 88 73
93 83 49 30 12 14 85 0 23 28 21 68 8 9 94 87 1 79 24 43 78 92 32 76 69 31 41 51 61 6 29 56 39 10 25 90 62 95 20 38 2 77 19 81 58 75 54 65 37 63 88 57 5 33 70 16 72 89 48 80 26 82 4 64 7 73 11 18 45 74 40 53 17 60 86 34 47 3 27 67 71 13 66 36 22 84 52 42 50 59 91 44 55 46 35 15
76 90 68 35 51 79 70 50 65 49 1 38 91 6 29 20 56 4 64 74 28 43 36 18 3 37 94 55 75 34 82 33 17 71 61 95 12 58 13 22 8 25 89 19 77 69 26 30 57 67 63 23 60 27 78 9 10 73 15 39 41 40 80 85 46 72 88 0 44 52 16 93 84 2 66 5 54 59 21 31 83 11 92 62 24 42 14 81 86 53 47 7 48 87 32 45
9 35 50 65 87 7 38 79 71 70 68 39 90 62 55 49 81 44 33 54 40 51 16 92 52 5 19 48 1 43 28 83 0 2 17 10 53 34 59 61 77 75 89 14 4 63 18 36 31 78 67 64 66 80 21 88 94 20 30 56 82 27 73 93 85 26 25 11 58 95 42 60 22 23 47 3 72 12 84 46 86 45 69 76 24 57 13 8 32 6 74 15 29 37 91 41
74 94 73 59 91 30 72 1 65 69 66 12 20 38 15 71 58 54 52 39 40 2 19 29 85 8 95 63 0 33 32 43 10 79 24 92 93 90 11 34 35 87 78 26 47 53 13 77 84 16 80 61 64 22 89 44 7 67 36 55 82 18 81 9 27 14 51 50 70 6 75 21 41 88 68 62 25 57 49 28 60 37 3 31 42 86 23 76 4 83 45 48 46 5 17 56
85 94 71 38 39 30 46 25 1 20 70 10 15 36 87 76 8 59 49 21 61 41 90 19 47 56 77 11 79 43 67 48 80 84 63 73 57 4 60 9 64 13 40 75 7 0 55 14 28 89 72 83 23 58 53 5 16 2 95 65 37 74 52 81 31 45 62 22 86 3 51 34 17 6 91 92 26 50 24 82 68 44 32 27 69 33 78 29 35 88 54 66 42 12 18 93
83 3 25 48 13 35 11 0 75 55 20 70 95 90 45 87 27 28 23 34 38 29 4 78 44 56 24 58 59 62 82 50 65 21 69 7 30 64 72 68 66 17 86 91 40 74 61 36 47 6 39 84 60 51 54 10 18 33 2 1 57 16 37 32 67 41 15 31 94 63 77 73 71 22 42 92 80 8 88 52 85 19 93 79 89 9 43 46 5 81 26 14 76 12 49 53
36 0 29 81 69 25 1 61 75 73 54 23 16 45 91 83 47 67 58 3 88 42 82 59 51 12 44 40 34 17 74 43 89 56 10 7 18 85 71 84 6 22 30 53 4 68 49 80 48 28 55 64 70 93 63 62 33 26 65 9 14 13 19 60 90 27 20 11 79 39 35 2 46 5 38 50 31 95 37 92 76 57 21 72 78 24 77 52 15 41 66 32 86 94 8 87
32 10 45 86 29 71 87 52 55 47 23 60 30 62 40 19 17 53 81 3 78 92 68 37 43 4 88 50 79 41 8 25 15 59 24 20 27 21 51 91 22 16 58 93 42 26 11 44 85 2 65 36 33 84 28 0 13 54 66 56 9 75 82 89 90 34 6 57 5 31 74 12 1 48 38 18 35 49 94 70 7 46 39 61 64 77 63 67 72 80 83 76 73 14 69 95
25 26 92 44 10 72 53 95 89 37 22 20 5 87 69 9 46 73 49 41 64 88 58 60 93 82 36 59 81 66 30 33 6 43 75 7 40 85 14 11 18 47 34 65 80 16 62 29 74 79 28 42 94 8 52 12 39 1 23 70 78 86 50 51 48 63 71 17 61 57 0 2 35 27 76 91 19 67 21 84 77 38 54 24 45 15 83 3 4 31 90 56 13 68 55 32
1 28 83 81 11 21 68 29 9 5 95 54 50 46 15 82 48 73 60 25 86 10 42 76 35 89 16 31 4 0 93 55 44 74 75 72 20 53 39 37 66 18 58 13 61 59 8 80 12 26 45 24 32 92 2 40 79 38 41 65 19 63 84 3 14 88 64 6 23 70 56 52 77 94 49 22 87 91 51 43 30 90 47 62 17 36 69 85 33 71 78 57 7 67 27 34
45 74 26 71 60 93 64 7 22 46 82 27 4 2 70 53 73 94 85 66 19 44 28 29 68 41 20 61 35 9 59 18 15 14 3 24 58 84 90 6 92 55 79 95 16 39 42 91 47 32 76 69 8 88 52 56 67 11 78 5 49 17 25 21 77 63 54 33 37 51 48 30 36 65 34 83 87 81 13 72 1 12 86 10 38 31 0 75 89 62 23 50 80 57 43 40
63 77 80 93 72 8 59 12 92 49 19 4 39 73 87 48 9 22 33 37 7 35 32 62 14 1 45 79 94 58 29 70 21 78 67 27 34 18 15 64 3 44 95 40 24 60 65 54 13 25 86 50 23 51 16 30 56 83 10 75 84 89 26 20 82 2 76 5 91 88 55 61 41 43 6 71 28 53 90 69 47 31 38 36 42 74 17 57 81 66 46 11 0 85 52 68
92 34 90 95 79 75 51 35 86 58 70 76 55 48 74 14 18 1 20 44 81 36 46 21 11 71 50 27 19 49 31 5 7 65 23 66 30 16 72 22 87 37 4 42 94 39 28 60 9 17 88 62 26 61 59 47 56 57 15 32 73 91 12 29 67 84 41 64 80 38 53 89 93 83 78 13 68 2 33 24 54 6 10 45 0 40 69 8 82 3 52 43 77 63 25 85
72 94 67 9 90 39 71 64 24 8 33 12 95 43 38 40 47 57 46 3 78 30 51 87 73 37 85 59 34 56 20 69 23 35 53 60 45 31 19 27 83 15 68 0 14 80 88 75 49 62 91 54 63 52 44 82 10 65 48 89 21 36 79 66 29 55 4 42 92 25 32 7 61 81 5 74 50 70 22 41 93 13 17 1 84 11 77 76 26 2 18 16 28 86 6 58
60 91 24 20 42 95 11 15 8 89 81 62 18 88 5 21 52 39 36 80 1 90 64 53 10 55 73 77 27 29 51 46 48 72 65 84 9 54 7 78 43 30 14 63 25 61 94 17 67 74 22 19 85 26 13 28 66 82 93 23 40 75 56 4 70 34 31 58 37 76 71 47 59 44 12 83 86 41 69 87 32 68 16 0 35 57 49 79 92 45 50 6 33 38 2 3
73 57 6 48 25 46 79 88 14 56 91 54 50 43 61 55 24 13 10 33 39 21 3 44 27 16 34 8 69 85 5 82 40 93 65 72 36 20 87 12 86 1 51 90 30 68 94 11 66 0 59 95 77 31 41 67 23 60 71 70 89 28 62 84 58 4 76 74 19 53 7 42 18 52 63 37 92 15 45 80 35 26 9 75 22 49 17 29 64 32 78 81 2 38 83 47
66 61 50 80 23 5 55 92 27 34 47 84 36 65 8 49 3 2 21 41 22 16 44 25 39 83 24 79 35 60 10 70 53 77 28 82 57 6 62 42 11 94 71 56 4 63 76 75 54 17 38 29 89 43 59 81 45 15 51 69 48 58 18 86 46 7 1 93 26 78 9 87 32 20 31 64 40 19 37 68 0 95 91 74 73 90 52 67 72 85 13 14 33 88 30 12
65 87 56 62 13 39 51 69 45 29 72 44 71 83 76 92 48 66 4 37 47 12 25 46 16 14 26 2 23 64 80 6 24 86 60 75 21 38 17 33 61 74 28 68 49 52 82 95 63 85 31 3 22 79 73 57 19 30 67 93 40 77 11 70 81 0 18 50 91 9 1 15 90 59 32 5 88 89 42 55 35 7 10 78 20 53 43 27 34 8 84 58 36 41 54 94
29 89 95 50 92 78 31 47 66 46 87 33 48 75 35 14 9 72 13 37 0 56 59 3 70 93 42 34 12 17 69 90 4 85 91 64 36 6 63 79 24 22 28 76 18 27 54 53 84 19 25 77 58 61 43 86 88 44 57 10 94 21 26 65 74 52 15 1 51 23 20 83 55 16 71 30 82 60 40 7 62 49 32 38 11 67 80 8 45 73 41 5 81 39 2 68
7 42 82 57 21 35 19 6 12 5 53 27 67 34 44 75 23 41 25 90 50 77 73 17 52 47 18 16 86 24 61 68 38 3 39 9 69 76 4 1 88 13 94 14 31 65 66 54 10 48 60 83 89 8 11 15 95 40 79 87 22 92 64 63 62 91 85 46 55 59 93 72 30 43 51 37 56 70 58 2 81 45 84 49 71 78 32 26 0 29 28 80 20 36 33 74
15 41 18 38 30 66 50 57 1 48 94 68 36 64 82 92 3 44 9 6 52 0 7 53 89 19 33 32 51 62 93 39 56 61 34 77 80 2 5 78 73 14 86 27 21 24 75 87 42 12 31 90 47 23 58 17 79 26 65 37 70 10 84 72 20 74 83 81 22 88 35 11 46 16 95 59 76 25 67 49 29 43 28 45 63 91 60 85 69 4 40 71 55 13 8 54
17 67 42 58 45 70 89 19 38 24 87 54 93 81 91 94 21 26 36 15 53 92 32 74 34 13 43 95 56 12 18 86 83 16 49 79 2 30 7 90 57 33 37 31 6 59 65 4 47 72 28 50 55 48 10 60 69 23 0 75 1 71 62 35 9 44 76 3 39 25 78 61 85 41 40 80 51 82 73 68 29 64 5 66 88 46 20 27 11 63 8 77 22 52 14 84
91 28 76 66 83 89 80 67 81 46 0 56 86 23 88 33 65 35 44 17 82 29 51 94 77 41 18 12 2 52 53 16 1 7 39 59 93 27 6 9 73 21 10 95 50 25 87 69 55 49 64 4 85 48 79 13 8 11 5 20 54 26 24 19 42 90 74 34 61 78 71 37 58 63 43 38 72 45 30 40 47 57 14 60 92 68 15 32 36 84 3 62 31 22 70 75
38 35 32 95 55 53 57 85 33 76 18 70 61 23 80 75 62 4 20 68 84 50 92 64 60 15 81 72 10 89 43 7 3 13 69 46 1 87 19 22 51 66 71 82 37 2 86 74 11 41 45 5 47 83 12 6 94 16 39 63 59 79 21 8 36 48 49 58 91 90 28 77 0 30 73 9 93 44 29 54 25 17 78 56 31 65 88 26 14 24 27 67 34 52 42 40
61 1 14 4 28 10 92 20 50 26 19 22 23 0 87 29 13 91 74 68 33 2 81 42 71 34 15 25 94 57 55 32 62 64 48 73 5 54 45 88 24 80 16 51 43 60 39 93 31 83 82 86 9 47 8 21 6 44 18 56 65 17 70 95 12 41 58 27 46 67 40 11 37 84 72 79 77 90 89 7 3 78 76 36 53 52 69 85 66 59 30 35 49 38 75 63
4 92 60 46 58 66 13 26 12 56 27 69 2 52 75 67 8 30 7 16 88 86 74 1 0 84 14 32 65 20 70 85 55 95 54 80 28 41 89 6 47 77 15 61 35 45 48 73 63 90 17 64 43 31 51 21 3 42 22 10 25 34 37 71 11 40 78 24 44 50 72 82 9 76 81 29 59 19 94 5 68 18 53 49 33 91 38 79 36 62 57 39 23 83 93 87
90 30 7 84 86 56 75 11 57 87 10 50 45 20 33 31 18 60 42 64 93 82 0 4 34 23 28 29 39 68 16 54 91 73 94 66 13 53 43 19 1 80 76 36 21 62 83 77 27 71 2 5 26 72 12 85 44 46 3 89 52 48 70 63 35 24 15 14 22 74 49 40 32 38 55 41 79 67 81 17 6 95 92 8 47 88 58 25 37 65 9 51 78 61 69 59
72 27 88 47 13 63 0 4 50 83 20 44 90 45 10 71 67 3 1 59 18 9 54 92 2 62 23 17 8 51 6 84 31 75 64 76 38 70 73 32 78 34 46 41 55 21 7 58 39 89 19 65 15 49 43 28 57 26 93 14 74 52 87 48 16 94 29 42 91 80 61 56 36 35 37 60 25 5 86 68 66 53 85 12 24 95 40 33 11 81 69 77 22 79 82 30
74 58 13 76 79 55 70 24 25 69 88 89 40 50 20 11 2 63 62 82 0 45 19 46 68 36 8 28 53 56 84 48 1 15 72 92 7 59 77 85 66 73 23 93 34 90 64 9 6 10 61 42 32 21 54 27 49 80 30 5 57 67 44 3 94 39 26 4 65 17 31 52 18 37 33 95 38 12 14 75 29 87 91 35 86 16 41 60 71 22 81 43 78 51 47 83
79 77 66 85 50 78 64 57 1 14 11 73 70 16 61 60 59 92 75 87 44 30 86 43 72 12 33 81 65 38 37 55 68 56 49 42 63 28 47 69 10 88 46 80 5 53 15 25 27 90 52 0 45 23 19 39 34 58 94 24 82 83 20 67 29 76 93 7 18 3 51 74 2 32 21 35 89 22 4 26 41 13 95 8 9 6 31 84 40 91 54 48 62 71 17 36
9 8 52 36 23 85 54 20 58 35 77 73 51 39 32 92 44 70 56 43 14 5 40 22 24 84 49 12 19 93 50 65 62 82 72 91 41 34 21 17 57 79 30 61 38 2 95 11 4 25 13 47 89 90 71 75 15 88 0 16 10 42 83 29 87 69 33 60 94 18 55 64 81 74 7 1 63 46 28 48 26 80 66 45 86 37 76 27 53 78 59 6 67 3 31 68
64 16 25 54 19 43 39 2 34 7 38 85 46 80 88 71 6 17 75 51 31 79 12 48 92 90 29 66 0 45 32 5 41 83 33 72 65 82 47 67 21 91 56 95 58 40 69 30 35 14 10 42 57 28 62 63 20 61 59 94 26 15 93 24 3 9 81 84 49 87 8 73 1 22 18 78 37 52 76 70 27 53 74 55 68 44 23 89 50 86 11 13 36 4 77 60
39 37 83 68 20 11 60 30 18 55 42 89 27 12 88 77 66 21 48 65 38 28 22 75 2 81 9 95 49 0 44 84 7 43 79 14 53 90 92 82 1 67 56 46 64 15 34 4 40 17 32 5 47 13 45 33 31 25 74 50 51 19 69 58 63 3 91 36 6 10 23 52 29 71 94 61 78 73 86 93 59 87 70 26 72 35 41 16 24 8 76 85 57 80 62 54
80 41 49 75 90 34 94 54 51 55 45 32 9 25 44 29 67 89 74 28 19 23 2 85 86 13 87 12 91 17 43 4 22 82 64 84 20 0 26 60 27 57 59 71 5 77 24 15 52 61 88 21 56 1 65 46 70 76 42 6 14 69 95 18 79 11 8 31 47 39 81 53 10 73 83 38 93 50 63 92 16 62 78 40 48 36 37 66 58 3 35 30 68 72 7 33
53 76 19 63 68 41 35 66 28 74 91 49 25 84 85 71 78 40 62 0 45 54 14 56 10 7 26 23 92 11 9 80 24 22 90 75 20 60 52 13 67 17 51 83 34 15 33 73 55 43 77 70 82 5 86 72 95 29 93 32 50 4 48 44 42 36 58 37 87 89 47 2 64 59 31 69 18 39 61 94 57 21 88 8 6 46 16 1 12 27 79 65 38 30 3 81
71 80 70 31 15 94 72 34 39 44 46 24 9 10 54 75 73 40 21 84 25 87 36 38 11 43 90 8 95 59 67 37 12 92 5 60 76 50 77 81 64 41 14 1 55 91 2 4 69 58 65 93 52 51 78 83 48 16 79 33 62 45 57 20 42 22 56 29 89 74 66 6 19 23 30 61 85 53 7 26 49 47 0 86 28 3 88 32 63 27 68 18 35 82 13 17
17 64 66 73 38 56 32 75 23 85 0 26 28 81 33 84 34 89 12 68 65 6 60 53 10 5 92 63 59 94 76 62 67 47 15 41 82 70 16 9 72 93 77 86 19 25 7 55 2 90 21 91 39 42 40 54 43 36 46 80 83 87 27 61 95 49 20 69 35 58 45 74 14 24 8 52 18 37 4 22 11 31 48 71 50 57 3 88 79 29 44 13 30 1 78 51
64 28 4 31 27 14 35 7 38 26 80 36 73 83 95 69 9 94 15 8 24 62 43 10 55 86 93 13 90 17 18 76 5 91 12 49 57 2 68 58 20 22 21 48 52 82 34 89 46 84 59 61 79 70 60 85 50 16 41 3 65 37 29 32 23 56 67 47 19 0 88 11 33 63 39 71 6 1 75 42 72 87 44 54 53 66 30 25 92 78 77 45 51 40 74 81
67 27 64 83 46 82 88 80 90 70 37 71 54 56 18 34 21 28 43 78 55 42 24 14 26 50 79 35 15 5 68 85 49 22 69 38 8 84 12 6 63 23 0 53 2 58 87 41 86 72 10 52 93 65 9 13 25 36 60 91 51 17 3 74 30 33 59 7 40 77 89 19 39 1 11 4 66 75 31 48 73 76 45 47 32 44 81 20 94 29 95 62 57 92 61 16
20 36 40 26 31 2 23 54 80 45 79 70 92 46 16 84 73 22 48 7 11 17 35 42 9 86 43 65 87 0 68 85 28 72 74 34 77 56 15 88 67 59 6 41 25 13 57 52 38 55 44 83 1 64 5 93 61 50 62 32 58 69 27 19 10 60 39 81 78 71 89 37 53 63 95 76 30 91 94 47 33 4 18 66 24 12 8 3 82 51 14 90 29 75 49 21
45 34 41 52 6 35 92 20 86 78 40 43 74 57 19 70 38 31 26 54 21 60 48 15 83 39 93 87 32 12 62 71 16 17 75 73 0 25 61 5 13 22 68 58 3 81 30 27 36 1 50 49 47 90 63 76 53 94 33 23 79 29 89 91 64 2 8 46 55 59 67 18 51 11 7 88 28 4 69 66 42 9 10 82 72 14 84 77 85 65 24 37 44 56 80 95
16 12 34 2 9 81 10 30 41 57 6 49 54 5 33 67 26 44 19 0 8 28 77 35 75 46 80 63 7 55 15 89 42 83 20 13 4 60 23 31 78 95 22 24 62 93 56 3 65 48 1 37 32 66 43 68 47 71 27 86 25 61 94 74 36 38 70 87 52 17 53 39 69 59 45 21 11 90 79 40 88 72 51 92 18 82 73 84 58 91 29 14 85 50 76 64
92 83 71 95 11 67 44 52 45 29 49 73 94 58 10 22 18 34 5 16 55 20 38 17 25 32 7 60 85 36 30 9 13 26 80 54 14 39 90 82 43 23 1 56 21 27 93 81 91 42 0 48 68 87 63 31 86 53 59 84 47 40 66 19 77 76 15 57 65 88 61 64 62 37 79 41 51 3 28 46 75 33 72 4 2 12 69 89 35 8 70 24 74 50 6 78
