86 34 17 94 45 74 77 7 6 65 14 56 51 71 24 25 19 21 59 46 67 81 18 49 11 47 32 3 79 44 16 39 29 66 31 48 5 40 57 76 88 42 4 63 87 95 73 69 93 1 26 84 80 41 60 62 33 78 52 30 82 0 58 23 61 85 54 83 12 2 68 38 35 37 75 64 28 50 90 92 15 53 22 13 20 8 43 89 9 70 10 55 36 91 72 27
40 47 31 88 24 13 41 92 30 43 73 16 67 9 65 83 94 93 26 57 14 45 85 75 35 64 20 87 0 33 80 63 50 60 42 61 3 28 53 70 79 10 59 27 71 37 82 36 2 58 21 15 89 8 76 12 54 77 68 51 49 18 34 86 95 62 5 11 78 74 69 46 66 32 90 38 84 55 22 48 44 39 7 81 1 91 19 56 25 23 4 52 72 29 17 6
13 83 11 34 71 69 61 63 16 60 86 62 2 23 28 94 36 29 19 5 55 22 89 43 14 39 27 85 84 48 10 68 87 18 31 91 56 25 44 45 53 92 79 6 88 24 67 54 65 93 58 95 82 12 41 46 4 74 21 42 72 78 66 38 70 59 77 64 90 52 50 17 26 3 8 20 81 33 57 73 30 80 51 75 37 32 76 47 49 15 7 35 40 0 9 1
5 90 76 95 28 35 3 87 46 24 74 11 26 69 16 14 72 52 29 9 70 83 38 49 6 78 32 21 67 42 12 44 27 33 51 30 45 25 22 65 50 80 75 88 60 54 92 41 36 94 85 77 47 18 1 68 89 64 73 17 19 58 34 59 43 66 20 2 82 62 71 40 0 81 56 55 93 7 48 63 86 4 53 15 8 57 61 84 23 37 31 91 79 13 39 10
75 69 14 92 44 18 30 1 76 60 4 52 48 84 58 83 2 36 25 79 51 40 11 95 8 34 66 91 5 7 94 0 82 64 78 29 37 27 54 19 89 35 6 71 41 65 24 53 57 39 46 16 33 62 43 55 42 68 50 70 93 17 90 73 49 63 13 38 74 22 28 10 31 87 86 3 45 85 72 12 32 23 80 59 88 61 81 77 26 20 15 47 67 56 9 21
40 56 37 12 4 35 41 77 9 86 61 69 53 24 34 87 80 71 44 76 26 63 11 43 45 57 90 84 27 21 29 81 49 58 20 88 94 65 10 67 85 78 1 48 23 25 55 68 5 82 75 92 74 62 50 6 3 72 30 14 2 19 64 15 52 18 70 89 8 59 13 7 38 66 39 83 17 22 36 91 51 42 46 16 0 28 79 31 47 60 95 54 33 32 73 93
17 88 66 63 10 53 25 80 65 62 32 78 19 46 56 58 87 91 95 12 71 77 38 9 31 69 52 1 61 28 76 37 13 72 24 4 23 0 68 60 48 26 86 57 18 85 5 74 55 93 89 30 36 40 45 16 75 21 15 50 64 33 90 73 34 2 7 3 14 35 94 59 11 22 81 42 84 82 83 92 67 29 27 41 47 6 43 44 20 49 39 8 79 54 51 70
68 88 20 87 90 12 0 46 23 75 16 36 6 63 19 44 62 85 53 65 33 71 21 59 70 60 13 17 73 61 52 81 1 84 24 42 49 30 69 31 82 86 64 72 39 38 56 43 78 10 37 40 27 28 54 66 92 2 47 79 18 3 77 41 55 51 58 25 67 48 94 91 26 95 50 57 7 5 89 93 83 74 14 45 35 80 76 8 34 15 22 9 29 11 32 4
83 66 5 63 60 90 72 31 50 13 47 14 86 9 16 68 0 55 10 92 57 37 62 46 85 76 69 94 3 28 19 54 21 52 95 74 22 73 79 11 51 8 43 38 15 75 87 23 65 82 70 35 34 78 29 39 81 40 41 89 61 30 44 20 26 71 84 42 53 88 12 91 33 27 24 77 17 49 36 59 1 18 4 45 80 58 48 93 56 64 7 25 6 2 32 67
72 42 10 80 26 21 1 78 49 66 43 4 67 7 79 85 16 77 38 12 5 44 92 82 13 84 93 91 95 47 86 62 54 94 41 0 81 70 23 36 68 29 90 34 8 3 31 64 53 11 19 20 15 48 74 22 51 32 28 46 75 30 63 39 45 56 24 73 88 17 71 2 89 35 50 59 27 9 55 6 87 58 57 76 65 14 69 60 40 33 37 52 83 25 61 18
93 73 29 17 50 68 81 21 24 85 27 2 42 52 80 37 71 23 43 0 67 76 14 19 5 3 20 90 91 94 53 63 6 88 70 54 49 59 36 89 9 32 60 69 10 15 25 8 31 35 34 16 28 7 11 62 39 40 12 18 75 87 33 48 46 78 13 64 55 95 82 44 1 77 26 41 56 58 51 47 22 79 84 57 30 74 72 66 92 86 38 61 4 65 45 83
76 83 57 59 49 3 53 55 18 35 41 58 27 21 5 89 81 29 9 25 91 0 63 37 69 68 38 17 42 2 66 84 8 94 4 26 16 32 28 48 20 73 56 40 50 12 43 75 10 7 86 33 14 47 54 90 52 64 6 85 74 15 70 23 45 44 61 11 78 46 24 60 39 1 36 34 95 79 13 77 30 87 92 72 51 82 62 93 80 22 88 19 31 65 71 67
33 47 76 90 45 50 23 2 78 95 82 9 5 62 34 17 40 93 36 27 53 12 6 91 85 0 44 15 77 89 7 48 51 4 87 79 59 55 56 43 18 63 26 31 74 65 57 66 64 3 83 54 28 73 81 71 37 16 11 39 21 46 1 32 88 38 13 68 80 8 92 61 75 24 29 67 84 49 60 41 42 10 35 86 30 14 22 19 25 52 72 58 70 94 69 20
37 61 94 63 51 26 52 70 28 73 29 24 66 81 53 22 85 10 68 0 79 95 12 23 75 8 41 5 38 55 57 48 76 27 69 40 14 34 33 83 18 89 44 59 2 72 4 46 93 42 30 74 58 13 60 50 3 9 92 16 36 6 80 84 65 25 62 31 32 35 64 1 17 20 39 56 82 67 47 88 49 87 71 78 90 54 43 11 21 15 77 19 45 7 86 91
61 6 28 9 87 10 37 0 41 74 52 34 59 43 18 46 39 26 49 57 56 23 91 8 32 58 84 63 86 24 21 22 51 44 64 55 72 77 95 71 30 35 53 5 48 85 47 90 12 80 20 11 81 38 17 76 2 19 92 83 89 93 67 4 66 29 78 65 54 31 75 94 36 69 42 33 27 16 14 7 40 25 50 45 79 82 60 1 68 13 3 15 70 73 88 62
66 54 2 58 44 57 33 91 30 74 76 80 35 18 55 32 70 68 46 92 93 63 10 41 3 25 14 77 22 59 75 27 37 40 39 64 72 28 5 56 48 69 47 65 73 87 20 7 67 9 81 4 50 38 62 84 26 42 16 12 19 88 8 78 29 49 0 23 52 1 21 11 95 53 6 85 13 34 94 43 82 61 15 90 71 79 17 36 51 86 45 31 60 24 89 83
64 15 61 31 86 88 85 2 28 77 82 24 71 76 13 83 25 89 72 17 36 50 93 95 30 53 9 68 21 27 66 57 60 81 73 74 33 65 39 10 26 92 80 79 40 22 20 58 91 62 70 44 32 59 4 51 16 56 11 45 52 94 19 41 12 0 90 1 63 47 67 35 78 6 7 37 49 38 14 75 3 42 84 5 34 18 8 54 23 87 29 46 48 55 43 69
77 75 15 66 79 50 3 0 13 94 32 17 47 6 52 21 4 80 53 9 64 16 7 91 72 25 81 30 89 61 20 71 86 39 78 69 45 33 48 24 83 29 85 12 18 28 46 42 76 35 93 19 65 58 27 51 70 14 41 82 60 37 62 55 34 67 54 22 92 87 38 74 26 90 43 57 44 11 23 63 59 84 8 68 5 1 36 10 88 73 49 2 40 95 56 31
79 50 73 26 80 29 66 89 4 91 90 95 39 86 42 36 21 69 93 41 6 1 75 87 37 67 60 44 56 76 81 30 32 47 46 49 84 11 43 38 70 62 45 71 59 33 16 88 92 7 40 53 3 15 54 77 57 28 78 82 72 83 51 48 12 20 14 94 13 22 2 64 35 63 19 10 34 0 27 23 85 74 68 24 55 31 8 5 17 25 65 52 18 61 58 9
61 90 51 2 79 25 12 55 63 94 71 64 36 77 17 86 67 4 15 7 93 74 49 76 84 8 47 92 43 27 46 85 9 83 28 50 20 3 60 6 65 58 91 45 68 72 40 35 42 41 19 14 48 37 82 69 34 33 53 57 95 23 31 21 66 52 22 54 73 75 62 87 24 13 5 59 0 39 30 78 18 70 26 89 88 29 80 44 11 1 16 81 38 10 32 56
82 36 5 81 89 39 28 57 51 14 67 74 2 90 77 1 35 20 6 55 12 48 13 41 15 0 83 73 45 69 47 60 40 22 49 10 66 93 65 38 58 50 64 25 53 86 7 76 34 52 91 54 94 19 59 46 78 63 43 16 56 17 11 85 21 88 33 61 18 42 29 62 44 4 75 70 8 24 87 95 23 79 32 68 37 9 27 92 80 31 84 30 26 72 3 71
10 25 59 48 20 15 63 32 12 23 8 74 73 91 53 65 17 36 27 18 30 11 45 29 76 92 46 93 84 60 64 21 26 78 56 2 43 62 39 33 34 3 1 61 72 75 57 40 66 89 13 70 54 22 5 4 0 83 16 49 80 95 38 19 6 37 69 35 79 51 81 85 71 68 94 55 67 14 24 52 42 41 77 7 44 31 58 50 82 47 28 86 87 9 88 90
39 7 10 11 59 82 56 71 13 81 72 15 86 14 91 40 5 62 88 95 44 48 32 6 38 21 75 36 83 37 8 49 42 45 55 63 24 30 60 46 4 3 80 35 90 29 74 68 47 65 26 89 16 27 20 87 2 51 78 41 77 23 84 34 17 52 79 54 69 1 58 12 22 19 25 93 66 85 57 92 0 53 76 31 73 9 50 64 43 70 28 67 94 18 61 33
67 91 30 64 22 65 40 33 66 73 53 52 92 28 35 1 14 7 56 48 31 36 11 47 41 72 24 49 10 46 90 37 81 12 50 43 86 83 0 27 69 18 2 88 58 6 94 20 93 95 78 5 70 84 63 26 75 59 80 3 21 44 62 55 29 38 34 79 16 77 61 87 68 54 32 57 82 25 13 19 42 9 85 89 39 71 8 23 4 76 15 17 51 45 74 60
59 3 91 31 79 30 72 50 12 88 92 49 83 36 34 18 61 93 73 20 75 21 63 81 17 71 68 8 89 70 28 38 0 13 19 57 69 86 52 39 48 51 25 33 24 77 53 5 74 82 23 4 87 27 10 26 15 54 94 64 16 32 44 55 60 6 56 43 85 90 84 29 65 11 37 46 2 66 45 47 9 1 78 14 35 40 58 76 7 67 62 22 80 95 42 41
51 25 65 23 88 10 44 92 41 43 64 46 84 27 29 86 24 74 36 53 26 71 91 54 66 5 59 85 73 45 9 79 78 52 30 80 58 62 76 11 83 87 20 38 82 1 31 21 8 40 55 19 48 72 15 90 2 50 47 3 81 18 12 14 68 35 60 13 6 32 4 33 56 17 57 34 28 67 22 89 75 63 70 93 49 69 39 94 77 16 61 7 37 42 95 0
15 67 55 38 47 24 51 60 30 52 72 25 13 18 95 2 89 73 58 81 61 65 91 69 21 23 46 77 74 4 32 76 71 50 42 64 9 75 83 45 37 16 63 19 6 35 62 57 49 90 43 88 14 36 29 48 68 27 39 0 66 94 1 85 12 44 3 79 20 56 33 78 92 86 5 54 87 59 84 26 28 70 34 10 82 53 22 40 80 7 8 17 11 41 31 93
66 72 75 45 13 0 20 46 92 55 85 43 31 69 3 88 48 42 22 5 83 41 16 6 70 14 50 94 63 32 29 8 77 73 12 21 84 47 39 90 19 18 58 74 52 93 89 34 79 30 67 38 10 65 9 91 76 68 49 25 15 80 71 11 37 95 61 86 40 36 35 23 81 26 17 82 28 87 56 44 2 4 1 78 59 51 64 7 53 60 62 24 57 27 33 54
94 84 21 5 75 74 43 44 68 71 31 25 49 86 46 78 89 48 23 83 22 47 26 60 66 85 11 55 76 36 37 92 40 1 34 39 70 28 30 73 52 58 18 9 82 10 50 27 45 51 14 24 77 13 72 57 79 56 81 12 91 8 88 33 38 67 0 7 87 62 80 69 4 3 35 64 29 16 15 6 65 20 59 17 19 61 63 95 42 93 90 41 54 2 53 32
4 76 6 70 88 41 57 75 10 90 48 17 82 7 95 63 25 28 16 32 8 91 50 20 74 56 60 26 92 39 78 59 0 72 46 19 86 18 31 73 23 51 12 54 24 69 94 27 37 64 40 43 47 79 81 52 80 34 2 66 35 44 84 58 30 68 3 38 71 83 53 67 1 5 22 93 21 33 15 87 77 45 42 55 13 29 61 65 62 85 36 14 11 89 9 49
16 30 22 17 83 10 89 1 20 45 12 90 13 21 81 25 73 9 82 40 50 61 44 27 76 43 95 36 48 85 59 32 54 66 69 74 80 71 70 84 31 79 15 91 49 92 11 87 68 39 53 14 72 33 51 75 26 42 94 2 38 41 19 65 56 64 8 93 88 29 58 52 24 34 47 55 18 6 78 5 57 46 0 37 23 28 77 86 7 63 67 60 3 35 4 62
55 95 91 14 29 45 28 78 63 75 51 24 61 9 54 23 36 42 80 77 33 39 81 34 83 90 82 94 46 93 59 74 21 47 8 49 41 60 16 79 22 56 25 1 11 19 58 84 69 52 38 67 48 86 17 27 2 0 43 68 37 20 30 85 89 10 18 12 40 7 31 4 6 50 72 64 73 71 44 35 87 13 66 5 57 62 88 92 3 70 65 32 76 15 53 26
79 59 38 11 2 91 78 45 49 0 75 81 26 50 67 18 76 19 95 14 73 72 30 33 52 48 21 86 32 23 51 70 92 9 22 69 80 57 40 28 93 15 85 46 90 12 68 4 17 62 66 89 43 84 53 37 13 56 8 24 29 47 88 61 7 71 27 87 54 34 16 31 94 82 60 10 63 1 42 36 74 41 55 6 20 64 77 25 3 5 65 44 35 58 39 83
94 32 57 81 50 39 92 36 12 3 72 4 89 35 23 85 68 74 93 15 84 87 2 10 45 95 51 8 22 73 86 67 78 29 46 63 21 31 38 47 76 24 6 82 40 30 9 58 27 1 18 66 37 0 49 44 43 62 7 88 11 79 69 77 60 42 54 80 61 19 26 71 52 59 70 48 64 83 17 90 41 25 5 65 75 28 34 53 14 13 91 16 56 20 55 33
45 93 66 1 17 69 84 55 33 67 51 11 36 82 88 13 9 22 78 57 86 34 31 29 87 74 37 80 8 20 19 61 79 46 56 53 49 16 47 25 40 12 38 77 0 60 21 27 70 30 91 32 59 14 75 3 83 94 63 71 5 73 54 44 81 58 65 68 7 95 90 26 62 76 24 42 18 50 41 2 15 52 23 6 4 64 39 85 72 10 28 89 35 48 92 43
29 84 61 90 8 25 35 0 56 23 58 88 45 14 13 70 2 43 22 62 6 59 82 60 63 1 33 17 71 91 69 20 10 87 76 54 38 51 57 4 15 41 18 21 47 89 32 72 37 24 68 19 26 80 34 36 77 94 50 7 11 85 44 3 16 30 64 31 53 66 93 27 49 78 42 65 39 67 48 52 9 73 46 79 83 74 92 55 95 40 75 81 28 86 5 12
41 39 23 61 72 38 21 7 22 60 76 3 20 25 70 26 82 75 33 80 95 94 77 47 5 44 88 65 90 29 45 54 92 63 46 49 37 85 89 28 73 19 14 66 17 35 52 93 11 78 64 87 81 24 12 56 13 40 1 79 16 59 62 32 30 57 18 8 84 69 58 10 15 36 4 86 71 55 34 74 42 9 2 53 68 6 67 27 50 43 31 48 83 0 51 91
18 72 3 76 8 15 0 73 60 51 30 55 6 81 83 31 63 65 50 29 26 10 19 75 28 59 88 79 38 67 74 87 32 53 35 24 69 91 11 48 85 77 89 68 36 64 5 92 42 1 84 17 12 4 93 49 90 57 14 16 80 33 34 95 9 62 45 13 20 27 44 61 66 22 41 46 56 47 37 82 71 70 25 52 2 54 39 40 43 94 7 78 58 21 86 23
35 38 81 5 83 23 80 59 82 54 88 27 13 79 31 95 76 77 66 29 90 55 60 47 12 71 67 72 26 25 34 91 18 3 94 21 51 41 53 8 2 19 56 87 39 69 43 75 33 85 68 6 49 24 84 36 17 7 46 74 15 63 20 61 78 32 40 65 86 44 1 45 0 89 22 64 93 28 62 50 9 14 73 30 11 42 92 52 57 16 10 48 58 37 70 4
50 25 19 21 58 13 74 16 66 24 51 62 3 86 12 73 32 35 84 29 43 61 20 71 75 18 6 40 14 41 92 0 31 45 63 91 68 15 28 80 46 17 11 67 78 89 36 2 42 90 52 7 54 70 33 23 77 59 94 37 64 93 9 26 48 55 49 83 38 30 5 39 88 79 60 57 27 85 81 1 47 34 65 44 4 22 72 53 82 56 69 8 10 87 76 95
62 31 81 58 39 49 48 63 90 87 57 1 89 91 85 94 82 50 55 20 67 68 83 93 36 59 54 75 3 74 9 28 43 56 51 95 13 14 84 30 77 37 32 45 12 65 4 29 66 69 18 80 16 15 53 10 71 17 0 38 72 78 41 24 21 60 61 64 86 33 25 6 26 2 27 47 40 34 42 19 88 73 70 23 11 7 52 46 44 92 5 22 76 8 35 79
78 74 6 71 73 10 60 49 50 37 33 69 18 28 7 47 26 91 4 55 61 20 22 34 45 15 80 44 92 58 54 21 63 8 2 66 19 32 81 12 29 77 76 16 9 11 35 38 1 27 59 87 56 90 67 31 3 5 82 30 57 46 41 39 23 83 68 65 89 84 70 85 79 43 0 64 52 14 62 75 93 86 95 36 13 72 17 24 40 48 53 25 51 42 88 94
59 41 31 6 62 29 15 79 43 18 65 49 4 36 63 64 8 27 50 48 0 9 52 38 30 87 60 93 56 10 51 44 37 82 57 94 61 69 40 90 12 21 88 13 5 26 17 28 71 53 11 24 47 1 23 74 46 58 16 54 14 75 70 45 2 95 25 85 33 80 91 84 34 89 68 92 86 72 55 66 81 42 7 39 77 73 32 22 20 78 35 19 67 3 76 83
39 29 49 11 43 17 7 6 57 78 32 51 74 63 0 2 48 68 4 91 3 83 67 19 13 53 81 9 85 31 41 52 79 16 25 5 22 70 88 21 45 37 86 42 28 59 61 72 60 82 24 36 65 46 75 94 89 56 44 69 15 10 71 12 73 30 18 80 47 62 14 20 55 76 64 1 40 84 26 34 87 90 95 50 54 8 93 66 23 77 38 92 27 58 35 33
90 84 63 69 19 25 56 4 65 93 42 57 71 62 8 92 27 24 9 30 72 5 88 6 67 85 13 32 36 11 35 38 21 95 41 37 55 81 23 34 40 66 26 50 22 77 28 64 83 73 75 46 44 31 61 76 70 79 29 18 3 43 91 33 54 51 14 74 10 86 87 48 68 82 17 45 47 58 15 39 0 1 12 2 80 49 59 52 89 20 78 94 16 53 7 60
77 67 22 58 9 66 40 46 18 15 43 41 32 65 80 81 83 14 88 91 44 29 5 64 63 84 45 52 25 72 95 38 12 16 27 51 21 23 39 3 35 10 90 82 34 47 4 70 85 75 92 56 11 94 53 71 76 2 57 6 48 7 50 24 54 1 0 30 68 55 31 59 33 13 60 89 28 26 36 17 78 20 37 79 19 74 69 73 61 93 8 86 87 49 42 62
3 94 73 79 31 90 44 34 2 16 13 30 80 37 24 88 43 68 70 47 87 69 71 8 19 35 27 61 64 59 95 76 57 60 58 33 23 56 1 38 40 20 45 93 83 21 91 62 74 10 63 28 6 48 26 14 51 5 49 11 0 81 36 39 29 18 77 32 65 4 7 53 22 12 84 15 9 42 17 52 66 86 46 82 85 72 78 25 67 54 41 75 92 89 55 50
21 61 62 1 29 67 64 40 81 31 83 4 34 20 86 60 19 7 65 95 11 22 49 48 35 63 94 91 8 47 0 38 78 71 52 16 68 28 37 5 9 43 92 73 46 54 17 45 3 39 72 90 15 59 89 27 57 23 44 77 58 53 18 50 6 24 33 66 30 84 36 74 12 76 80 70 75 79 55 88 42 2 41 87 13 93 26 14 10 51 85 82 25 69 32 56
1 12 73 71 19 17 22 47 3 69 89 50 63 35 75 2 33 9 74 18 25 64 67 70 78 51 27 7 23 32 84 43 57 31 38 77 72 61 8 76 59 66 10 90 65 20 40 91 62 87 14 44 4 11 86 42 81 85 55 5 36 29 56 88 6 94 41 21 54 60 15 34 95 52 92 58 45 80 49 83 93 16 13 68 24 53 26 30 0 28 37 79 82 39 46 48
89 55 24 84 20 70 45 8 37 57 38 43 34 15 22 77 93 56 11 32 83 46 58 17 90 35 72 12 62 82 16 47 80 63 36 65 52 1 40 91 21 53 39 81 50 88 6 73 25 42 61 5 49 51 31 29 94 44 59 26 13 48 78 75 86 76 54 9 28 7 69 30 0 10 23 74 18 92 2 3 85 33 60 14 19 27 64 41 66 71 95 4 68 67 79 87
41 53 81 76 79 87 47 16 29 69 71 30 24 73 36 60 72 3 58 50 88 25 7 39 64 35 43 38 51 78 20 48 49 74 82 46 54 44 10 93 65 27 68 8 31 70 55 84 85 19 80 89 75 61 57 42 52 5 56 18 59 32 6 77 13 2 45 17 67 0 86 12 40 90 4 15 1 33 83 22 23 63 94 34 37 62 66 21 9 11 14 26 91 92 28 95
8 61 83 43 67 79 72 10 74 35 87 73 50 39 21 62 17 22 89 55 92 86 95 78 48 15 88 6 38 64 52 60 0 81 28 4 75 53 84 14 44 19 70 57 68 94 49 46 18 9 34 11 40 13 58 16 24 45 27 63 90 3 59 91 1 65 85 36 5 31 69 51 47 12 25 33 80 2 77 54 7 71 56 37 30 20 32 93 66 29 23 42 76 26 82 41
57 63 41 35 67 4 88 60 84 53 69 36 9 91 62 51 2 68 28 20 29 31 64 18 54 95 42 90 72 75 34 77 16 76 33 0 22 89 30 13 39 71 7 24 1 19 43 86 59 93 79 92 5 81 74 94 82 46 83 50 52 8 85 66 78 37 6 58 65 32 38 17 3 55 48 10 56 15 80 45 11 87 47 12 70 49 26 21 14 61 25 44 27 23 73 40
36 75 42 9 35 77 26 94 52 54 21 34 69 3 29 68 72 56 85 12 57 17 47 2 70 14 40 78 23 84 38 22 25 46 45 28 41 32 93 5 86 83 59 55 37 44 6 82 73 7 63 60 19 8 65 18 16 80 24 48 88 10 79 4 15 27 62 13 1 81 76 87 90 33 67 49 50 11 71 39 51 61 64 74 30 43 0 31 95 92 58 91 89 20 66 53
52 32 67 4 21 46 9 3 27 8 58 39 43 25 38 14 24 92 34 0 73 28 86 51 55 90 65 61 93 49 57 87 77 15 11 7 18 35 30 69 41 75 68 20 62 82 84 60 13 70 10 48 74 47 36 72 37 56 50 23 17 33 19 79 80 94 26 89 63 1 78 12 40 44 83 64 54 95 22 42 6 85 45 5 31 53 59 66 81 91 88 76 29 71 16 2
67 65 86 52 89 1 17 94 77 51 5 74 69 68 53 0 80 85 7 42 45 3 41 9 47 75 14 2 63 88 46 34 59 91 76 95 79 29 20 15 8 57 13 50 31 64 90 36 11 39 72 37 54 30 83 6 84 55 61 27 23 92 26 93 40 44 70 21 78 56 4 24 25 28 81 38 32 48 16 33 18 58 49 10 66 22 35 62 73 12 71 82 60 43 87 19
95 68 70 4 82 53 12 79 31 49 5 61 71 62 26 2 27 48 85 90 11 36 23 41 9 89 10 94 84 8 57 83 81 40 78 29 72 54 50 44 58 74 24 16 37 75 15 3 52 86 56 46 42 73 19 91 63 47 20 51 18 25 76 17 69 59 6 34 14 35 7 32 0 13 39 22 28 92 88 1 93 65 87 80 55 77 30 64 60 45 43 67 33 21 66 38
90 62 65 51 12 68 5 83 46 31 37 36 63 54 6 81 3 92 85 1 11 72 61 56 49 18 23 19 67 8 42 10 2 79 78 21 59 26 82 76 38 22 27 44 20 80 7 74 0 41 28 34 33 39 55 71 70 53 58 25 48 69 40 91 75 4 60 95 88 73 86 84 93 87 32 16 17 29 30 24 47 50 64 15 45 9 14 13 89 57 43 35 94 77 52 66
44 62 6 14 26 13 70 50 55 71 12 3 83 59 0 80 74 20 37 89 75 24 2 40 7 39 87 41 17 47 76 18 38 51 73 78 66 54 30 48 25 92 42 90 11 67 56 68 65 79 23 45 57 43 9 27 36 28 49 15 16 46 64 95 91 1 61 22 82 58 88 52 32 21 29 69 19 34 35 31 63 10 60 94 5 77 85 8 4 72 33 93 86 81 53 84
35 23 48 56 60 49 57 19 87 54 88 64 13 47 61 89 75 84 58 42 70 69 34 4 32 39 22 10 73 26 67 40 72 9 27 16 65 94 53 63 25 8 18 82 24 85 28 66 33 90 79 81 74 7 20 0 29 21 37 2 68 12 11 44 91 6 14 46 5 45 30 78 51 17 52 15 38 83 71 55 93 77 86 50 95 92 3 1 36 43 76 31 80 41 62 59
47 39 88 69 29 74 89 87 76 73 49 31 32 70 64 26 52 66 20 51 57 15 78 34 68 43 6 11 16 80 45 91 95 9 12 18 61 83 35 77 93 30 19 86 92 23 85 21 10 59 42 72 28 13 60 7 63 14 75 58 40 46 79 3 38 90 67 0 27 5 4 81 65 62 54 33 2 53 84 36 94 25 71 82 17 8 55 37 44 1 48 41 56 50 24 22
65 50 69 63 47 73 76 51 11 68 23 43 94 59 1 64 18 55 46 86 89 44 2 62 31 25 8 14 33 57 90 5 72 84 28 29 88 81 36 53 52 70 95 21 22 12 20 15 79 60 10 87 54 4 71 85 48 34 58 6 35 9 41 45 26 42 75 17 13 0 19 93 32 77 78 92 39 3 40 7 80 66 83 30 67 91 82 74 56 24 49 38 27 16 61 37
91 95 93 42 17 40 51 46 85 50 0 19 2 43 59 72 33 48 75 3 16 13 21 74 5 86 81 23 4 8 89 94 80 87 39 28 88 1 73 66 34 31 26 79 82 69 53 35 83 45 6 92 62 71 84 14 78 29 61 30 36 70 68 56 55 60 38 9 67 54 57 20 44 32 90 11 64 22 52 58 41 12 65 10 25 18 7 27 76 24 63 49 47 37 77 15
78 23 95 80 33 2 84 41 58 60 5 22 88 85 20 36 82 70 29 40 59 39 4 72 61 66 31 73 57 71 79 52 90 87 89 10 75 48 13 56 67 38 44 17 32 12 76 8 6 3 37 91 74 45 51 7 49 83 14 81 34 15 53 27 68 63 26 93 11 94 24 50 43 69 19 86 77 35 18 64 46 42 30 16 65 47 62 92 55 0 21 25 54 28 1 9
80 0 4 50 13 81 77 71 82 41 69 91 43 51 70 57 8 17 1 36 18 79 53 29 94 26 42 74 33 46 16 90 7 40 37 59 48 38 89 83 58 47 25 72 85 3 11 65 5 49 67 87 28 10 24 62 60 88 76 52 66 86 61 45 84 27 23 19 30 20 21 39 32 34 22 15 63 35 92 44 56 2 95 75 64 73 6 55 68 12 54 78 93 9 31 14
95 33 24 19 18 59 15 83 75 91 80 50 62 93 49 22 17 61 7 56 5 13 85 77 12 35 63 67 52 16 0 41 32 2 78 27 81 58 1 71 20 6 34 42 43 31 65 38 25 45 26 87 79 51 39 40 84 28 89 10 60 90 48 72 94 82 70 21 11 47 29 4 88 73 76 86 92 57 46 55 9 8 14 23 54 30 36 37 64 68 53 69 3 66 44 74
88 55 19 6 80 81 59 86 51 77 63 48 73 18 25 41 44 92 26 38 17 79 50 45 74 12 21 10 7 65 46 16 31 40 2 14 61 49 54 70 75 1 37 62 91 71 82 68 76 5 58 52 78 89 67 66 47 60 20 72 56 35 11 15 22 85 64 36 95 28 87 83 23 9 30 29 8 4 13 34 24 33 84 27 43 42 93 0 53 57 94 90 3 69 32 39
15 42 55 66 54 20 94 12 39 14 41 17 48 93 10 37 31 84 78 34 60 89 69 47 44 80 5 87 76 18 4 62 56 19 63 81 50 75 72 88 28 0 74 64 58 79 8 22 61 21 3 67 85 16 33 77 52 9 68 26 27 90 83 82 1 38 91 65 13 92 43 11 40 24 7 53 70 32 86 29 95 25 30 6 23 49 2 45 46 71 57 73 36 51 59 35
87 12 24 29 83 34 68 44 57 62 67 88 81 76 15 2 39 54 89 23 32 46 61 22 41 90 58 1 77 53 25 72 14 9 92 38 86 11 26 80 93 69 6 27 48 3 52 56 59 10 73 7 13 45 35 82 85 21 42 70 17 64 91 55 95 16 78 43 19 49 75 65 31 79 28 94 84 36 66 47 71 51 18 60 8 63 30 0 74 37 50 5 40 4 20 33
28 2 83 94 45 25 41 68 85 80 6 1 67 75 84 5 95 72 10 55 73 38 8 15 44 14 60 70 27 13 11 18 26 12 49 57 43 3 35 48 20 88 42 50 92 23 63 89 61 82 40 81 4 30 69 34 24 58 93 54 21 65 9 76 33 56 91 59 46 16 64 74 87 32 31 62 66 86 71 47 17 19 79 51 7 29 36 37 52 39 0 53 22 90 77 78
51 29 63 5 81 18 80 85 45 70 54 46 56 42 74 30 82 11 93 8 2 78 58 7 39 75 52 71 62 44 31 47 94 64 67 1 13 77 87 57 27 79 86 61 34 66 0 28 76 40 10 22 41 14 33 25 38 95 59 35 88 90 60 21 65 37 68 69 50 89 72 92 12 83 6 84 17 20 23 24 15 73 16 49 9 43 26 91 19 4 36 53 3 55 32 48
54 32 82 47 41 35 18 48 72 50 76 75 66 9 21 15 53 69 60 46 80 44 51 13 58 28 65 88 1 61 83 57 55 4 40 16 5 37 67 91 78 38 71 12 3 45 56 70 73 84 49 43 0 7 22 25 77 17 52 8 19 10 95 90 93 36 34 87 29 89 39 62 86 24 64 11 6 31 94 85 23 20 26 30 74 2 33 79 27 14 92 63 42 59 68 81
9 66 89 8 71 58 50 22 37 29 95 87 69 67 41 83 10 34 53 33 31 24 0 35 57 1 18 7 88 86 49 76 84 73 45 20 72 75 77 28 15 6 59 54 40 13 91 26 39 52 80 11 61 19 2 94 55 5 25 32 79 90 82 30 44 46 23 38 3 81 92 68 42 17 60 47 74 64 70 43 78 12 27 93 65 63 56 36 14 21 4 51 62 16 48 85
21 93 7 54 34 74 57 91 50 10 53 64 29 43 24 1 0 71 48 87 2 83 13 28 37 40 30 86 31 19 82 70 69 26 3 59 39 85 79 63 92 25 52 12 17 45 56 88 49 38 68 8 66 9 32 23 81 62 47 15 60 90 46 65 94 95 89 55 18 36 77 72 4 51 67 75 11 44 41 42 33 20 58 5 73 84 61 35 16 76 78 80 6 22 14 27
39 88 55 87 11 1 53 46 2 40 42 75 44 25 13 82 47 94 20 91 4 32 41 74 66 92 18 83 8 28 6 84 48 15 0 27 21 14 95 81 12 24 57 17 7 29 73 93 89 49 63 70 58 72 22 60 3 38 79 59 5 77 65 45 85 69 56 64 43 16 80 9 52 37 10 19 51 33 35 71 62 36 76 26 50 31 34 61 23 30 90 68 86 54 67 78
82 14 44 50 77 93 33 91 36 76 28 64 78 60 51 92 29 9 12 32 24 59 71 41 66 2 87 84 89 7 81 56 42 4 69 72 70 21 57 43 45 18 22 67 46 63 62 23 52 30 61 37 85 15 53 48 3 31 68 54 25 88 35 79 0 13 17 6 26 75 16 94 73 5 80 38 34 47 95 39 86 1 74 27 49 20 19 40 11 65 83 10 58 8 90 55
95 47 74 44 92 52 31 48 51 70 69 64 24 57 37 18 40 93 29 20 80 62 88 39 15 9 26 38 82 53 35 5 2 6 30 90 77 60 68 73 79 87 78 49 65 50 84 85 89 72 33 28 36 76 86 42 71 67 25 94 13 54 21 43 0 1 27 34 56 3 23 61 81 17 66 55 91 32 11 4 16 63 8 14 7 46 59 83 19 22 58 10 41 75 12 45
66 76 4 60 53 95 70 40 82 55 49 65 84 63 44 45 18 31 3 14 46 88 85 67 21 61 12 79 56 62 72 19 36 77 68 37 30 16 6 52 7 29 57 75 91 8 78 92 22 28 15 17 71 27 35 73 33 13 64 11 81 9 47 42 74 38 20 54 43 0 51 26 50 1 93 10 59 24 41 5 87 80 39 23 89 90 86 48 69 2 32 83 25 58 34 94
18 22 71 9 52 70 15 66 65 51 67 58 82 94 74 50 46 38 11 59 16 20 56 79 86 34 12 95 68 42 6 45 13 91 53 1 47 29 40 81 30 33 37 8 43 48 3 75 7 26 88 64 49 83 77 19 85 27 80 39 90 14 0 5 23 41 54 61 24 25 10 21 17 31 36 63 55 78 4 44 84 60 32 87 73 69 93 76 72 28 57 62 92 35 2 89
26 35 81 59 90 72 1 66 10 33 68 41 62 11 51 80 78 89 45 14 47 61 55 88 2 50 54 32 67 19 24 94 9 74 65 37 28 85 38 6 20 86 64 21 15 36 52 76 25 70 95 5 48 84 39 93 63 82 75 44 8 43 60 40 49 87 53 18 34 42 77 23 22 4 92 57 46 3 79 73 31 17 12 71 69 7 30 56 16 0 29 27 58 83 13 91
16 49 3 14 94 9 68 42 38 56 29 47 58 44 51 39 11 1 66 15 77 28 2 73 48 76 37 34 6 64 70 32 82 45 54 12 85 67 72 84 4 69 43 61 79 17 27 46 8 87 62 65 92 59 91 13 36 7 81 55 60 35 5 86 89 52 71 19 57 80 83 22 20 21 93 88 30 41 31 53 90 24 40 95 0 26 75 10 74 78 50 18 63 33 25 23
11 45 94 1 74 30 24 38 72 57 10 7 34 20 62 43 4 12 67 28 31 40 77 50 37 3 0 9 5 23 16 41 92 2 15 25 58 70 14 80 32 69 93 46 6 26 17 35 66 36 39 88 54 27 47 85 75 91 44 48 33 21 90 76 13 95 42 68 79 86 8 18 52 61 55 56 87 29 60 82 89 49 53 63 22 84 59 64 71 19 83 73 78 65 51 81
40 60 63 66 87 49 9 44 2 8 94 20 37 73 69 3 55 78 35 85 36 61 12 72 15 65 42 10 95 31 22 82 89 6 52 25 24 75 26 84 48 21 81 71 32 30 46 1 59 90 79 50 7 51 13 53 14 83 47 16 62 74 39 41 38 91 54 92 17 80 43 29 0 76 27 5 88 68 45 33 57 67 93 64 77 18 56 86 34 58 19 28 23 4 70 11
90 8 7 63 67 13 71 92 41 74 72 28 43 64 93 33 66 39 38 68 84 47 5 9 52 94 91 59 58 2 40 49 26 77 18 37 30 70 80 54 34 61 16 20 76 24 65 78 82 14 95 15 3 62 11 31 75 45 29 57 42 89 1 60 25 10 27 4 23 73 87 85 81 0 35 32 88 6 12 21 44 56 79 83 55 36 46 17 50 48 69 86 51 53 19 22
8 47 5 76 89 86 95 57 44 18 91 53 23 14 49 71 75 0 61 50 63 83 34 72 48 2 12 74 7 13 64 94 29 32 16 46 10 9 17 84 39 52 70 58 6 80 38 66 45 24 77 31 78 55 59 33 28 56 62 54 51 20 35 93 90 4 85 41 88 73 27 92 3 11 37 1 67 87 22 40 25 43 21 42 68 81 65 15 60 82 69 36 26 79 30 19
72 52 40 33 14 78 9 66 79 64 11 60 93 0 26 94 58 74 23 87 63 45 89 20 38 73 77 47 44 42 32 90 39 16 36 37 6 95 59 18 65 86 10 82 76 13 56 19 85 35 29 53 80 81 67 17 50 54 31 71 48 30 88 83 22 27 12 70 21 7 69 3 46 68 55 84 91 43 57 61 51 15 49 8 92 2 62 28 25 75 41 1 34 5 4 24
84 20 29 75 71 66 34 4 94 25 36 33 64 35 73 47 27 31 0 28 85 87 77 22 42 79 41 82 46 37 78 24 91 8 74 61 76 16 72 63 92 89 2 12 10 26 43 49 38 81 14 39 18 80 93 53 45 70 95 7 51 48 90 62 15 17 83 59 55 54 57 69 40 52 5 56 88 19 21 3 11 6 65 13 23 67 58 68 30 86 9 1 32 44 50 60
17 94 53 35 78 11 9 77 75 6 44 85 22 48 5 71 28 15 13 0 29 45 80 79 38 26 21 24 70 89 67 25 32 57 52 40 14 20 41 87 73 95 27 50 23 82 69 81 4 54 65 7 43 16 39 76 92 86 49 12 58 59 62 61 33 56 84 18 74 37 30 34 46 31 55 60 91 3 66 42 19 88 93 90 10 8 72 68 64 83 47 51 2 36 1 63
76 43 74 39 19 69 23 86 59 40 93 94 54 61 30 0 48 31 29 25 70 38 50 22 52 20 55 81 13 91 36 21 75 92 5 58 73 85 80 9 67 35 12 33 46 26 47 79 34 51 32 78 37 60 66 62 16 72 68 49 65 41 18 17 84 87 15 4 83 56 10 57 3 24 28 27 82 77 2 8 71 45 63 64 1 89 11 90 95 42 44 88 6 14 53 7
95 28 19 61 35 65 75 87 51 32 3 68 70 30 17 72 4 54 86 91 20 67 56 34 66 48 85 55 63 1 78 90 57 23 36 45 46 60 2 84 49 41 43 47 92 73 37 76 53 42 80 7 44 15 64 27 12 18 21 69 6 93 5 24 31 82 10 79 26 16 39 13 74 83 40 58 14 29 38 33 0 62 9 11 88 77 59 81 25 71 94 52 22 89 50 8
62 19 74 9 38 13 91 41 75 4 59 65 36 15 83 6 61 46 1 12 85 84 76 78 11 55 56 54 35 31 26 52 49 10 32 5 40 28 39 3 73 82 22 8 0 88 34 25 81 70 63 24 53 92 47 77 48 7 18 45 67 90 20 60 87 51 72 68 66 57 64 37 80 2 44 71 50 14 86 89 93 42 16 21 43 94 79 29 23 27 30 58 33 69 17 95
93 95 32 17 36 50 6 60 57 94 22 81 52 46 39 11 56 5 64 37 12 41 10 33 15 89 47 77 67 68 80 42 70 49 87 92 35 58 51 66 63 27 8 30 88 20 85 43 16 83 90 21 38 75 1 48 54 14 29 31 7 69 79 0 4 2 82 53 91 40 19 34 73 23 45 76 18 74 65 72 84 24 9 78 62 3 25 55 26 44 86 59 61 28 13 71
76 15 22 73 68 92 61 86 70 46 89 27 19 0 87 44 82 69 93 95 59 10 12 35 94 56 36 41 2 42 45 29 79 17 39 75 52 80 21 14 63 28 71 54 48 43 62 7 55 23 8 34 11 83 72 53 67 51 26 88 47 78 60 84 38 31 25 50 20 65 90 66 4 58 5 81 13 33 32 18 91 9 57 3 6 85 16 24 40 37 77 1 74 64 30 49
12 46 29 78 36 32 25 60 89 20 71 42 30 87 10 49 44 86 66 45 72 26 95 7 53 83 28 94 63 48 74 37 6 8 35 11 14 56 21 81 1 79 70 51 34 15 67 57 22 68 65 50 85 75 52 24 54 55 31 5 40 3 73 41 2 33 38 0 59 19 16 88 39 18 58 92 4 23 93 84 77 91 90 80 17 9 43 47 61 62 64 27 69 82 13 76
55 19 34 9 23 41 61 2 72 47 28 5 74 86 91 11 21 95 83 6 44 59 14 50 42 53 29 24 89 3 67 79 7 30 85 36 93 57 56 78 25 38 87 60 68 0 10 46 8 48 1 84 22 88 92 33 35 81 71 15 64 80 16 52 37 77 4 62 66 90 54 63 82 12 13 20 43 75 45 26 27 76 73 51 39 65 49 18 17 31 32 40 58 70 94 69
22 18 38 95 43 12 21 36 85 34 9 61 66 57 79 11 32 28 35 72 39 60 5 88 45 8 26 19 62 6 94 50 48 81 58 86 20 23 49 56 63 44 76 17 15 75 89 83 59 64 68 24 13 65 70 74 87 93 14 30 7 73 55 77 31 78 0 51 3 71 33 90 10 16 2 37 91 46 54 69 1 27 80 84 67 92 25 29 40 42 53 41 82 4 47 52
80 36 37 60 43 68 34 41 19 24 47 69 94 30 52 89 22 79 91 65 95 48 14 86 35 53 4 87 13 5 62 7 46 71 63 56 73 93 59 72 15 27 28 16 92 10 44 76 38 49 75 45 70 55 39 66 61 11 25 51 18 54 33 82 3 50 1 29 57 64 42 74 20 21 2 8 90 67 23 77 32 40 6 81 26 58 78 85 9 0 31 88 17 83 84 12
48 76 31 72 14 50 77 56 39 52 13 94 37 3 71 78 29 57 64 67 33 69 5 53 65 89 70 49 9 10 22 59 75 42 28 12 86 4 74 1 92 20 61 35 91 63 6 95 84 51 30 38 18 2 87 26 19 80 46 11 55 17 79 16 34 58 45 41 25 8 40 73 62 32 0 24 21 66 54 36 15 93 47 27 43 44 81 88 85 7 23 60 82 68 90 83
28 45 35 65 86 27 77 17 31 37 40 93 12 54 71 1 69 82 62 25 30 52 22 59 88 51 67 33 18 9 39 36 84 14 72 66 79 95 0 11 38 21 6 94 61 78 15 13 85 87 90 4 29 43 8 50 49 57 26 48 20 32 24 83 68 89 75 92 2 7 10 70 58 56 19 47 81 42 80 55 41 23 5 91 3 16 34 76 63 53 74 46 60 73 44 64
9 38 83 95 12 26 2 29 8 13 20 30 5 47 84 87 72 46 16 6 21 32 34 35 48 17 78 55 57 92 18 33 88 4 68 3 19 25 50 91 27 59 65 94 41 45 69 80 53 49 39 76 90 70 28 85 44 61 89 77 93 1 51 62 56 79 14 73 10 24 42 60 11 15 81 7 54 86 63 67 71 0 43 22 82 75 66 74 23 52 64 40 31 58 36 37
33 58 79 69 17 72 66 61 8 57 48 39 56 90 42 1 78 27 28 59 95 29 81 4 70 3 64 60 36 47 9 34 87 35 88 85 10 89 73 50 91 13 15 16 38 18 19 26 51 94 86 53 45 65 82 25 55 37 76 30 71 0 46 5 54 6 44 40 74 62 22 7 83 93 77 41 63 24 75 43 67 68 92 31 11 84 12 23 52 32 14 20 21 80 49 2
3 28 91 34 81 11 36 19 75 33 89 22 82 63 46 2 49 83 9 13 94 95 35 65 41 15 93 69 71 8 66 17 31 30 58 48 20 85 84 18 64 45 25 67 55 68 73 27 61 52 38 29 4 10 44 7 47 90 86 80 21 57 0 78 62 59 87 50 51 54 72 43 88 1 79 24 53 37 70 16 14 5 60 40 74 56 92 77 6 42 23 12 76 39 26 32
40 23 1 29 82 60 34 0 52 14 58 80 47 4 16 17 51 35 93 64 42 74 46 88 10 15 32 94 31 36 56 7 66 44 41 18 3 87 76 21 27 59 89 62 38 19 30 79 13 8 37 49 54 69 20 50 33 75 68 9 45 57 53 78 12 25 2 48 61 70 95 85 6 90 73 11 28 43 77 83 22 86 67 92 24 39 84 63 81 72 5 91 65 26 71 55
30 34 10 88 38 9 13 0 31 75 26 4 87 33 21 43 67 66 89 61 49 55 64 50 28 40 17 59 92 90 42 72 3 63 8 54 2 95 74 46 79 14 52 60 84 62 47 78 68 58 35 91 5 1 36 81 41 29 6 32 94 69 18 20 85 24 76 25 82 44 70 80 19 22 83 86 71 73 11 53 45 27 37 93 23 16 12 56 65 77 7 15 39 48 51 57
18 22 64 20 51 28 91 26 55 14 86 27 70 71 32 66 2 41 88 58 73 35 75 9 85 76 92 21 56 50 36 38 80 44 47 23 82 52 48 95 59 69 0 5 81 61 93 67 25 7 17 72 43 89 78 60 40 12 49 62 4 84 57 39 79 10 29 65 68 34 90 24 33 37 16 19 54 15 83 31 94 42 1 87 11 13 74 45 46 77 30 53 63 6 8 3
25 94 35 8 58 32 2 76 55 46 54 17 15 52 72 3 67 1 69 91 14 62 23 87 66 12 92 29 70 73 77 68 22 37 40 86 39 34 24 60 83 7 43 45 6 21 79 51 16 82 53 61 89 18 78 44 31 57 64 38 90 74 63 50 19 81 84 9 36 49 30 4 0 10 71 42 75 65 47 26 5 41 95 13 93 80 20 28 56 59 85 27 88 48 33 11
18 19 4 10 71 20 87 67 42 29 73 12 52 89 81 60 22 69 7 35 78 75 21 46 37 91 43 80 84 66 76 47 53 13 90 16 24 30 33 34 15 44 63 51 54 50 28 77 95 0 25 68 17 36 14 62 41 11 9 48 40 58 6 86 49 23 94 72 2 79 82 26 88 85 65 61 83 31 27 55 93 39 45 59 74 92 5 8 56 3 70 32 57 38 1 64
58 3 62 18 5 77 78 0 86 54 47 63 46 50 71 2 6 56 60 64 74 13 84 52 53 72 20 30 36 21 66 23 95 59 85 51 38 19 22 11 45 8 82 39 94 12 70 73 44 91 87 16 61 88 7 57 67 79 81 10 27 40 83 75 37 42 43 90 41 17 14 28 4 29 69 34 55 9 92 26 25 48 80 93 68 89 65 33 32 1 24 35 76 31 15 49
19 21 38 48 61 45 23 85 17 15 37 67 75 69 50 35 11 54 59 66 93 9 31 58 6 28 57 8 87 83 56 90 44 53 24 1 78 46 60 72 12 52 76 18 92 5 0 10 84 47 71 82 95 32 64 91 39 29 62 43 26 34 33 27 73 89 94 51 77 22 55 14 79 20 30 68 80 36 88 63 42 86 41 49 70 65 81 16 13 3 25 2 40 7 74 4
32 55 50 42 12 10 5 68 11 81 28 20 41 76 75 51 36 57 19 8 61 33 44 15 45 16 85 3 58 73 40 53 69 62 89 86 13 80 84 1 4 29 49 71 30 43 88 70 22 65 27 74 18 79 92 21 95 26 90 93 87 94 23 78 52 24 66 82 34 25 0 47 35 83 7 91 14 77 54 17 2 38 37 59 72 56 60 31 64 46 63 67 48 39 9 6
62 25 12 53 0 65 81 77 6 24 3 35 64 34 70 88 80 37 92 28 93 84 79 69 11 5 40 63 30 27 46 47 38 31 91 2 26 29 39 15 86 1 54 58 33 85 23 7 48 87 61 76 56 90 82 67 59 20 75 9 44 73 52 95 66 41 94 43 19 50 18 10 74 36 89 60 71 21 16 32 14 83 72 55 45 49 4 51 57 22 42 68 17 78 13 8
8 11 89 48 18 93 47 73 45 40 94 7 29 70 91 50 9 75 10 31 16 43 36 82 88 44 66 64 2 3 95 83 55 58 56 90 51 0 76 87 32 49 54 27 14 69 28 52 59 72 68 33 25 61 35 81 1 62 17 80 84 46 30 21 24 26 39 19 77 79 92 12 67 37 78 85 41 74 22 6 65 42 23 38 20 63 60 86 34 13 15 57 5 53 4 71
54 28 1 67 84 48 53 85 15 18 39 58 20 17 83 56 74 81 75 70 29 36 27 65 92 59 95 12 51 32 9 30 2 25 44 73 45 11 68 10 82 88 8 77 90 35 62 94 87 72 66 89 78 43 60 91 46 5 40 86 3 4 14 31 6 52 26 24 22 61 69 41 19 76 49 47 34 71 21 57 93 7 50 64 80 55 37 33 23 38 42 79 13 63 0 16
4 22 30 11 73 49 92 88 91 40 75 32 20 21 77 84 5 12 17 50 72 38 28 59 18 15 89 6 46 55 45 27 44 52 42 0 85 95 61 8 25 81 13 80 10 29 31 16 36 62 19 66 68 64 43 2 63 24 74 69 71 65 14 23 35 37 90 87 39 56 57 79 83 1 34 48 94 9 76 54 86 82 33 3 7 67 58 47 78 51 70 41 53 60 26 93
58 32 26 82 15 1 72 71 64 65 75 93 44 7 45 55 53 66 69 10 76 22 74 80 50 39 0 37 60 16 24 52 54 89 2 49 23 77 92 57 5 63 40 84 18 88 34 27 9 43 36 3 83 68 14 20 41 17 51 95 29 90 48 11 79 8 86 35 47 38 78 94 25 61 19 31 81 46 73 67 85 56 21 12 4 91 13 42 62 59 87 6 33 70 30 28
88 76 18 6 46 42 49 91 59 21 16 37 14 38 35 72 66 8 2 17 95 69 78 61 7 50 56 36 87 30 28 19 20 92 74 10 73 24 29 34 33 77 75 58 15 5 93 94 54 80 71 60 13 25 31 45 51 47 67 65 83 64 32 55 23 3 44 82 81 26 9 63 12 85 1 79 0 89 70 39 41 43 11 84 53 40 4 86 62 48 68 27 22 52 90 57
15 75 78 9 46 88 81 29 51 47 45 66 54 27 34 38 72 7 3 14 79 56 59 21 37 89 36 12 95 77 2 23 0 52 62 30 57 80 11 48 76 1 40 24 83 25 69 65 5 26 67 8 82 63 42 44 92 32 90 31 70 17 22 93 4 28 55 61 68 85 60 10 73 6 33 43 86 58 19 16 91 39 41 18 35 13 53 64 94 74 71 50 84 20 49 87
55 35 64 91 23 4 62 78 37 77 32 40 72 53 38 94 76 95 12 70 86 18 88 68 9 43 15 10 46 50 1 14 74 60 56 25 66 39 24 30 6 45 16 28 49 84 63 81 8 82 93 65 13 7 26 52 34 59 51 61 2 71 11 79 75 41 42 92 5 3 54 85 87 17 90 36 47 0 27 19 44 22 73 48 29 67 21 20 57 58 31 33 69 89 80 83
88 14 16 7 56 80 35 52 89 61 37 6 34 76 40 13 83 90 79 81 21 33 36 94 95 42 50 72 51 5 39 30 12 75 10 32 45 73 62 41 1 93 70 92 58 59 54 55 82 63 57 64 46 17 68 44 15 86 2 24 53 18 77 84 29 26 69 60 27 87 38 0 78 23 19 66 25 11 85 22 43 91 28 49 31 65 47 67 20 4 3 8 74 71 48 9
5 34 74 42 47 81 46 88 12 36 53 30 86 35 91 71 25 23 65 37 27 94 48 8 7 4 18 43 92 44 75 73 55 80 83 84 32 62 21 11 59 72 9 82 70 77 87 19 14 89 56 79 49 20 39 95 31 60 54 68 10 64 22 17 40 1 33 16 6 58 52 13 26 57 24 63 78 66 45 69 29 61 28 76 41 93 15 51 85 90 67 3 38 0 2 50
64 41 67 55 27 9 29 28 31 94 34 51 26 77 66 0 71 74 35 11 75 53 40 23 68 85 15 87 91 22 46 95 37 73 92 5 21 78 16 47 7 20 79 60 3 43 2 62 30 18 93 44 33 12 6 63 59 49 17 38 82 25 39 14 52 8 56 61 72 76 88 32 50 42 36 4 10 24 19 1 80 48 86 58 54 57 90 83 81 89 65 70 84 69 13 45
12 9 83 85 19 72 68 43 5 40 53 21 2 20 46 14 30 51 41 4 88 13 6 38 42 75 59 39 58 22 56 36 93 55 89 61 35 69 15 95 92 74 31 81 57 67 94 87 62 82 79 54 47 71 28 29 63 1 27 49 65 52 17 10 90 45 48 7 66 50 25 11 80 26 84 3 24 34 44 76 77 0 32 70 91 86 64 8 37 16 78 73 33 23 18 60
1 45 43 47 21 92 31 10 41 52 75 38 13 44 73 2 24 15 84 14 54 59 39 91 77 26 61 78 69 95 64 89 67 81 11 63 19 20 58 42 50 5 68 27 16 33 36 90 83 0 12 40 82 18 30 8 9 93 35 79 66 72 7 74 37 57 76 86 46 87 25 34 23 88 80 94 51 70 3 22 49 62 4 56 29 17 6 60 71 55 85 48 28 53 32 65
34 90 3 93 11 83 77 68 44 15 10 40 41 42 45 53 47 1 91 48 35 25 2 49 33 60 70 76 9 26 14 0 50 55 73 31 37 8 79 56 87 69 52 36 66 72 81 38 65 39 16 64 58 84 74 43 6 71 22 75 7 12 24 51 29 21 32 95 80 19 85 92 20 59 23 17 86 13 67 89 63 27 82 54 30 78 4 94 62 88 5 57 46 61 28 18
92 46 41 42 80 68 4 88 87 0 83 47 11 72 70 1 84 85 3 81 86 36 52 93 29 48 24 13 44 15 16 73 45 38 71 40 64 82 58 18 67 43 7 76 37 61 6 8 50 56 89 26 74 55 10 35 34 28 23 63 77 69 17 25 20 53 39 19 78 94 31 57 66 12 54 32 95 5 75 51 22 30 33 60 14 59 49 90 79 62 21 27 2 91 9 65
0 60 37 41 76 71 80 64 21 56 40 16 4 52 6 70 66 30 54 65 38 44 50 14 45 23 49 78 9 32 57 63 15 72 28 17 58 55 7 8 20 75 35 39 67 12 53 25 77 11 79 94 88 91 5 18 13 93 82 62 10 24 34 95 87 43 84 3 27 19 36 92 74 1 59 73 83 61 46 81 51 33 2 85 31 86 26 48 42 29 90 69 47 89 68 22
91 49 21 63 75 30 70 29 90 27 47 36 54 62 25 56 58 68 55 15 3 46 34 85 20 4 18 78 81 22 44 33 42 1 80 39 48 23 95 13 92 89 19 82 16 35 12 5 73 8 93 24 87 60 86 88 6 41 53 71 38 9 28 65 77 37 66 10 14 59 67 72 69 57 50 83 74 43 40 2 32 79 7 0 84 94 45 64 31 17 52 61 26 51 11 76
10 17 30 81 62 23 9 79 55 35 92 58 38 43 0 51 71 82 73 65 84 88 37 94 3 90 66 18 15 83 2 28 20 60 8 22 70 19 48 86 87 11 36 46 40 93 77 1 33 76 85 74 63 12 47 49 13 50 52 56 25 26 44 80 39 78 64 69 72 68 67 32 16 24 75 95 45 31 4 42 54 5 29 91 53 34 27 89 21 61 14 7 59 6 57 41
25 12 66 34 29 64 22 15 87 54 61 46 50 6 69 43 68 13 76 53 86 10 7 72 41 52 8 95 40 21 31 44 16 38 5 77 17 4 92 48 33 0 94 83 91 78 93 58 26 19 60 42 82 59 1 70 37 62 11 56 18 35 89 67 63 79 51 14 49 57 30 39 36 81 75 47 3 71 88 24 28 55 9 85 73 20 90 2 45 74 84 65 80 23 32 27
78 80 24 60 76 29 70 31 82 73 12 83 74 62 37 52 93 28 26 56 19 36 9 25 45 90 86 13 7 20 4 0 18 68 77 67 54 14 57 64 44 16 59 30 43 42 33 75 5 32 15 23 63 69 27 51 6 35 61 94 46 17 71 8 65 48 41 89 66 88 1 3 87 47 50 53 39 2 49 92 85 58 91 81 72 40 11 34 79 84 22 38 10 95 21 55
37 60 52 12 81 5 48 76 73 74 62 7 40 25 23 63 33 86 78 28 35 0 32 71 55 68 31 45 69 94 46 89 21 20 67 27 65 61 9 90 36 72 49 44 41 93 1 57 87 75 83 8 58 53 79 19 10 59 29 39 14 47 11 91 84 17 30 4 92 6 26 13 85 54 24 34 56 22 80 88 77 15 70 3 16 51 82 95 50 38 18 64 2 43 42 66
0 55 66 81 44 76 59 35 49 92 36 77 85 70 18 21 95 60 3 14 80 90 93 63 75 20 41 53 24 48 28 69 27 31 40 73 52 84 6 57 42 45 89 58 1 34 87 19 94 88 32 64 8 79 11 39 61 46 17 26 29 12 56 37 82 47 2 16 5 65 51 50 71 68 23 25 33 9 22 91 83 54 4 72 78 62 43 38 74 67 15 10 13 30 7 86
73 76 4 21 1 14 32 10 79 69 57 94 15 35 33 50 34 22 52 61 74 24 19 8 68 64 31 20 23 29 11 42 83 5 3 36 46 49 7 6 12 38 9 53 16 81 66 58 41 92 28 84 13 78 93 88 56 43 72 80 70 30 89 59 85 65 37 47 45 54 55 77 75 62 71 2 87 40 95 90 27 17 44 26 0 25 63 60 51 39 67 82 18 48 91 86
16 35 51 60 12 46 23 50 13 74 92 5 83 7 80 6 77 14 64 43 19 94 91 31 52 44 72 45 86 70 66 63 42 79 9 33 90 27 22 48 1 11 4 84 17 32 34 81 49 69 30 87 89 25 37 20 21 47 73 68 26 71 57 56 95 8 82 38 2 78 93 55 88 58 28 65 15 85 39 53 0 29 40 75 3 59 10 36 18 41 67 54 24 62 76 61
58 24 52 53 94 20 45 50 39 10 73 38 9 25 71 74 47 1 2 0 55 75 92 88 56 82 16 59 12 64 63 34 81 7 48 69 85 27 28 57 43 22 68 18 78 83 19 89 11 36 95 13 51 80 29 14 35 42 30 5 49 66 3 37 76 67 46 77 65 60 87 91 86 70 54 84 33 40 31 62 72 21 61 44 79 90 17 23 15 4 41 93 26 6 8 32
91 48 82 39 75 74 43 22 14 19 87 47 34 20 24 8 46 10 28 78 72 45 83 67 21 26 30 44 27 61 5 13 63 0 79 90 40 15 77 41 56 76 85 69 33 66 53 92 29 62 52 23 84 88 38 49 7 93 6 16 70 12 18 68 4 65 31 80 25 59 86 2 71 42 51 55 35 94 1 58 50 54 36 89 60 11 73 81 95 64 57 9 32 17 37 3
54 91 47 73 79 28 50 5 40 4 61 72 6 95 81 7 87 25 11 76 55 52 16 3 92 69 21 15 64 18 77 20 13 85 36 62 19 12 44 8 48 33 26 80 63 34 82 1 46 58 66 35 88 2 57 51 93 53 56 42 17 49 30 29 68 38 9 86 67 23 89 83 65 37 71 14 94 22 39 24 0 74 90 31 45 10 78 59 84 27 43 75 32 60 70 41
58 40 25 21 33 84 71 0 64 60 1 23 94 90 45 54 85 24 75 73 16 95 36 43 62 32 18 12 77 7 11 49 29 44 89 72 20 74 5 19 80 93 63 38 37 69 76 17 31 4 61 87 41 66 42 6 51 88 28 79 34 22 55 30 48 67 78 92 27 59 47 68 52 83 91 86 9 50 39 15 65 10 3 53 13 14 81 2 26 57 8 82 70 35 46 56
26 43 39 23 8 35 77 88 66 65 32 12 14 5 50 73 30 33 82 36 15 10 84 29 20 78 6 69 87 47 53 24 44 71 34 95 37 60 75 64 76 59 7 31 48 0 93 1 67 94 89 90 4 45 54 79 46 22 19 63 83 11 61 25 80 86 57 27 85 41 72 49 91 16 70 68 40 28 9 3 56 58 81 55 13 38 21 18 52 74 42 51 92 17 2 62
16 88 87 70 72 58 69 4 92 64 50 89 62 27 77 52 35 76 22 78 7 45 26 8 6 67 91 51 53 73 24 0 36 21 12 41 10 61 23 74 54 68 49 33 34 1 57 14 71 93 56 86 60 32 19 59 2 5 43 29 65 39 80 18 85 84 13 42 38 44 30 48 55 40 81 66 63 90 25 37 15 83 3 79 17 9 31 94 75 82 46 95 20 47 28 11
85 87 35 31 59 17 83 6 56 80 0 47 1 68 30 33 65 94 32 4 53 3 74 67 76 36 82 39 57 70 22 42 92 27 95 89 12 24 16 75 11 61 66 10 19 62 78 60 51 69 28 34 79 14 21 15 88 77 71 7 9 5 44 49 2 73 38 55 26 48 8 23 29 54 91 90 18 81 64 86 84 25 41 93 13 50 63 37 40 58 43 72 52 46 20 45
60 49 43 58 78 59 87 89 14 33 68 70 77 30 54 45 20 86 61 17 64 10 34 44 40 88 41 95 11 7 29 28 6 52 75 90 23 92 80 18 55 38 26 53 48 35 71 73 32 37 19 66 76 62 83 91 22 51 9 31 36 27 79 21 8 84 2 72 39 50 42 65 46 16 1 57 81 69 47 94 13 0 74 85 93 12 24 67 25 15 56 63 82 3 4 5
70 16 62 14 31 41 91 84 36 93 38 24 30 57 78 20 46 50 19 94 61 81 56 8 74 90 11 47 75 88 21 59 71 40 3 66 63 18 68 52 2 10 48 44 7 54 25 22 26 13 23 34 83 92 42 43 12 9 37 80 27 65 0 87 89 4 32 79 33 53 15 64 85 28 35 67 39 58 17 86 45 73 29 6 77 51 76 1 95 49 82 55 5 60 72 69
86 43 23 46 74 12 65 72 63 68 37 91 15 87 71 82 33 45 34 42 39 75 10 84 60 95 54 85 38 59 13 89 57 61 20 9 25 2 80 58 14 73 11 28 50 7 69 90 55 6 70 66 79 64 5 0 3 18 88 76 92 31 56 94 21 51 44 41 48 17 4 26 81 78 93 24 40 29 27 53 67 52 32 83 22 1 62 30 49 36 16 35 77 8 19 47
84 50 79 75 25 67 95 43 37 88 1 22 71 20 7 69 36 49 58 32 66 9 3 61 6 53 40 64 5 62 10 4 45 70 29 38 93 27 44 16 54 56 35 17 21 73 47 34 80 85 19 52 42 18 60 8 12 48 14 90 68 92 65 63 82 13 81 28 86 91 57 26 78 94 72 55 2 15 39 89 11 77 23 0 41 83 76 74 24 59 33 30 51 31 87 46
82 38 21 41 44 63 18 23 16 11 52 20 32 80 73 30 54 91 76 4 9 62 77 31 29 26 6 67 36 10 27 86 87 34 69 7 71 37 75 72 94 1 3 28 79 42 22 70 2 85 84 35 15 88 0 81 45 60 5 39 8 55 43 13 64 47 83 49 19 59 50 48 46 68 89 65 57 24 66 33 14 92 74 40 12 53 61 93 78 17 56 90 51 25 58 95
70 49 73 39 37 44 94 59 46 92 82 14 90 29 28 21 19 4 88 71 16 41 25 78 52 81 17 27 15 91 74 47 36 60 20 54 66 65 18 64 23 13 30 40 76 22 31 6 57 68 93 62 87 32 75 69 12 1 85 0 53 51 26 61 83 86 55 67 9 33 84 89 77 58 56 34 10 72 79 11 2 42 43 5 95 45 35 8 38 3 50 80 7 24 48 63
71 22 39 46 70 86 78 8 72 80 32 23 38 49 54 37 65 36 77 30 34 84 33 26 61 92 16 76 31 87 89 18 20 42 25 85 2 47 45 73 15 1 43 50 58 64 40 35 94 53 27 51 63 62 41 3 67 75 0 69 11 10 7 79 4 19 56 6 74 48 14 88 5 90 17 93 57 12 13 68 55 44 66 91 95 29 82 59 28 24 81 83 21 52 60 9
6 8 10 12 79 55 18 27 41 57 86 61 64 77 51 59 52 43 78 33 47 63 32 11 60 88 3 81 56 19 83 44 90 91 68 29 75 45 72 94 14 2 50 69 25 31 36 28 66 76 62 85 37 46 4 73 13 26 16 9 30 84 24 65 40 1 34 87 54 67 58 22 93 0 48 49 7 21 39 92 80 38 89 20 23 5 42 70 82 53 71 17 35 74 15 95
5 38 73 56 4 63 15 47 1 39 40 26 90 88 54 62 0 76 75 37 9 21 12 64 19 43 51 70 93 24 18 3 6 23 25 65 10 61 78 60 36 72 11 8 86 79 29 67 89 22 83 91 30 31 34 44 80 81 68 13 50 42 71 49 69 87 57 41 7 33 20 53 85 77 35 66 55 14 45 82 46 17 84 16 27 2 92 95 74 94 48 58 32 52 28 59
9 70 2 80 79 39 7 76 15 16 22 55 52 82 74 72 90 94 71 25 60 35 44 57 75 83 3 49 32 38 0 34 81 20 4 14 6 67 63 36 21 56 5 27 47 29 51 78 58 42 50 17 61 10 1 53 54 66 62 93 13 26 65 85 77 28 33 88 92 23 91 19 31 8 59 89 45 73 69 86 64 43 12 37 95 40 48 30 11 46 41 87 68 24 84 18
60 73 36 16 92 2 9 56 78 69 1 89 83 79 72 86 77 4 14 85 32 48 52 10 38 54 25 70 64 50 61 93 22 51 43 0 28 90 80 17 91 6 11 55 45 49 27 53 31 40 29 95 41 71 66 47 65 30 39 44 67 82 59 12 68 18 34 23 13 15 37 35 7 62 58 19 21 81 8 94 63 74 88 42 20 75 3 24 84 87 76 57 26 46 33 5
48 79 90 95 8 1 40 36 56 51 35 71 84 26 91 45 18 25 70 57 47 58 15 55 75 92 23 4 68 93 17 16 85 34 24 6 66 21 72 73 10 44 94 65 5 83 31 39 50 54 59 67 46 86 37 64 78 0 42 60 30 88 77 2 33 76 52 74 27 82 63 80 81 19 14 29 22 12 61 49 38 69 87 11 32 13 7 53 89 20 9 28 62 41 43 3
47 18 64 65 34 26 45 58 29 43 17 72 94 67 1 11 37 25 41 62 54 59 93 82 15 14 88 38 55 74 53 49 30 77 86 52 22 57 73 44 35 21 63 66 81 3 48 39 2 10 40 27 36 87 8 92 95 51 84 19 0 79 28 9 68 71 78 33 61 24 50 32 75 85 80 12 56 7 83 13 70 91 69 90 23 5 6 89 20 60 76 42 4 46 16 31
56 30 21 5 20 77 92 74 33 25 75 46 37 91 40 60 87 86 47 93 49 79 6 54 44 43 29 38 15 64 50 83 58 42 68 88 57 41 52 14 55 9 76 1 28 85 81 63 53 2 48 45 89 65 26 61 16 22 36 34 23 35 27 62 84 70 10 72 67 3 24 32 13 0 95 78 7 71 12 4 80 66 90 73 18 59 69 17 11 94 31 51 8 82 19 39
45 79 62 94 50 3 34 76 95 21 60 85 84 54 73 80 59 58 56 71 89 31 26 39 61 24 44 5 70 29 7 25 64 42 51 22 4 40 28 41 23 63 92 16 81 8 9 15 37 82 36 52 77 19 14 13 2 30 75 43 38 91 66 18 53 90 65 87 1 57 12 72 33 49 27 86 32 6 83 46 88 10 47 20 67 17 55 78 74 35 93 69 68 48 0 11
29 64 95 41 67 92 61 23 75 69 63 11 59 66 71 70 17 40 85 83 60 53 52 19 10 42 27 21 88 26 14 49 25 28 89 93 9 58 33 82 34 81 35 84 72 24 8 37 55 45 94 86 43 13 47 36 1 51 76 4 79 22 44 12 7 56 57 18 73 74 6 50 78 20 30 2 65 46 39 32 77 54 15 38 62 0 68 3 87 16 31 91 48 80 90 5
85 2 19 69 3 22 91 1 70 87 62 21 74 36 0 53 48 86 51 43 80 29 90 81 31 5 72 61 6 71 83 35 38 78 40 12 10 30 8 15 17 18 32 58 9 11 68 55 60 26 79 76 89 59 49 63 94 44 54 33 20 41 45 13 7 93 82 92 56 4 66 52 27 28 46 64 73 47 57 95 25 24 34 14 50 16 88 37 39 67 42 75 23 77 84 65
80 28 26 73 68 70 38 43 49 79 94 0 27 25 83 55 52 44 31 69 72 74 71 42 81 61 86 82 59 11 32 33 66 4 8 20 51 29 75 14 3 24 65 12 57 41 16 10 88 21 64 47 23 54 93 39 17 6 35 9 40 34 19 2 50 63 95 87 7 92 36 5 78 15 67 53 37 60 90 45 13 89 48 30 77 62 91 76 58 85 84 1 18 22 46 56
84 17 33 27 90 53 8 60 26 64 22 11 6 80 50 31 86 13 74 35 32 15 47 19 81 91 87 78 68 58 38 92 70 65 62 82 73 2 30 36 88 3 39 72 94 54 20 10 18 7 71 95 1 9 28 44 42 83 55 77 48 21 23 69 49 24 76 79 63 51 40 25 0 89 52 93 67 4 59 56 66 16 75 5 45 34 29 46 41 85 57 61 37 14 12 43
29 71 50 54 1 20 77 16 62 5 55 13 30 40 72 85 41 9 60 87 74 43 10 65 3 36 19 59 28 73 14 31 2 78 44 25 91 49 90 22 84 23 46 35 81 8 27 80 69 15 64 47 68 67 12 34 89 48 86 57 11 93 88 61 24 92 6 75 32 58 7 39 37 53 45 17 0 52 95 51 42 33 83 94 26 63 70 4 76 18 79 82 56 66 38 21
82 26 92 63 10 88 77 86 43 95 48 30 61 72 14 18 22 55 57 75 56 23 58 17 83 45 36 9 78 54 44 46 53 21 51 47 74 49 33 5 39 19 12 13 67 40 94 66 81 0 31 16 70 85 20 3 1 7 80 8 59 76 71 89 62 93 29 65 24 28 27 15 68 73 34 6 52 69 60 32 50 35 38 41 84 79 64 90 42 11 2 4 91 87 37 25
20 73 82 70 63 45 41 72 5 21 0 13 1 25 52 95 68 6 23 55 4 51 91 92 38 35 57 58 9 24 50 10 85 94 74 33 47 14 65 71 76 12 17 15 27 36 77 81 88 39 79 90 69 56 30 61 22 59 48 2 80 7 28 66 93 78 29 53 83 43 8 49 18 67 32 62 16 37 31 54 64 87 19 26 46 11 34 86 40 3 44 75 42 60 89 84
62 44 28 0 56 9 49 66 19 69 92 52 76 34 33 86 47 22 12 57 95 83 39 73 3 75 91 13 20 72 68 24 85 41 10 26 71 25 61 84 79 7 1 81 8 90 54 4 40 58 37 89 63 46 27 59 80 29 42 18 21 87 14 77 31 82 55 60 93 43 2 17 48 15 94 36 50 35 11 78 67 51 70 32 38 53 5 64 23 30 74 88 45 6 16 65
62 91 77 10 87 49 36 13 50 32 70 47 37 66 57 83 17 69 9 30 34 65 51 61 5 18 93 14 28 80 20 27 12 56 25 74 67 43 41 73 92 40 8 29 88 45 44 21 82 48 68 71 39 23 52 84 0 33 54 58 86 53 95 79 75 38 15 24 90 63 81 60 11 16 42 59 94 78 64 7 4 31 2 35 1 46 3 76 89 55 6 85 22 19 26 72
64 16 65 57 71 80 19 69 79 12 81 55 49 44 11 50 90 10 3 38 28 85 2 91 17 52 42 8 62 94 13 41 70 60 36 43 56 29 20 26 83 24 66 48 53 93 75 9 86 4 63 30 88 35 78 37 21 7 31 5 45 27 82 73 46 39 14 33 89 61 1 67 74 6 87 95 15 0 58 18 72 32 40 25 59 77 22 47 68 92 76 54 34 51 84 23
34 50 53 55 1 80 93 65 45 15 33 32 71 36 59 57 76 75 43 2 94 62 88 17 83 52 26 63 16 11 6 5 22 9 21 27 60 44 24 77 4 0 46 39 91 13 56 10 73 31 74 42 86 95 70 47 72 18 92 58 84 30 79 8 25 81 48 89 37 64 7 28 19 23 14 69 66 67 54 38 87 68 29 49 85 20 35 78 41 3 51 90 12 40 61 82
12 93 88 49 31 85 61 42 72 36 1 51 24 20 26 13 59 27 92 94 21 45 48 75 11 35 56 50 68 3 60 63 90 69 43 18 80 52 8 53 71 32 79 64 83 46 34 40 66 84 41 44 76 10 30 57 91 77 78 70 65 87 81 4 73 2 7 33 15 6 17 95 67 86 58 22 82 9 55 25 5 38 37 62 29 39 28 74 54 14 0 19 16 23 47 89
17 72 38 28 20 45 75 87 52 0 14 40 39 49 78 77 7 82 71 1 54 65 43 46 29 34 70 89 41 76 60 18 51 13 44 27 19 69 5 10 11 2 90 47 26 33 67 58 73 93 30 3 31 25 92 8 63 95 36 23 4 50 32 56 94 15 68 84 79 61 21 12 37 91 16 62 53 83 64 80 66 6 88 85 81 9 22 59 55 57 48 74 24 35 86 42
10 55 80 89 1 52 35 17 86 41 87 85 12 70 68 92 60 56 45 28 26 46 65 64 54 2 59 79 95 9 5 37 84 38 0 20 58 88 48 77 47 33 43 50 66 82 3 29 42 72 23 32 44 7 15 61 74 93 18 25 27 6 57 30 11 8 4 24 49 73 19 34 53 22 90 75 69 63 94 76 81 31 67 14 39 78 13 71 91 40 51 83 36 16 62 21
69 60 92 90 15 34 72 2 53 26 6 57 37 70 74 16 30 22 55 93 42 66 35 23 32 68 10 33 83 31 0 59 18 82 87 21 63 19 46 65 58 95 88 48 67 36 64 51 40 43 7 1 85 13 86 91 3 11 75 62 71 77 84 38 9 78 12 14 54 24 94 49 44 47 80 28 76 29 61 27 81 17 73 56 5 39 20 25 50 79 4 89 8 45 41 52
47 91 66 42 87 7 31 0 57 8 44 79 90 56 80 14 36 5 59 49 45 68 1 63 67 74 41 10 76 46 27 78 77 35 58 55 19 13 6 82 12 32 64 88 70 18 73 69 33 3 84 2 39 34 92 85 22 61 29 62 53 4 38 50 75 25 89 54 95 21 40 24 52 9 28 16 83 94 72 37 11 48 30 15 43 86 60 71 17 51 20 81 93 23 26 65
78 61 27 66 84 12 58 41 88 22 90 45 57 94 20 65 18 83 69 33 29 91 73 8 14 75 5 40 35 50 80 92 19 86 93 0 4 60 52 46 9 43 56 15 28 32 23 72 76 48 62 74 53 17 82 71 67 1 49 68 63 44 47 77 31 21 24 13 10 37 42 95 59 3 79 11 25 70 39 54 36 38 2 81 30 85 87 34 51 6 89 64 7 55 16 26
79 71 27 3 55 13 51 85 41 16 53 22 42 49 87 78 58 20 86 65 9 21 12 34 66 84 67 47 75 28 43 88 8 23 64 37 50 73 39 76 26 48 57 95 54 77 90 82 1 72 25 61 59 92 29 81 2 69 44 15 4 80 68 14 30 45 56 46 7 38 74 6 17 35 70 24 0 40 62 19 89 11 83 5 94 63 36 91 10 52 60 31 93 33 32 18
18 38 86 23 16 85 31 54 92 80 58 89 6 88 90 5 22 43 33 82 1 71 56 95 65 63 51 94 91 72 53 77 44 60 20 74 67 34 37 2 40 79 12 73 49 78 8 29 26 28 45 62 70 84 76 75 41 21 19 24 52 14 11 50 55 87 32 93 4 48 42 15 35 27 13 0 68 47 57 83 46 7 61 59 30 10 25 3 64 36 69 9 17 81 66 39
44 53 39 41 75 31 15 0 92 12 84 21 47 30 74 32 78 5 83 85 19 9 62 34 36 2 87 4 67 40 43 90 57 10 66 42 70 58 64 80 37 7 50 22 26 86 14 56 24 46 11 23 29 49 88 16 55 17 65 48 63 89 45 1 3 73 59 33 76 18 8 35 20 93 60 51 71 94 91 54 52 77 81 27 95 13 6 25 69 79 82 28 72 38 61 68
25 75 81 22 58 50 63 3 60 0 83 53 9 59 66 64 33 19 79 70 90 91 13 2 26 35 74 15 41 47 93 94 88 55 61 57 28 49 37 27 8 1 34 39 68 56 21 20 73 17 62 48 36 4 65 95 67 12 77 14 89 69 23 86 5 82 52 6 40 7 16 54 24 31 45 71 51 46 11 29 78 10 84 30 42 44 92 38 85 18 80 87 72 76 43 32
29 65 67 66 8 50 15 90 72 0 75 39 11 81 22 12 17 32 48 14 25 13 71 44 85 30 46 74 86 64 26 57 70 42 79 47 76 9 92 5 27 4 28 80 69 31 84 88 20 18 95 82 87 35 56 60 52 91 93 83 45 36 10 40 7 16 19 94 37 3 51 54 38 58 78 2 21 59 33 53 63 6 43 61 34 89 62 77 23 41 68 1 49 24 55 73
15 28 16 38 24 76 86 10 30 20 27 18 39 90 65 49 45 81 50 34 35 83 77 31 32 72 54 36 95 80 23 12 68 93 94 43 26 19 2 67 75 60 63 56 33 7 61 55 51 64 74 70 88 21 11 85 78 6 89 4 37 0 47 13 57 29 44 40 58 5 79 73 46 87 84 42 71 17 25 14 22 8 48 69 82 53 92 62 52 59 41 3 66 1 91 9
78 51 44 24 85 56 10 48 61 68 65 2 76 89 3 70 20 49 5 27 32 95 58 72 59 93 53 41 29 43 62 35 6 63 8 31 79 88 45 64 46 38 69 57 40 91 34 21 92 33 71 47 25 12 80 22 30 1 73 14 52 67 81 54 83 13 17 75 18 7 9 36 94 28 84 74 39 19 90 77 66 86 55 15 87 82 23 4 37 0 26 60 50 16 42 11
43 77 91 24 61 71 27 59 32 10 67 3 41 54 63 4 84 39 44 69 38 86 49 11 29 40 34 78 16 58 79 55 2 7 90 37 66 80 53 35 82 17 56 1 12 46 87 52 83 25 20 92 5 74 6 9 57 33 93 18 0 19 75 30 48 62 65 73 31 21 68 94 64 42 22 72 85 51 28 45 14 15 47 76 70 60 23 95 26 8 81 36 88 50 13 89
52 85 3 33 95 68 82 56 42 86 7 8 25 89 75 4 61 88 58 34 27 5 79 64 76 87 47 91 83 55 30 21 15 60 67 43 70 11 20 49 22 9 72 77 57 66 37 28 90 12 80 26 41 35 16 1 84 40 23 53 0 59 73 46 17 71 48 36 93 51 32 44 81 62 63 2 94 18 19 45 6 38 78 10 13 69 54 39 31 65 74 14 24 50 29 92
23 1 85 38 3 15 46 72 25 66 48 61 73 88 13 21 95 60 81 12 83 54 43 32 45 94 63 65 76 62 8 92 33 89 74 19 5 42 41 47 27 17 80 20 69 34 6 40 35 82 37 84 79 78 58 51 30 71 7 36 87 10 53 52 57 49 9 56 70 26 93 90 86 59 67 0 91 14 4 75 28 18 44 24 50 16 11 77 68 39 55 31 64 2 29 22
65 52 89 83 73 67 66 78 5 8 26 9 80 91 41 40 23 45 29 69 93 24 82 48 56 55 62 47 42 77 16 54 57 37 74 30 4 36 72 15 31 50 53 59 85 95 79 58 10 0 43 33 6 81 12 39 18 38 70 14 51 75 90 3 1 84 7 64 61 94 63 60 19 34 86 88 32 68 27 25 76 87 22 44 46 2 21 11 20 71 49 28 92 17 35 13
26 34 1 79 14 64 50 95 59 71 41 52 17 12 30 80 69 87 43 37 57 29 42 28 58 36 89 94 93 33 84 20 67 27 65 51 11 8 86 78 53 72 68 0 22 4 5 18 24 7 77 85 75 74 6 83 45 49 82 70 60 31 62 9 88 19 81 76 25 63 39 23 16 3 56 92 40 38 55 44 46 48 47 32 35 21 2 54 73 15 10 13 66 91 90 61
59 12 83 31 72 76 70 86 55 7 51 82 3 9 58 13 14 43 62 52 80 73 23 92 56 63 26 84 27 53 46 85 17 10 64 40 47 91 60 66 45 42 34 11 29 41 67 87 0 22 44 69 49 94 75 36 50 18 20 77 65 30 95 33 93 16 32 8 4 1 71 48 68 57 28 15 38 5 2 90 88 54 61 78 24 6 25 37 79 19 35 74 21 89 81 39
38 71 89 58 65 53 48 16 0 31 83 40 5 25 30 46 63 82 28 8 42 76 14 69 51 75 6 88 60 12 29 27 23 7 35 68 41 11 37 70 36 21 86 32 49 44 64 66 17 19 1 47 52 57 59 74 92 78 67 94 72 91 95 33 77 9 80 84 2 18 15 13 73 87 81 22 20 62 54 10 45 90 93 61 79 85 55 3 56 24 50 4 39 34 43 26
25 66 88 51 17 90 48 12 8 57 92 11 82 14 6 77 79 1 20 89 60 42 68 83 16 62 70 85 46 7 15 59 27 75 28 5 76 13 21 73 29 4 37 35 45 52 87 18 47 55 53 81 78 93 23 10 2 43 61 38 26 72 40 34 44 63 9 39 65 0 41 49 31 24 71 22 50 91 30 36 54 94 95 86 32 67 84 74 3 19 56 33 58 80 64 69
75 27 42 53 77 55 31 81 11 29 2 23 20 10 78 46 28 36 65 59 47 43 71 39 13 56 86 64 91 4 48 58 90 40 61 25 76 35 67 3 60 1 21 62 8 16 57 38 6 83 93 26 84 41 15 44 87 69 33 80 50 89 82 0 17 72 37 79 85 68 18 66 54 73 45 49 51 7 92 5 34 30 88 94 12 9 95 22 70 24 74 14 63 32 19 52
45 20 21 55 0 10 78 12 46 38 86 3 69 47 28 1 91 80 73 66 81 16 8 29 62 82 59 63 88 11 87 23 19 72 60 31 24 77 25 15 5 83 58 70 67 9 42 89 93 95 27 56 26 32 18 22 51 44 50 41 48 13 34 52 43 36 6 37 30 39 49 90 7 4 53 84 40 61 35 71 68 79 54 74 14 85 75 2 94 17 65 33 92 57 76 64
60 70 31 76 74 13 26 78 21 95 50 41 51 32 91 64 27 94 63 43 25 77 92 86 62 57 71 3 46 44 53 23 52 5 6 80 29 4 40 72 1 58 9 28 83 17 84 15 42 14 54 45 7 88 47 22 90 20 35 11 79 89 16 55 61 30 49 56 67 34 36 12 69 38 0 33 85 24 59 10 73 81 65 2 8 48 66 75 39 82 18 19 68 93 37 87
4 76 85 67 3 19 24 66 90 30 87 16 34 78 62 94 88 20 12 79 7 65 2 17 39 60 37 48 42 26 9 0 8 58 51 32 23 54 36 77 84 27 38 15 86 44 80 45 49 40 55 93 72 29 59 22 14 11 35 6 25 43 70 83 31 21 50 28 41 71 10 91 47 69 1 46 5 13 81 74 56 82 75 18 53 73 57 92 64 52 63 33 89 61 68 95
44 68 87 15 63 93 71 7 53 51 59 1 24 30 19 4 38 5 92 14 33 36 85 74 95 56 18 39 31 17 70 79 86 12 27 69 20 83 73 81 41 76 89 45 32 6 16 10 46 2 49 50 37 65 82 55 34 54 91 52 35 64 11 60 22 47 42 58 28 25 23 57 67 0 94 29 61 8 80 48 75 40 88 21 78 26 66 3 43 62 9 84 90 77 72 13
10 53 46 64 27 69 3 29 23 63 55 24 54 49 4 91 42 39 77 92 72 0 48 74 43 56 73 62 13 41 90 6 87 81 50 17 32 75 94 85 31 1 66 84 38 68 60 51 36 67 76 21 28 59 40 5 71 82 83 78 26 35 8 80 47 22 20 34 33 45 25 12 65 44 52 14 93 11 9 88 79 89 18 15 2 86 61 16 70 58 57 30 95 37 7 19
27 44 28 60 50 88 49 46 74 16 38 19 45 58 63 39 75 17 71 76 2 53 37 18 87 30 23 31 65 33 79 42 72 55 35 24 34 92 11 80 59 69 78 43 67 61 8 95 81 51 40 68 3 85 9 82 70 77 12 36 32 90 22 4 84 21 10 66 83 73 48 57 15 6 93 14 86 94 62 41 54 26 1 7 56 52 29 20 64 13 25 47 5 0 91 89
17 30 93 60 29 84 27 41 20 89 72 59 36 71 10 5 54 11 92 47 43 31 14 49 6 3 94 7 33 44 65 35 75 90 42 28 48 70 53 23 74 85 61 68 57 62 64 13 77 80 58 37 63 91 18 66 86 2 24 52 4 50 34 1 73 67 26 39 95 81 38 32 15 40 9 82 25 83 76 87 22 51 88 46 56 0 79 8 69 78 16 55 45 21 19 12
95 1 63 32 14 45 16 78 49 39 9 44 47 52 31 83 34 68 84 55 57 21 91 25 15 4 69 29 11 54 58 27 18 56 77 22 76 50 40 82 71 60 26 73 53 72 86 74 2 6 81 67 66 59 48 23 46 42 89 0 93 43 3 79 36 10 70 94 90 35 85 65 28 24 13 38 20 7 33 88 5 75 61 92 19 80 51 64 37 41 12 62 8 87 17 30
58 53 30 12 84 11 0 47 6 65 39 69 92 85 8 14 93 32 33 55 3 9 54 80 90 22 38 78 70 88 35 87 94 4 40 56 91 17 72 27 59 23 81 10 86 45 64 26 67 28 60 20 74 83 5 82 36 19 37 7 21 61 52 49 68 66 57 18 44 31 77 73 75 51 13 43 62 46 16 29 24 15 95 42 41 89 1 2 63 76 34 48 71 79 50 25
22 4 50 7 43 28 53 63 85 5 89 81 86 56 90 36 39 48 73 1 29 20 0 75 8 88 46 18 76 33 2 78 45 12 66 64 95 6 47 24 91 68 37 54 61 60 92 30 71 67 19 83 79 87 26 13 57 27 93 16 41 44 49 11 65 17 9 72 38 80 25 40 14 59 34 31 32 15 77 69 55 51 84 10 94 42 52 3 58 23 62 70 21 82 74 35
77 30 23 54 68 65 38 70 25 19 46 76 90 88 40 12 17 78 59 22 42 63 4 86 2 45 82 18 73 15 16 29 55 35 69 62 43 3 26 37 67 50 75 87 80 20 24 13 44 57 83 53 47 66 1 89 9 60 52 10 79 48 11 72 21 91 92 27 49 85 93 5 74 34 32 94 39 61 64 7 36 84 58 0 8 95 6 56 81 51 28 71 33 14 41 31
94 62 76 63 24 49 56 44 59 58 10 15 41 64 52 36 28 21 60 89 73 13 45 29 95 17 84 12 3 66 27 1 8 77 39 50 88 70 26 54 72 65 6 85 67 33 14 9 4 31 91 68 48 7 83 71 86 93 51 75 11 23 32 35 25 80 55 90 37 42 61 74 5 47 18 34 53 30 22 69 82 46 57 2 43 92 78 19 79 40 16 81 87 20 0 38
14 44 19 5 94 30 59 51 82 7 27 93 36 62 80 52 58 43 91 87 92 22 16 13 76 41 37 39 46 50 10 74 70 9 3 78 86 23 8 55 33 88 49 60 15 11 42 89 48 77 90 61 32 65 95 68 2 25 40 1 0 64 73 18 81 67 63 53 21 66 28 45 35 12 71 84 38 4 6 85 34 69 26 72 56 17 83 75 54 20 29 31 24 79 47 57
36 26 41 22 68 66 62 50 38 87 28 86 37 15 80 3 60 67 57 94 85 7 59 29 35 65 45 52 4 75 58 1 71 79 56 21 44 23 24 81 73 9 95 93 51 46 63 88 33 72 82 47 14 30 78 92 49 53 10 18 91 34 61 5 77 8 32 90 89 25 2 70 74 83 20 0 84 48 17 13 19 55 31 54 16 11 12 69 43 64 27 42 39 6 76 40
50 94 17 85 41 56 95 62 82 21 86 28 88 46 7 20 79 18 38 29 60 71 0 48 84 90 66 5 25 65 69 12 37 55 9 35 42 1 52 81 53 24 15 61 47 26 16 93 30 8 68 31 13 73 89 77 10 39 45 40 67 27 34 63 23 11 92 70 75 43 64 72 36 22 74 83 59 58 78 44 87 19 14 3 80 76 2 32 6 33 57 54 51 49 91 4
86 0 58 10 37 39 95 25 81 82 66 78 34 54 36 56 2 73 57 65 17 8 40 19 4 72 35 47 55 31 70 80 9 52 85 46 84 43 13 63 60 18 87 62 11 41 38 77 5 69 50 49 88 53 64 93 27 1 74 42 30 68 22 6 45 59 33 12 75 44 32 20 15 23 7 3 29 26 51 89 90 76 48 91 24 92 28 79 94 71 83 21 61 16 67 14
35 60 29 91 62 36 6 25 16 28 20 83 64 85 0 67 38 4 89 87 71 33 92 73 95 50 1 63 45 69 46 19 84 93 39 10 40 14 31 86 43 52 58 76 26 51 41 13 47 74 12 75 11 53 56 90 80 61 30 94 81 48 18 9 22 55 66 54 37 15 34 3 59 82 5 68 7 42 79 57 24 8 27 65 2 72 21 88 70 32 77 78 44 23 49 17
41 26 48 91 45 14 17 12 64 87 2 47 50 18 39 56 66 93 16 62 46 29 35 65 53 8 24 3 60 54 30 20 19 90 31 22 68 7 36 32 58 11 84 92 5 73 78 33 76 43 86 42 28 21 38 10 59 37 34 95 74 89 51 44 67 72 49 94 70 57 52 9 0 79 13 6 55 1 15 69 88 61 81 25 4 27 71 77 82 80 75 63 85 83 23 40
80 19 13 64 28 45 66 12 69 17 20 56 95 65 53 88 37 11 74 23 35 6 52 73 42 84 36 51 1 85 61 82 40 47 4 49 9 93 79 70 78 44 81 27 2 15 76 33 89 86 62 32 8 0 77 16 18 60 43 90 48 7 71 34 58 30 67 72 26 29 68 14 87 25 50 54 63 92 39 41 5 91 3 94 83 55 10 57 24 22 21 38 75 46 31 59
22 79 36 34 70 78 31 57 68 67 30 92 80 18 89 43 82 6 85 42 90 77 32 83 65 16 88 28 49 47 21 73 91 41 11 51 61 7 13 40 56 63 24 48 69 62 45 26 52 12 72 53 46 27 8 44 93 59 10 29 64 87 74 50 19 54 60 55 75 3 66 0 58 84 76 9 35 2 1 86 23 17 39 95 81 38 33 14 4 94 15 71 20 5 37 25
60 1 73 61 86 5 14 72 18 33 25 85 44 55 27 83 76 12 51 49 24 57 26 68 19 39 43 65 95 3 8 79 35 93 6 41 46 16 53 30 15 87 28 42 91 10 17 50 56 29 38 82 74 23 58 71 22 69 34 77 31 2 78 88 36 45 48 13 47 62 9 64 21 20 54 70 63 80 59 11 32 0 90 94 89 66 92 40 7 4 81 52 67 75 37 84
41 57 24 11 47 40 76 79 31 77 85 71 4 7 15 22 73 91 3 64 27 1 0 10 26 55 23 2 81 46 84 20 68 90 13 53 60 82 92 9 12 8 52 66 25 61 6 50 17 44 45 35 42 34 95 48 63 67 49 54 14 83 93 56 72 43 5 62 94 32 38 33 39 16 51 36 21 37 19 30 29 89 28 70 74 65 69 78 86 18 80 88 58 87 75 59
74 1 92 77 86 15 72 80 7 36 9 49 21 56 13 12 66 67 26 78 4 60 38 35 81 45 55 6 62 33 34 63 20 57 64 89 68 50 75 47 87 41 85 5 10 73 0 19 91 51 37 65 16 25 79 2 48 94 90 17 3 39 32 27 93 88 11 53 58 42 71 54 46 76 23 69 44 22 82 24 52 84 28 70 8 43 61 31 29 14 83 40 59 18 30 95
28 23 15 94 70 35 73 81 51 39 48 18 31 60 3 95 52 40 41 47 29 59 88 44 46 5 71 79 33 38 92 36 78 83 93 69 43 10 65 45 58 6 42 86 19 80 30 11 68 76 32 8 61 13 90 0 24 25 49 26 16 57 82 84 72 37 74 17 66 89 54 62 4 34 77 2 12 9 56 20 22 21 7 85 64 55 87 14 53 1 67 50 63 75 27 91
7 52 41 33 77 12 19 35 88 71 64 62 9 45 57 69 55 66 73 54 51 59 94 43 53 0 91 70 38 24 83 40 84 89 18 25 68 8 76 14 82 37 1 23 46 63 67 90 5 48 11 79 17 15 44 60 16 50 27 39 81 34 6 92 42 74 61 29 47 75 21 30 78 56 72 20 95 58 86 22 4 31 93 26 49 87 85 13 2 10 80 32 28 36 65 3
67 57 40 20 17 36 19 56 85 76 28 35 44 74 7 29 58 34 41 22 32 68 0 69 3 79 64 49 93 1 26 33 37 55 24 43 87 66 61 59 62 9 5 81 70 91 95 16 27 77 42 52 47 51 2 25 48 92 54 39 83 90 18 60 30 80 72 15 65 11 86 6 63 89 88 21 53 12 45 46 73 31 8 14 82 71 75 78 50 84 94 38 4 13 10 23
21 25 16 88 41 56 65 84 13 50 94 63 71 4 52 78 49 29 8 34 90 30 5 18 43 89 83 32 3 36 48 59 14 11 46 35 55 67 80 15 40 82 74 19 76 58 51 64 12 95 69 26 22 75 1 45 61 47 31 77 20 93 73 60 70 42 0 33 9 28 6 62 54 87 27 79 7 10 81 44 66 24 85 86 39 57 91 17 23 38 68 92 37 53 72 2
36 38 35 61 45 43 27 12 4 1 79 58 93 50 6 10 37 52 18 23 72 44 59 24 51 88 78 82 66 56 86 34 63 55 46 57 16 75 90 64 54 70 71 62 49 5 42 21 9 28 17 26 14 95 39 15 48 7 30 76 60 0 33 13 40 65 19 11 73 81 92 47 32 20 41 84 83 67 91 87 74 77 2 22 68 53 69 8 89 85 94 29 25 31 3 80
38 60 42 7 57 91 80 41 36 55 13 84 79 44 28 89 52 94 74 46 81 95 56 30 27 70 61 25 40 49 6 12 83 11 54 31 71 34 8 67 16 45 21 68 35 93 4 14 37 2 5 69 20 22 39 92 43 86 17 33 78 77 51 24 72 90 3 62 48 0 63 59 53 64 47 76 73 15 85 32 23 87 9 88 65 66 19 18 75 26 29 50 58 1 10 82
41 19 68 52 73 93 67 75 69 65 2 13 16 48 28 62 6 78 84 56 9 26 80 43 25 76 18 77 4 74 51 10 47 59 15 8 3 85 20 94 86 45 95 36 0 49 72 22 31 27 32 82 91 89 12 14 40 5 42 58 24 50 57 44 23 34 39 17 38 87 88 70 60 63 30 33 55 61 37 54 64 66 21 29 81 71 35 79 46 1 53 7 11 92 90 83
13 49 61 74 41 83 88 91 28 94 85 34 70 87 7 64 79 43 50 32 56 92 31 80 35 30 25 11 93 84 42 65 48 77 89 47 4 6 86 23 45 2 73 81 46 72 90 24 8 40 17 67 10 36 27 71 75 16 18 95 26 63 12 33 82 78 19 21 39 51 52 20 37 38 1 44 15 62 59 22 69 5 3 66 58 0 60 53 55 29 57 76 14 68 54 9
76 16 44 83 59 68 91 4 10 29 80 58 72 2 20 81 93 41 94 67 13 51 69 52 12 87 62 1 75 88 42 53 36 15 11 8 92 24 90 70 57 89 18 95 56 50 28 21 73 38 55 46 40 9 25 71 0 35 85 48 54 45 5 19 33 43 26 30 14 61 31 60 82 47 63 64 84 39 7 34 79 49 3 77 65 27 22 37 66 32 78 17 6 86 23 74
89 18 66 1 90 41 20 21 61 81 10 38 79 75 42 60 51 7 65 17 69 19 25 73 26 80 70 37 45 57 76 22 47 44 0 6 34 12 9 62 77 94 82 53 86 35 50 52 16 95 64 63 2 72 93 40 55 43 91 15 87 11 5 36 13 46 92 71 23 29 74 83 56 28 8 49 14 31 54 84 30 27 3 88 78 58 48 85 39 59 67 24 4 32 68 33
20 79 92 51 59 28 53 3 45 30 94 12 58 17 81 62 74 26 56 80 11 37 21 55 43 7 87 64 41 14 2 36 40 33 60 89 13 88 38 0 52 19 39 5 34 90 16 70 1 32 65 6 67 25 24 10 15 72 83 49 35 82 42 78 27 31 84 73 18 66 44 91 71 57 85 46 54 9 23 68 63 76 77 61 95 22 93 50 47 4 29 69 86 48 75 8
61 89 5 55 43 46 71 7 44 73 18 33 26 54 0 35 11 72 15 10 78 92 57 65 62 58 91 20 84 83 34 76 75 6 49 8 60 45 38 1 48 93 47 28 42 56 80 81 94 30 79 37 27 53 69 88 2 16 63 12 59 66 21 77 22 23 14 24 40 50 74 29 31 70 85 39 25 51 36 3 19 17 41 4 13 32 82 95 87 86 67 9 68 52 64 90
82 71 33 42 66 78 87 79 85 38 25 64 35 2 93 67 16 84 40 20 11 31 27 68 8 46 52 48 70 22 7 74 5 59 13 60 54 61 75 0 26 94 19 80 32 55 77 86 45 23 72 41 15 21 63 30 58 17 44 49 36 69 9 76 43 18 92 29 83 39 4 88 62 65 14 24 34 56 89 1 12 91 51 37 3 90 50 53 73 10 6 81 57 28 47 95
56 78 83 81 84 11 23 72 77 3 24 15 90 30 37 94 73 87 33 27 47 17 55 51 76 22 39 41 19 26 75 58 42 21 67 25 45 13 44 68 61 80 70 49 6 36 65 74 93 50 5 40 16 88 28 69 66 31 59 54 86 10 7 63 89 43 57 71 92 82 4 34 53 8 12 46 2 48 60 20 95 29 85 9 1 38 0 79 91 52 64 32 35 62 14 18
79 86 72 87 67 59 81 7 62 31 38 30 80 11 25 34 18 52 19 24 26 5 55 21 23 47 0 46 76 64 9 83 94 2 17 39 3 44 12 6 42 56 54 84 20 57 82 89 66 45 61 91 48 50 35 78 40 88 60 68 22 16 33 13 73 41 28 74 75 77 53 15 71 63 37 95 49 29 85 70 69 14 93 27 1 10 90 36 32 65 8 51 43 4 58 92
50 61 83 47 33 30 54 25 51 40 6 92 2 42 89 41 64 3 8 72 36 56 16 28 81 26 88 74 60 24 48 84 80 12 14 78 70 67 58 20 34 44 17 75 76 27 55 45 86 46 93 52 5 9 87 77 71 7 13 65 38 82 1 94 10 79 39 66 95 69 19 68 32 73 59 62 21 18 90 22 57 49 4 23 37 53 15 35 29 91 43 63 0 85 31 11
50 34 95 89 70 8 80 44 87 88 91 19 27 28 62 38 39 56 58 94 11 21 55 13 71 9 73 85 15 75 7 31 32 77 42 0 53 2 23 74 86 22 18 60 41 76 84 48 20 78 49 30 66 5 24 14 81 45 3 92 47 46 51 40 12 16 63 82 17 59 61 79 25 33 93 35 67 90 69 26 36 65 1 37 54 6 83 10 43 52 64 72 4 29 68 57
5 28 45 67 44 84 66 91 75 37 50 90 52 79 68 56 78 49 93 54 0 21 61 9 46 57 34 87 74 2 92 33 94 24 51 85 16 83 13 81 89 32 95 14 29 3 60 27 40 36 4 1 30 35 38 86 88 41 70 8 69 12 31 47 22 23 17 76 26 6 63 77 20 59 58 10 71 42 53 82 25 62 43 7 11 48 15 19 65 18 72 55 39 80 73 64
42 54 4 23 28 83 52 58 43 67 2 38 35 51 20 93 6 89 90 9 0 48 69 68 37 53 77 86 21 19 11 76 84 66 56 44 36 16 80 88 12 60 24 40 57 45 72 3 82 70 85 94 59 39 50 65 46 47 1 41 8 7 34 5 73 17 62 32 30 22 75 25 79 81 78 63 27 49 13 26 29 74 92 61 33 95 10 31 18 14 64 15 91 55 71 87
84 49 0 19 91 25 69 34 40 37 47 36 30 53 83 12 3 62 55 5 2 70 4 32 76 46 29 88 89 59 18 21 61 14 24 56 93 74 71 31 42 26 17 64 38 35 50 52 73 95 6 22 90 45 11 8 81 60 51 20 82 27 13 86 28 9 33 48 68 94 57 44 7 54 75 23 92 87 10 63 15 41 85 77 80 1 65 16 67 72 78 58 66 39 43 79
79 37 8 5 31 64 18 57 25 60 38 82 93 56 16 92 72 13 29 49 74 62 90 53 80 41 76 44 20 84 94 23 0 63 22 48 30 51 54 33 87 36 55 52 34 88 14 39 91 15 70 66 24 67 95 89 10 71 3 47 75 35 86 11 50 12 58 78 85 6 32 40 61 43 1 46 65 4 45 19 17 21 26 77 2 83 68 9 59 7 73 81 42 27 69 28
8 73 45 79 14 92 52 51 59 56 43 82 17 39 10 88 26 48 13 64 61 60 44 77 50 74 55 3 69 27 94 84 11 7 83 19 0 67 90 2 71 18 47 33 58 42 28 66 37 23 72 57 54 1 93 65 30 81 38 49 35 9 25 16 63 41 31 36 85 87 40 29 46 32 6 76 22 24 21 91 86 34 15 4 53 5 89 20 12 68 80 78 70 62 75 95
57 93 87 60 76 48 17 73 61 80 10 72 63 49 0 55 46 11 33 20 56 50 45 9 1 53 64 58 22 30 36 67 14 65 35 52 38 23 83 75 25 15 69 47 59 74 90 19 88 77 24 2 13 18 37 3 41 12 40 28 54 71 89 8 92 79 21 62 39 6 29 43 82 86 32 85 91 27 16 78 5 7 34 44 70 51 94 31 95 4 81 68 42 84 66 26
44 67 73 17 62 55 25 59 86 26 12 32 83 3 38 28 8 78 5 61 21 1 39 36 22 95 66 19 74 77 84 79 24 85 71 52 9 47 27 33 93 23 16 37 64 90 60 89 40 31 51 41 70 56 7 0 13 18 75 49 42 11 91 14 10 6 81 82 46 94 87 63 65 72 69 68 76 50 57 45 4 30 2 35 34 43 29 58 92 54 80 20 53 48 15 88
58 37 3 64 49 28 47 92 12 87 78 56 80 9 40 16 51 7 44 77 27 54 94 22 50 19 1 24 61 62 53 18 35 21 15 66 69 79 45 29 63 34 4 25 13 86 17 23 31 57 32 73 75 68 70 5 72 71 30 38 60 52 82 84 26 36 85 6 89 43 95 67 83 81 90 42 59 2 55 20 91 10 48 41 65 0 11 39 76 88 46 14 93 8 33 74
61 37 47 70 67 24 93 46 11 53 81 82 42 55 20 89 65 4 51 36 15 18 76 90 68 0 31 30 29 52 56 41 94 83 13 87 12 23 34 88 27 7 48 28 66 45 5 16 14 62 77 44 78 2 43 38 40 92 58 75 57 80 91 73 79 84 26 50 64 21 74 49 71 72 86 32 10 22 63 8 17 35 59 69 19 85 1 3 9 33 25 95 60 54 39 6
62 73 35 81 10 49 30 16 47 55 70 63 45 95 0 48 78 4 83 86 91 75 65 7 36 20 85 87 71 39 3 93 42 31 88 61 6 59 5 82 28 89 76 92 64 79 29 57 13 19 54 60 33 32 15 80 8 51 90 40 2 22 27 52 17 23 26 50 1 53 43 77 67 21 25 56 94 9 69 46 38 34 24 11 12 18 84 74 44 66 58 41 72 37 68 14
59 35 56 86 22 50 79 72 10 76 94 41 70 20 16 62 40 17 0 55 27 4 88 78 52 37 1 9 82 33 61 24 74 54 80 75 84 93 69 87 51 32 83 7 43 68 91 49 60 3 6 11 26 15 71 28 89 30 39 63 36 85 45 47 38 58 66 77 95 65 29 31 90 21 57 14 18 23 25 2 12 73 42 67 92 64 19 81 53 44 5 13 48 46 34 8
