3.026301200771747135e-01 7.327372662852219554e-01
7.852156717487035476e-02 1.329188258299330849e-01
1.442564566899458001e-01 6.509604519484266660e-01
5.703248290576392598e-01 6.615029080671703809e-01
7.459162601092946820e-01 4.611023159382023895e-01
4.682830132400620515e-01 8.986249889618785902e-01
9.092491789855206008e-02 8.177132775217137439e-01
1.938492421163997559e-01 6.314395360173765681e-01
5.865584992671675213e-01 8.226050846087564761e-01
6.244044313016217096e-01 3.805021224201365904e-01
2.115755564659046462e-01 6.896374493032313424e-01
3.348678550142337729e-01 7.914174519889218828e-01
2.282911767984352469e-02 9.619630865042733125e-01
9.014739981295534221e-01 2.035167126553859562e-01
2.920457822163355921e-01 5.497553857690208323e-01
2.264400185888596484e-01 2.256407398828621513e-01
7.426344390306752752e-01 3.682987379294525576e-01
6.005615644257333852e-02 7.031779865685529041e-01
7.422991852376135125e-01 7.740094641498763695e-01
4.029544500637546323e-01 2.122949660279864759e-01
8.912267936831967940e-01 4.272396892908735255e-01
1.568121329864368141e-01 5.179643423358382126e-02
6.541552503132115337e-01 6.496587938440192556e-01
4.355909240527614523e-01 2.492885429391341612e-01
7.647659525479384435e-01 8.195962521861133165e-01
2.110191022316616483e-01 9.619920604353391358e-01
6.739821800288582354e-01 7.733810006091110800e-01
1.821047522958396669e-02 5.940325070273621000e-01
9.031922361773767616e-01 2.576361439885865856e-01
6.925761154747849258e-01 1.469658550011216924e-01
6.061590978867928969e-01 9.208030745785663607e-01
4.573958219302259876e-01 5.307378692414803645e-01
3.074270968033265827e-02 2.801786481233790038e-01
9.873790264094853830e-01 7.968944420071851775e-01
3.771726225846098179e-01 5.202944374206246447e-01
5.385175991278590146e-02 8.135163203910377172e-01
3.185504093156832361e-01 9.639107140590286171e-02
9.625245893817906406e-01 5.185008219421812781e-01
4.067008440612345233e-01 3.237821995601594116e-01
2.148106118872364911e-01 5.423639139694494959e-01
2.550546812832854560e-01 8.877342792201858845e-02
3.327155030370096966e-01 2.138984499730196553e-01
9.231287861792777383e-01 2.038808255358187660e-01
2.738804925493232290e-02 2.350670267035697147e-01
4.126503968058706784e-01 1.634841142402800873e-01
1.178447534413340492e-01 4.656457493161231254e-01
1.845983607421003425e-01 6.204371502737413557e-01
8.922356831306401670e-01 1.696241596960235132e-02
5.947725357259479040e-01 6.778456043340133075e-01
5.805853140089511921e-02 9.061344115148705081e-01
6.713242250131867817e-01 8.781323388284878462e-01
2.566854739181279044e-03 5.453443943381274250e-01
8.824096458791327313e-01 2.174537375688846419e-01
3.267805629447777527e-01 6.437214774358864799e-01
4.539913860265532008e-02 7.611900874107340176e-01
8.910515495322757218e-02 3.867567055886736993e-01
4.253938541379508331e-01 2.567972663687358992e-01
6.824608880980918002e-01 7.850293583464694747e-01
8.508982747552927828e-01 4.136081939136360131e-02
4.401047634542888387e-01 2.129389995802019042e-01
5.575221211803805810e-01 6.769963913326804139e-01
2.750617199046520023e-01 1.753389304019804529e-01
7.356972255616802681e-01 3.828862247948002784e-01
4.335608299014291900e-01 3.515990217198688983e-01
9.522962781981015867e-01 6.096458239398762080e-01
6.515953950431516706e-01 7.479455892680646478e-01
1.321124054293243422e-02 5.905667874628407477e-01
3.761890857237051300e-01 8.333306553048956955e-01
7.226418143062566246e-01 2.098595150184957570e-01
6.257696318478560560e-01 7.883525926259867811e-01
8.263803476546816018e-02 6.854893885072056436e-01
8.120023489134130523e-01 9.881450846840124091e-01
5.713601589673394932e-01 7.453623182216329024e-02
7.803531438992240554e-01 4.023864000684629350e-02
4.453713046478088300e-01 4.795476205753791410e-01
9.742673867146562916e-01 9.066251371596668607e-01
5.634093791292447140e-01 8.315323425879120878e-01
4.577745798876818872e-01 4.321770068059456182e-01
8.984339079435733622e-01 7.911034660467202162e-01
6.093929697863466055e-01 1.785155451518205538e-02
9.709697581887777318e-01 3.600364320616360470e-01
1.670206176003909970e-01 8.621494355922726394e-01
9.466832056881467894e-01 6.006077885009386552e-01
5.054645548729825855e-01 2.038676991905710167e-01
7.341869151695619156e-01 6.807778676409581564e-02
9.002456760205530539e-01 9.187124912827406842e-01
9.963530412771437472e-01 3.992786783151913710e-01
4.997644827502596421e-01 4.734110005613486605e-01
1.255272354244916233e-01 6.779001719197631504e-01
3.160646555768362731e-01 3.601393289688051835e-01
9.364560763747218353e-01 1.970319120123327217e-01
3.992131989509295487e-01 5.739229519266059176e-01
3.875630728553082216e-01 3.634485212356076689e-01
7.469575309275632291e-01 7.665175603239973157e-01
2.132739187816313775e-01 5.106231992658636365e-01
3.348052170884456835e-01 4.186031220479340398e-01
