81 89 6 2 1 76 49 5 22 19 86 37 32 64 21 41 45 82 62 94 73 69 52 40 67 51 55 72 91 77 4 85 36 83 95 78 9 24 46 10 65 75 3 14 61 34 53 27 56 59 13 39 23 54 50 7 16 17 70 80 79 11 63 58 26 8 60 12 20 71 44 92 68 18 66 42 84 48 57 28 47 29 35 33 43 87 31 38 0 93 90 15 30 88 25 74
54 81 83 67 0 20 64 86 63 2 39 12 62 31 8 34 72 33 38 89 3 93 15 65 95 35 94 36 27 50 40 45 91 53 4 6 77 84 88 1 79 24 52 82 68 21 80 17 75 9 59 37 22 58 71 87 78 74 26 16 30 56 32 29 60 66 14 92 76 41 48 44 7 18 23 10 69 5 47 73 11 70 61 42 85 19 43 13 28 55 90 46 25 51 57 49
86 29 55 75 72 24 59 62 61 43 0 90 58 38 4 91 41 76 36 14 69 53 70 2 64 78 25 73 82 30 45 28 67 80 39 93 1 84 42 22 79 15 10 13 95 23 20 16 66 21 5 50 9 19 81 51 33 88 34 52 89 44 17 94 35 54 26 8 40 60 57 68 74 18 7 77 83 85 47 63 56 11 92 3 27 6 31 87 32 37 49 48 46 12 65 71
76 48 85 7 92 36 23 63 62 70 21 81 35 56 71 3 87 17 53 6 15 29 80 75 33 58 31 91 16 46 43 55 2 4 78 60 1 12 95 64 11 27 39 66 19 73 61 41 28 69 90 83 10 30 20 49 88 37 57 40 8 44 9 18 5 32 26 84 42 50 82 24 68 13 59 74 54 14 52 47 45 38 72 51 67 77 25 34 79 0 93 65 89 86 94 22
83 4 84 67 41 47 65 59 45 16 68 12 14 29 42 2 17 80 0 15 27 9 46 38 85 55 13 8 30 26 71 87 36 91 21 52 18 53 39 60 5 81 93 92 6 40 72 22 37 1 61 95 44 69 49 77 74 28 78 64 32 10 19 31 70 57 88 79 11 3 90 56 73 54 20 23 62 94 66 24 75 76 58 43 34 82 35 51 33 25 89 63 50 48 7 86
1 80 20 91 84 7 34 36 89 75 56 47 94 70 59 61 14 27 60 28 35 41 0 24 79 2 55 52 37 69 13 29 53 10 33 6 30 78 49 21 31 64 5 90 8 19 87 62 11 72 46 17 92 95 32 86 73 50 82 68 66 3 71 76 77 67 23 81 4 65 18 44 22 43 9 88 83 85 63 42 58 39 15 40 38 25 93 51 26 74 57 45 48 12 16 54
21 14 91 60 72 94 76 37 9 65 59 29 16 88 19 80 1 70 43 40 5 4 87 23 50 66 32 49 39 61 68 57 78 51 41 31 11 95 47 84 27 2 30 71 67 54 73 26 38 25 20 13 33 56 81 34 85 53 35 42 77 6 46 12 62 15 44 58 8 18 36 45 7 74 86 28 82 3 17 92 22 55 93 64 75 52 69 63 89 90 24 79 83 48 0 10
10 53 34 13 6 93 94 59 41 19 17 18 21 80 11 36 1 67 44 64 58 24 70 7 60 73 61 52 14 33 87 30 85 8 46 31 92 83 69 3 39 15 95 62 20 5 35 37 42 0 43 16 9 57 27 66 50 76 82 88 56 12 47 40 49 63 2 23 45 79 25 89 75 68 74 54 86 38 81 51 91 29 71 65 72 22 28 4 78 84 77 26 48 55 90 32
1 34 39 26 6 43 36 31 62 24 77 3 56 70 32 87 29 79 49 67 47 25 66 52 68 16 73 9 33 59 58 27 53 84 45 22 23 65 12 19 7 69 94 74 83 89 61 60 71 28 21 20 13 35 41 92 80 95 55 85 17 37 64 2 15 30 76 4 46 50 93 42 86 14 75 40 78 82 57 18 38 44 90 10 51 11 5 0 54 63 88 72 8 48 91 81
73 59 26 52 33 27 93 17 90 66 29 14 81 22 95 77 43 63 68 28 25 7 9 13 84 92 46 35 74 38 91 89 64 78 2 23 1 18 86 50 49 58 36 83 21 56 19 76 45 31 11 70 82 6 48 34 54 53 61 4 80 69 85 47 42 57 67 12 87 71 24 16 3 39 8 40 55 94 75 15 79 60 32 72 65 62 41 0 44 51 20 88 10 37 5 30
17 64 32 10 43 47 11 44 49 35 0 53 46 62 41 3 37 4 94 39 20 28 7 52 56 55 71 25 60 81 6 5 73 19 21 80 45 90 70 79 83 26 76 18 93 2 42 29 95 15 9 24 59 38 65 86 34 88 78 89 82 92 58 77 74 57 48 66 87 72 13 16 12 85 30 69 8 31 68 51 27 61 1 36 33 22 84 14 67 91 63 40 50 75 23 54
32 6 69 24 36 86 3 95 67 79 14 1 75 2 92 35 60 39 38 5 47 80 46 25 37 48 13 21 50 57 89 0 27 81 87 45 68 8 93 63 53 58 19 59 65 85 55 70 22 52 82 42 31 4 44 41 74 91 51 76 54 49 23 16 94 64 29 11 61 71 7 90 77 40 33 26 17 9 78 83 73 28 62 84 20 18 10 30 34 88 15 72 56 12 43 66
71 41 45 87 31 56 77 66 4 1 28 53 55 18 85 17 62 30 64 38 91 19 16 89 13 24 58 73 35 78 22 88 42 12 15 6 69 44 57 84 63 67 27 61 46 50 40 65 37 32 54 49 21 29 74 8 86 94 48 76 75 82 90 39 72 34 92 25 68 95 80 3 83 59 43 51 36 9 79 26 11 23 20 0 70 47 52 93 33 7 5 10 2 60 81 14
6 36 60 45 28 87 0 92 65 3 18 89 47 73 46 32 67 16 21 33 75 38 13 40 52 48 9 90 58 11 43 49 70 12 56 37 53 63 27 57 39 94 95 20 72 74 5 62 54 68 30 1 50 24 41 80 29 7 4 23 44 69 59 22 66 31 26 34 55 8 79 76 81 88 91 85 82 19 2 93 35 83 71 51 64 78 86 25 15 42 14 10 84 61 17 77
37 82 47 48 23 3 9 10 42 36 7 17 72 61 86 62 70 4 67 88 53 25 44 50 16 39 85 30 65 84 35 0 73 11 19 46 15 5 66 87 27 26 40 13 38 21 55 20 43 94 22 83 31 90 51 34 60 6 91 77 14 54 80 8 18 2 12 56 79 58 49 68 75 32 89 78 92 33 95 29 1 45 59 69 93 74 81 76 63 28 52 41 64 24 57 71
26 0 13 15 95 61 90 21 86 6 69 12 54 58 27 85 64 9 67 24 32 70 10 94 45 71 52 88 42 46 92 68 75 39 93 3 57 4 19 37 53 91 56 40 65 30 20 72 22 60 48 25 2 7 29 23 63 80 77 89 81 47 16 1 34 17 51 49 76 87 59 84 62 5 55 44 18 50 78 43 79 31 83 14 38 66 41 11 73 33 8 36 82 35 74 28
12 24 53 14 54 89 52 51 21 8 82 90 27 6 56 95 50 28 4 76 69 25 64 65 81 44 43 20 39 33 42 60 48 38 93 84 77 49 88 29 22 58 18 62 94 3 35 68 57 78 91 85 79 72 87 10 80 26 86 74 92 83 47 30 19 75 31 70 55 23 34 16 13 71 41 15 1 17 67 66 40 2 7 0 36 61 37 45 59 32 63 9 73 11 5 46
49 38 73 7 14 21 33 56 36 80 92 95 82 61 94 77 71 39 9 13 10 6 53 18 72 5 70 81 48 93 25 54 16 89 66 19 0 12 43 74 2 88 24 47 83 31 37 20 63 90 27 35 8 85 3 60 23 42 87 69 34 29 67 86 32 59 58 11 65 55 46 76 30 62 79 4 64 22 26 45 28 50 68 40 15 41 51 91 1 78 57 17 75 84 44 52
35 56 13 93 48 90 31 20 91 9 0 11 89 84 66 37 42 77 43 30 27 81 88 14 6 1 34 15 79 39 58 49 4 61 80 33 92 63 75 24 95 22 51 2 32 54 57 74 86 50 71 53 44 62 65 94 41 69 40 78 23 12 10 25 87 5 19 29 21 47 16 68 83 85 60 3 59 76 7 52 18 70 45 64 46 67 8 72 73 26 17 82 38 55 28 36
10 20 79 89 42 60 44 2 70 57 19 32 55 40 16 54 35 90 26 65 17 84 82 27 14 53 21 18 67 51 72 3 85 86 25 76 12 43 93 23 34 62 7 59 75 94 31 37 73 66 49 88 61 0 15 56 78 48 13 81 80 64 4 95 47 45 22 6 11 91 1 8 36 83 46 69 24 63 74 87 71 28 33 50 39 68 77 9 92 5 38 52 29 30 58 41
32 20 87 35 34 33 4 13 3 18 66 60 65 82 93 48 49 7 85 84 8 10 51 92 72 16 0 12 53 9 31 2 50 26 40 91 21 77 42 83 11 59 89 46 74 64 52 69 90 73 88 54 68 14 41 78 28 22 36 67 45 75 30 79 70 56 81 44 80 27 19 94 38 43 71 62 24 58 76 23 25 6 55 5 29 57 15 47 37 39 63 17 61 86 95 1
25 11 63 65 2 17 70 93 41 44 52 95 82 72 87 85 57 53 6 37 38 8 83 71 58 81 48 47 84 22 64 73 27 89 15 68 3 74 54 0 14 5 12 60 10 43 76 16 36 31 91 18 30 42 50 28 78 69 61 55 13 77 40 23 39 49 75 46 29 21 19 90 66 26 86 33 56 79 24 67 7 59 20 35 34 92 80 45 32 4 62 51 1 9 88 94
56 63 47 62 16 58 91 8 41 22 64 90 70 49 24 18 79 57 28 68 71 85 26 65 4 30 32 76 0 36 2 54 94 75 88 95 14 23 27 72 51 1 9 33 43 78 5 29 69 19 21 42 67 38 17 35 84 48 74 20 37 52 34 12 83 7 46 11 31 92 87 80 50 39 3 59 44 73 89 81 66 61 86 55 13 25 82 53 6 10 15 45 40 93 60 77
61 70 95 27 60 71 68 44 55 69 74 94 37 18 77 17 21 33 65 11 75 4 89 76 66 28 52 34 19 80 13 85 5 62 35 26 20 31 50 56 42 25 82 87 12 57 6 49 0 41 43 59 15 8 63 38 23 64 39 2 1 54 53 72 7 86 32 30 90 14 3 73 16 36 58 78 81 92 83 22 91 93 46 29 40 47 10 79 48 51 84 24 88 45 67 9
51 35 33 18 85 90 60 15 75 95 53 50 22 67 56 19 52 63 74 20 44 0 11 71 10 7 87 82 8 21 61 24 68 79 23 83 41 1 57 59 89 13 32 38 72 73 80 34 69 4 48 78 49 66 84 81 47 30 55 77 31 9 17 28 91 54 2 86 12 16 36 3 93 45 62 29 58 64 70 25 94 65 37 14 40 6 27 76 39 26 43 88 5 46 92 42
87 22 48 66 55 12 53 21 86 17 33 34 42 70 54 32 5 79 75 43 78 73 47 74 76 8 81 51 10 31 82 67 0 14 60 88 6 69 50 36 37 89 28 4 11 38 94 44 30 25 95 58 15 20 16 2 84 19 29 27 56 3 91 65 64 61 45 59 41 90 62 92 39 85 80 40 46 26 63 57 83 35 13 7 49 71 24 93 18 72 52 68 1 77 23 9
69 57 3 16 40 90 17 13 75 47 26 62 33 85 93 63 91 66 15 61 56 18 70 24 54 94 41 34 49 46 42 5 76 23 83 45 53 59 19 68 37 39 1 74 0 30 27 10 44 31 95 50 36 80 84 21 32 22 89 25 38 43 79 55 64 77 78 67 48 11 60 73 65 52 29 51 14 20 87 58 81 72 4 7 6 28 12 82 35 8 71 86 9 92 2 88
61 94 5 39 49 91 8 36 73 16 92 12 4 42 55 89 17 35 62 78 27 82 54 45 86 2 21 65 64 77 13 75 1 7 95 33 84 37 47 57 34 83 41 11 44 67 79 93 22 24 63 40 19 76 69 71 14 60 25 59 28 53 43 10 18 26 6 56 52 9 23 74 31 15 80 58 38 0 29 87 32 88 85 30 81 51 70 66 20 50 72 90 46 68 48 3
86 72 78 82 28 66 84 37 39 7 5 15 57 35 2 51 22 32 0 48 71 49 43 63 20 89 50 3 68 26 25 9 73 94 80 21 8 18 16 10 46 92 38 23 75 59 79 6 45 47 40 91 60 70 88 11 33 81 95 1 87 27 61 30 36 53 19 62 34 83 17 54 58 52 65 4 64 44 12 93 41 76 85 42 77 90 74 14 13 56 67 55 29 31 69 24
54 9 51 90 17 21 62 86 91 13 71 59 93 22 41 39 94 12 84 58 95 27 40 81 70 79 48 72 47 82 87 83 45 89 74 2 14 92 18 20 76 8 0 63 66 16 19 5 52 88 67 64 68 43 29 35 4 31 15 50 55 75 73 69 37 49 11 77 10 44 30 65 60 23 46 34 32 36 25 78 6 33 24 56 42 85 57 26 1 61 80 28 3 38 7 53
2 12 23 31 82 53 50 72 10 89 15 25 34 58 64 63 42 22 30 39 1 27 60 44 49 83 37 52 84 8 57 94 19 85 18 43 38 3 35 92 11 62 93 59 91 87 81 86 9 24 68 65 32 56 47 13 69 0 48 28 76 41 55 4 95 7 88 20 54 78 21 90 75 26 5 17 46 70 40 79 80 14 36 29 45 77 67 6 16 71 51 74 33 73 66 61
48 86 93 94 69 14 92 10 36 80 77 91 26 17 8 43 29 3 75 24 46 30 73 65 5 32 53 78 60 68 58 9 44 28 89 0 40 31 74 90 87 2 64 4 22 55 83 79 85 82 25 59 42 71 45 76 33 81 51 56 88 52 18 50 20 16 54 19 23 66 49 12 11 62 67 7 35 70 38 34 1 95 37 6 63 15 39 61 21 84 47 27 72 57 41 13
78 25 65 57 68 39 12 59 2 51 83 48 41 19 55 74 71 10 26 95 36 93 49 63 6 8 21 20 9 66 53 87 5 91 27 16 7 77 24 47 80 75 42 85 13 44 11 38 86 37 84 94 64 50 4 92 35 54 46 72 60 90 67 34 56 58 28 1 0 45 62 17 14 32 81 33 23 79 43 52 22 88 61 73 30 29 31 15 18 89 82 70 40 76 3 69
15 70 67 12 79 36 39 14 17 25 74 51 48 72 27 55 75 87 31 33 59 90 19 71 86 29 92 73 60 22 63 3 77 78 84 16 83 46 24 7 50 40 47 5 94 42 61 45 91 44 69 4 64 26 32 53 65 37 68 23 20 80 13 1 0 85 38 11 43 18 93 89 52 54 88 66 58 57 28 81 34 76 8 82 41 30 21 49 56 6 2 95 10 35 62 9
16 80 31 13 55 19 23 34 39 92 20 69 48 12 45 65 38 21 52 66 51 9 40 15 26 11 7 44 93 47 32 41 4 77 57 61 25 2 22 37 91 72 54 95 60 87 46 3 94 5 86 67 53 56 50 79 58 63 14 27 89 68 73 42 30 0 8 24 71 64 62 28 75 49 33 43 82 10 74 70 59 36 17 35 6 81 88 85 84 78 29 83 90 76 18 1
20 41 42 74 32 57 95 92 28 84 25 5 83 89 46 77 59 75 1 50 10 73 86 15 23 55 60 24 51 17 90 52 33 37 54 30 80 67 19 45 62 76 81 66 61 7 91 4 40 36 71 72 58 26 53 8 47 6 94 88 12 0 93 69 63 3 49 56 16 22 79 14 85 18 34 38 35 21 78 68 9 27 44 31 43 70 64 39 48 2 82 11 13 87 29 65
85 74 6 4 53 95 42 54 20 51 80 31 91 69 16 17 41 11 34 23 44 61 88 82 52 32 26 27 24 5 72 67 77 60 50 30 49 0 84 73 94 70 87 63 92 81 1 14 75 93 78 43 28 48 76 47 65 38 3 90 22 33 19 9 46 59 89 36 55 2 83 57 35 37 15 39 86 58 64 13 29 66 40 18 56 21 62 12 71 10 7 8 25 45 68 79
84 21 19 5 62 9 56 0 32 1 49 95 89 31 51 57 66 15 72 33 48 42 10 58 65 59 3 77 11 16 80 85 34 35 64 7 44 37 43 90 6 14 18 61 60 47 40 20 67 69 86 76 30 17 91 82 79 22 8 28 13 12 87 78 4 55 27 93 75 94 71 74 29 26 2 45 38 53 63 36 83 46 92 52 24 73 81 54 25 39 88 68 50 41 23 70
62 4 86 91 38 9 6 63 59 28 0 17 37 1 25 66 60 42 33 82 89 77 36 51 35 48 40 29 46 71 79 30 23 85 88 24 56 80 44 45 21 2 26 47 7 54 72 11 52 83 13 5 14 81 31 43 74 19 57 67 8 55 68 50 70 78 20 94 39 22 75 53 15 18 32 12 41 73 64 95 90 10 93 49 87 16 3 61 27 34 92 76 65 84 58 69
37 79 44 62 35 32 1 93 59 87 58 81 33 92 23 60 49 85 45 64 68 88 76 53 46 83 27 72 11 34 14 43 7 0 69 66 50 15 47 55 13 28 63 82 39 52 42 24 25 30 4 77 84 18 89 31 86 8 61 65 54 94 2 67 6 20 29 17 19 16 48 91 73 56 9 3 51 75 90 70 12 36 95 71 40 10 22 78 38 41 26 5 74 80 21 57
48 85 69 65 35 36 3 91 27 66 45 68 25 56 63 71 80 75 93 50 29 6 16 92 58 15 54 30 64 5 73 90 44 79 67 12 94 2 26 22 1 17 37 87 32 18 49 60 4 78 39 81 53 19 88 59 34 8 38 20 76 84 13 55 41 14 46 82 61 40 31 70 7 74 23 42 47 33 24 86 10 77 43 89 21 52 57 83 11 62 0 28 51 95 72 9
30 74 82 25 80 2 12 95 34 46 66 55 49 41 92 85 52 3 20 70 23 57 87 11 81 68 17 79 21 53 9 37 94 65 72 78 10 42 33 86 69 63 32 45 84 88 1 26 54 4 22 73 43 64 44 13 0 35 60 90 5 29 16 28 59 27 62 93 71 58 14 61 67 15 19 39 47 24 89 40 56 38 91 7 51 77 18 83 31 6 75 8 36 50 76 48
17 7 18 48 49 93 59 47 53 84 37 72 69 31 39 94 23 87 21 63 73 71 6 3 91 25 12 44 41 0 50 79 13 22 83 95 74 75 36 60 70 68 57 80 51 81 85 76 61 52 89 24 20 11 45 46 77 19 58 38 29 26 42 8 15 82 56 35 10 33 92 14 86 2 40 4 55 62 43 32 67 9 66 78 27 30 34 28 5 88 65 1 16 90 64 54
18 37 46 64 88 39 13 1 75 42 78 74 7 5 60 23 29 31 14 79 89 80 27 17 76 68 58 33 20 36 72 82 25 47 57 90 38 56 91 15 70 95 49 45 22 73 92 93 67 53 26 21 66 77 84 50 94 55 9 6 8 44 3 2 71 10 12 32 41 52 16 43 48 19 54 69 30 86 62 0 40 81 35 34 24 83 65 4 61 28 85 87 51 63 59 11
25 39 42 54 56 94 57 12 86 93 59 76 66 15 82 90 53 83 14 73 21 45 28 52 68 6 61 11 81 16 44 32 55 72 85 91 50 17 77 78 23 4 63 75 33 58 35 79 40 43 62 47 69 51 8 13 18 29 84 80 87 65 27 24 22 3 10 60 74 46 9 5 48 19 7 88 1 0 30 38 89 41 70 36 37 26 2 67 20 34 31 92 71 95 49 64
95 76 94 39 44 86 65 10 36 21 29 20 50 83 60 37 58 13 59 51 8 91 23 92 87 38 56 72 47 25 33 16 64 73 74 90 6 30 26 28 55 34 71 18 46 77 1 4 45 70 67 17 78 15 57 5 66 88 52 7 62 3 22 63 89 9 41 82 84 69 80 2 48 31 27 42 81 49 40 24 61 19 85 43 79 75 53 68 0 11 12 14 32 35 93 54
35 82 66 52 73 80 83 67 3 32 92 62 57 23 17 74 84 14 38 64 27 28 18 22 2 55 29 31 0 4 63 77 21 75 51 60 70 56 11 71 65 76 30 8 24 40 88 16 5 26 68 15 93 69 1 47 58 42 13 45 81 12 36 87 78 10 43 50 44 86 59 37 33 6 61 48 20 91 54 53 72 85 49 95 39 90 25 46 89 79 7 9 94 19 41 34
19 3 10 16 65 94 84 42 59 41 31 90 66 58 40 21 46 35 32 17 86 48 64 34 87 69 7 20 57 92 60 9 36 30 61 0 18 38 67 53 51 76 63 70 80 12 88 23 89 11 33 49 29 75 27 45 44 79 5 37 74 2 85 4 6 43 26 24 28 83 13 71 15 95 72 73 68 93 56 1 54 81 82 22 91 78 62 25 55 50 47 77 52 8 39 14
13 60 20 36 47 24 23 85 37 61 38 3 92 83 17 72 2 65 82 74 16 63 41 52 94 49 50 62 73 86 31 76 69 5 40 19 10 39 26 44 34 7 66 30 46 91 29 1 71 18 53 21 4 28 45 14 22 35 68 25 93 84 51 43 32 89 78 48 15 67 54 81 88 59 0 79 70 75 12 11 77 55 87 8 33 80 6 56 9 42 64 57 27 58 90 95
33 58 77 80 65 64 2 52 11 88 78 79 30 48 92 71 90 37 15 20 74 76 26 40 54 23 82 91 29 16 75 28 7 49 50 85 41 25 44 22 24 45 59 35 60 55 70 57 14 53 10 39 68 61 36 67 81 83 93 89 19 3 6 94 42 66 87 18 9 8 86 43 5 63 34 0 31 56 72 17 32 27 47 38 46 1 95 13 73 4 21 51 12 84 62 69
54 33 37 24 17 25 3 88 40 83 89 67 10 59 38 35 7 44 53 12 39 2 1 74 95 75 18 91 51 19 69 92 11 72 16 29 86 49 71 94 76 84 32 57 45 73 8 28 41 48 21 93 68 55 87 20 47 82 66 36 65 26 62 0 81 80 4 77 43 27 60 22 15 78 50 79 70 63 34 14 58 13 30 61 52 5 42 56 31 46 85 23 90 6 64 9
43 24 38 94 0 6 80 84 57 95 31 4 49 11 87 54 73 70 66 27 78 45 79 7 44 29 64 15 60 52 65 30 10 47 46 37 9 92 55 13 85 88 2 21 74 33 61 58 63 75 62 3 40 68 53 39 56 19 28 50 1 41 48 8 36 82 20 67 91 81 14 77 26 34 25 86 76 35 90 18 42 89 22 72 71 83 5 93 17 23 51 59 32 12 69 16
3 20 65 46 77 1 63 51 66 42 92 32 39 6 15 28 49 74 71 21 82 17 4 47 43 89 69 88 14 50 8 26 33 44 56 2 62 57 41 7 52 64 22 55 86 73 40 70 10 59 79 78 25 9 81 72 54 91 61 37 36 12 19 67 93 13 84 68 18 27 95 75 53 60 85 38 16 5 30 31 24 83 90 58 87 23 94 29 45 80 11 34 48 0 35 76
60 27 19 31 68 76 87 16 47 89 18 33 61 44 11 57 78 83 85 80 32 23 93 71 3 72 64 6 43 30 20 84 55 53 77 13 86 1 59 2 49 38 15 36 5 22 73 0 63 42 50 46 48 69 41 54 10 88 28 9 34 37 29 95 66 21 82 91 7 24 8 26 25 35 12 17 75 90 81 52 62 51 45 92 70 67 74 94 40 65 56 58 4 39 79 14
67 76 26 45 18 6 5 2 87 64 78 93 27 72 69 80 43 92 94 24 79 89 59 61 83 30 17 15 34 52 22 63 88 38 54 66 62 50 86 95 77 44 11 32 57 9 68 49 31 39 19 14 58 29 0 33 47 48 74 71 75 51 16 20 40 91 60 90 41 12 28 35 25 8 81 73 1 4 10 82 7 23 21 37 53 84 56 85 36 46 42 70 3 65 55 13
95 67 15 81 56 69 21 63 44 16 93 70 51 38 33 26 48 65 46 30 0 37 78 94 54 14 61 40 29 6 68 5 1 80 3 41 71 88 32 87 19 57 4 28 12 75 64 9 49 84 36 85 76 23 17 91 42 53 25 43 34 92 11 72 35 20 18 10 60 8 22 24 90 89 27 59 13 2 39 83 79 7 31 77 62 47 86 45 66 82 55 58 73 74 52 50
70 12 44 80 23 14 86 39 27 45 26 6 49 50 54 40 85 4 37 17 13 15 91 35 62 69 29 90 94 22 2 73 66 92 78 41 9 74 20 58 25 82 32 81 76 83 75 18 77 36 87 16 11 89 56 46 47 79 0 65 34 72 21 51 24 59 33 71 57 61 52 8 93 67 28 63 7 5 88 48 84 68 38 1 30 42 43 64 55 53 3 10 60 95 19 31
46 93 30 22 90 53 71 10 28 2 39 72 34 63 86 40 87 78 24 54 65 85 19 23 13 49 11 16 70 5 4 8 64 33 45 26 43 73 1 80 76 88 47 32 3 56 12 79 29 15 42 51 57 89 9 92 60 37 95 55 62 41 75 7 20 25 44 0 94 52 18 77 48 36 14 58 61 17 21 67 27 35 69 81 83 91 59 66 50 68 82 38 31 74 84 6
2 92 86 33 91 95 35 71 80 16 9 82 67 57 49 23 94 1 51 29 30 3 21 93 11 77 78 83 8 12 39 85 47 63 19 36 10 34 32 60 58 64 89 79 84 54 69 45 46 52 37 61 74 72 5 28 81 31 17 41 50 59 75 4 88 48 62 38 68 18 65 7 44 87 42 26 24 6 25 15 22 66 13 70 76 14 56 55 20 27 40 73 0 53 43 90
2 85 62 68 74 28 5 10 18 40 15 90 91 80 48 13 64 25 46 39 72 11 53 70 75 58 20 16 22 27 86 31 50 17 4 59 65 82 43 52 83 32 95 14 38 60 73 56 3 92 26 12 6 69 87 67 1 30 49 88 8 21 89 42 47 19 84 0 78 63 93 57 24 71 37 35 41 79 77 7 94 33 29 44 23 9 36 51 66 54 76 55 34 61 45 81
27 14 81 4 64 63 70 2 58 32 41 5 1 48 13 36 78 85 95 16 42 20 66 3 87 79 84 30 7 46 62 37 88 76 89 94 39 10 92 47 26 28 29 57 75 6 82 33 60 73 9 54 90 40 45 17 44 11 72 35 22 8 51 65 55 52 93 67 38 31 15 21 61 23 74 56 69 77 24 19 12 91 68 25 71 80 0 50 18 43 86 53 49 34 59 83
61 39 79 47 54 74 46 77 4 27 13 6 94 3 70 0 62 55 49 2 71 25 23 69 10 43 86 35 72 28 53 85 78 84 22 68 50 9 32 19 12 82 76 30 73 51 95 89 56 64 40 48 66 26 80 37 20 91 63 33 81 21 60 65 83 15 8 75 41 36 29 87 93 1 17 7 57 58 92 44 31 38 59 16 34 14 88 5 52 11 42 18 24 67 45 90
22 79 18 68 54 4 73 10 77 85 44 38 45 2 3 57 58 41 49 40 83 50 95 15 74 12 34 72 69 82 0 67 16 94 71 62 70 20 23 61 29 24 81 65 55 5 43 52 86 7 47 46 51 92 64 14 25 75 89 30 84 32 59 36 39 19 35 91 63 88 9 8 13 87 37 93 21 48 26 60 80 76 1 6 31 33 42 11 78 28 17 53 66 56 90 27
7 5 93 28 91 55 24 77 69 67 94 52 51 46 62 88 75 14 37 92 63 87 68 80 90 6 89 48 64 12 1 0 27 35 83 42 59 38 58 8 81 82 16 95 85 10 53 60 13 40 49 23 17 45 3 57 50 65 56 54 61 29 78 79 26 19 9 32 31 39 86 15 4 21 34 20 2 76 11 33 47 41 73 25 84 30 22 66 36 44 43 72 18 74 70 71
86 75 88 37 78 57 0 87 4 58 32 26 81 71 90 77 83 45 54 24 2 69 13 22 63 68 31 72 19 59 16 92 76 7 6 20 46 30 55 10 25 34 35 14 65 64 73 93 8 12 18 91 27 61 47 11 70 44 36 50 60 40 51 80 49 85 95 53 21 48 33 67 1 41 79 66 52 5 42 62 17 94 82 89 23 29 15 3 84 39 9 74 43 28 56 38
16 89 46 87 62 61 3 66 38 50 78 8 45 80 11 51 91 27 21 43 18 2 14 32 36 63 83 72 47 94 31 39 7 10 26 5 64 42 77 35 22 15 95 76 60 30 75 9 12 23 90 81 65 0 54 68 67 57 55 74 53 25 48 69 56 73 20 17 44 33 88 28 6 59 29 92 70 24 19 37 85 84 1 49 86 34 52 82 79 4 13 40 93 41 58 71
76 33 82 51 30 78 15 90 83 66 65 16 32 7 81 43 71 12 44 36 49 67 46 14 17 22 92 23 62 26 37 95 6 19 64 3 77 39 8 54 34 58 57 20 73 5 91 72 24 86 85 40 63 35 10 87 2 38 52 61 79 47 28 29 70 27 21 48 59 56 45 42 74 53 9 41 69 84 80 13 75 4 25 18 60 93 68 55 50 0 88 31 94 89 11 1
67 48 49 24 82 13 56 81 10 77 51 62 5 32 58 57 47 31 95 19 15 28 43 78 50 42 73 12 93 8 83 9 66 36 20 26 18 25 0 65 91 72 74 2 17 4 76 89 11 27 79 38 53 63 33 87 3 60 29 69 52 90 30 75 41 70 85 46 92 7 1 68 21 22 86 45 44 16 34 61 55 88 64 35 94 71 80 40 14 39 6 59 84 23 54 37
83 59 90 17 10 30 82 31 6 11 9 19 35 33 27 88 76 73 47 23 24 52 58 3 78 38 44 25 7 63 26 70 4 79 1 54 13 67 94 74 8 45 51 0 37 89 36 69 87 62 55 42 18 84 85 41 43 2 60 95 66 92 28 56 39 48 22 64 34 65 40 80 75 91 14 57 5 50 93 77 49 72 71 12 20 46 68 16 15 81 21 86 53 29 61 32
86 60 32 18 53 75 66 74 51 84 29 21 49 40 90 89 82 54 36 0 24 78 85 26 37 61 94 12 16 5 76 47 59 62 45 64 69 35 92 39 3 38 20 9 91 48 19 50 30 80 46 67 65 17 14 2 13 31 1 44 95 73 42 58 52 41 56 77 23 34 57 93 88 81 27 55 28 43 10 8 25 79 7 70 6 15 33 22 68 83 11 4 71 63 87 72
14 8 50 80 51 91 61 89 93 87 16 5 15 11 19 57 27 10 67 72 31 6 23 34 52 36 26 63 41 62 24 59 48 70 25 42 83 76 49 77 45 86 47 65 88 68 69 37 17 29 75 44 22 78 55 53 28 66 46 73 95 0 84 4 58 81 33 74 21 40 13 38 1 35 92 54 94 71 9 85 82 39 60 7 64 32 3 79 90 30 18 2 12 20 56 43
91 29 7 40 86 63 73 39 25 65 8 51 28 81 35 88 59 4 83 68 19 53 48 87 45 2 47 36 26 69 67 60 90 11 70 74 89 14 23 34 10 62 42 82 3 5 85 30 54 50 43 58 95 33 77 12 84 37 64 41 21 32 66 76 61 79 18 46 94 38 20 6 71 31 1 72 92 22 75 52 24 56 78 16 57 13 9 44 55 93 80 49 17 0 15 27
39 72 91 43 14 63 79 61 4 60 44 87 53 47 8 85 12 18 57 26 69 88 78 82 51 34 70 92 52 37 29 89 64 9 3 58 36 1 65 35 33 16 59 46 21 2 68 49 5 25 67 94 38 32 83 74 23 86 0 56 81 42 19 13 66 80 77 55 48 84 27 24 41 20 45 76 6 22 93 30 17 62 90 7 11 54 28 15 10 75 73 95 31 50 40 71
78 41 8 86 37 42 62 30 81 71 76 33 50 82 49 48 24 10 38 60 16 58 75 63 31 40 83 20 36 79 74 12 89 92 69 66 26 53 67 2 7 56 54 90 4 70 15 88 80 19 44 35 11 59 84 0 91 55 28 43 68 27 72 34 22 39 6 61 64 14 13 18 52 17 1 32 47 21 29 94 46 57 87 25 3 95 23 5 9 85 45 73 65 77 51 93
57 17 58 0 40 48 13 84 3 80 72 78 29 91 20 69 25 19 31 77 88 65 94 50 70 51 87 62 5 55 27 42 60 63 22 68 64 1 21 83 26 59 92 74 73 67 93 38 54 86 43 47 44 90 10 34 18 45 76 12 23 15 75 11 89 16 71 7 85 39 33 37 46 56 66 28 82 8 53 30 61 81 2 24 52 9 32 95 6 14 35 4 36 49 79 41
3 94 49 88 10 44 7 72 48 22 90 34 76 24 73 25 57 69 87 51 47 74 13 37 52 2 63 6 32 23 9 65 67 45 40 59 75 38 5 82 91 8 28 61 92 14 1 56 83 39 80 78 42 46 15 68 4 26 33 11 54 29 31 53 18 43 77 62 89 81 19 84 17 70 35 55 16 95 93 85 21 86 27 20 79 64 30 50 60 12 36 0 58 66 41 71
73 83 4 62 33 35 94 75 17 24 44 56 12 64 49 23 20 25 15 18 71 46 16 53 87 1 42 45 5 51 92 89 77 27 54 41 78 81 80 91 48 2 10 65 90 52 7 67 43 32 58 66 72 28 22 39 3 9 34 95 69 36 37 86 59 13 61 14 0 38 30 93 6 8 76 11 57 70 47 88 60 79 55 29 68 31 63 21 40 26 82 85 74 50 84 19
9 62 95 51 69 57 41 11 30 40 68 59 63 33 26 18 54 44 71 4 47 53 91 38 22 83 45 27 28 46 75 49 64 7 52 13 15 17 39 32 67 58 72 73 19 1 50 66 60 65 6 70 86 81 42 35 8 36 0 14 56 87 80 23 74 25 92 55 34 43 84 93 82 88 90 12 79 76 2 29 37 85 10 21 3 89 20 16 24 31 77 5 94 78 61 48
80 6 38 89 49 52 5 23 78 24 56 51 75 43 13 90 36 46 21 7 70 86 94 71 47 39 25 20 85 11 64 95 58 76 0 87 68 12 4 65 74 27 41 1 67 77 72 28 30 66 88 33 34 45 14 10 2 8 62 83 37 54 16 48 32 55 61 9 44 81 15 42 84 22 82 91 17 92 73 63 53 19 35 69 93 79 59 57 31 3 50 29 40 60 26 18
47 14 82 50 35 6 18 66 34 7 12 23 31 22 8 9 38 76 49 63 27 72 92 57 44 75 70 16 55 19 89 54 60 77 65 83 37 2 81 3 95 28 78 94 69 88 80 25 41 59 51 79 53 4 85 29 42 20 64 52 62 17 13 90 71 91 30 36 21 43 1 48 67 32 56 40 84 73 74 39 86 0 87 68 33 24 11 93 26 15 45 5 46 10 61 58
30 84 5 15 87 90 11 79 27 23 19 7 22 34 33 67 39 0 17 74 26 75 35 80 43 46 93 36 53 21 78 88 56 81 1 70 83 89 25 59 61 50 57 76 63 24 40 82 69 62 94 60 54 37 51 13 55 48 72 68 45 49 85 71 41 6 31 38 47 52 58 3 9 91 18 64 12 44 29 10 65 32 95 2 28 77 73 4 8 86 16 14 42 20 66 92
35 56 18 3 25 59 64 45 88 49 92 63 28 70 5 4 62 67 72 1 39 8 47 42 33 60 50 74 19 77 46 94 75 31 10 26 86 41 89 11 90 71 37 44 22 57 32 21 2 30 84 9 43 6 85 78 58 76 95 65 7 48 80 17 40 13 91 54 66 53 23 61 51 69 81 68 73 0 14 16 15 36 52 83 79 29 24 82 12 27 20 93 87 55 34 38
29 53 73 54 77 57 3 70 92 42 36 67 75 88 1 11 27 4 65 14 7 47 23 51 87 86 30 58 82 62 25 16 21 76 61 49 22 89 15 64 38 85 6 41 46 72 83 37 13 39 19 9 59 33 32 31 0 26 50 45 74 18 10 5 44 81 35 63 95 55 91 17 43 56 48 28 90 52 69 24 79 68 84 66 2 20 40 80 34 93 94 78 8 60 12 71
79 89 28 44 45 40 23 12 31 39 57 52 92 69 77 84 68 61 46 62 35 22 11 91 80 19 15 24 54 76 14 2 87 94 10 29 30 25 81 41 72 58 13 75 63 85 32 34 7 8 47 67 74 53 56 42 4 90 16 36 71 6 55 66 65 88 21 1 82 70 27 60 50 83 49 33 18 86 3 0 78 38 17 59 20 5 93 95 26 37 9 48 43 64 73 51
46 83 70 72 65 92 1 80 24 79 56 71 31 39 40 32 58 87 91 25 7 29 85 67 62 41 95 53 69 49 17 57 43 27 93 34 9 30 50 94 4 14 3 45 28 20 22 88 15 37 44 33 12 6 11 81 10 63 26 75 2 8 59 64 51 90 52 16 48 35 77 5 66 19 21 61 73 60 38 78 36 89 47 74 55 68 0 23 18 86 76 84 82 13 54 42
85 91 1 78 86 60 48 36 65 50 2 90 95 43 82 68 41 93 42 51 9 83 3 28 19 92 81 64 33 57 77 10 6 80 12 47 25 58 34 63 22 52 21 49 26 66 59 55 39 79 0 11 37 45 38 53 24 74 72 18 23 70 27 14 56 76 8 44 54 31 69 35 15 46 75 71 89 94 5 30 32 67 7 13 87 29 84 16 61 20 40 17 4 62 88 73
29 14 50 23 81 47 83 77 54 51 40 52 60 48 62 24 84 22 26 85 38 2 33 82 95 92 75 58 79 61 90 36 49 53 91 78 71 64 93 88 74 44 55 13 27 76 15 42 65 41 7 57 68 31 35 3 59 20 69 80 8 56 73 11 45 70 18 66 72 28 39 94 37 67 5 0 30 6 43 34 16 10 87 17 4 89 1 63 19 86 32 25 12 21 46 9
55 71 69 59 56 87 13 29 61 68 16 80 84 15 40 30 81 4 37 88 60 73 25 22 19 70 33 6 32 39 24 2 95 67 21 43 12 7 42 34 83 36 35 20 86 89 41 94 49 93 45 38 9 54 18 5 91 44 62 11 48 76 58 51 50 53 77 57 1 90 82 28 79 65 92 27 0 74 31 72 75 63 52 23 10 17 14 85 8 66 64 47 46 78 3 26
15 38 2 30 28 58 86 70 61 90 42 66 34 23 13 35 9 1 26 65 5 60 82 95 37 33 11 3 22 54 4 10 83 62 32 78 36 45 84 63 47 53 77 43 79 12 74 50 7 52 39 88 17 25 8 67 93 85 59 27 46 24 81 6 68 87 51 92 14 16 44 55 75 18 48 64 40 20 57 69 80 56 73 91 19 0 41 72 71 89 76 29 21 49 94 31
85 23 44 94 39 93 18 95 69 61 87 21 77 74 6 5 51 37 83 45 72 12 73 71 81 67 49 30 0 1 29 19 22 91 7 10 32 64 4 62 92 8 76 47 79 82 78 55 11 57 54 17 41 66 28 89 38 33 46 13 15 43 9 52 65 70 90 35 56 36 16 27 26 58 88 48 86 20 40 2 75 84 50 63 31 3 60 42 24 14 53 68 80 25 59 34
19 38 85 81 70 21 69 16 29 20 80 14 92 66 51 52 82 54 40 67 0 31 79 75 28 77 76 73 88 15 22 95 45 64 78 36 35 37 50 86 7 17 23 83 49 53 12 4 65 93 71 10 42 24 61 55 41 13 27 11 57 1 68 62 94 9 74 6 46 63 44 60 72 90 87 34 59 2 33 32 30 48 25 56 5 91 89 58 18 8 43 3 39 26 47 84
67 93 27 55 15 73 31 92 81 12 52 19 18 91 49 6 37 48 69 75 79 80 7 65 76 57 88 45 70 1 3 63 95 30 34 46 82 38 14 84 78 85 25 47 90 83 61 54 89 35 72 11 9 62 43 41 56 20 40 36 24 32 53 23 22 26 94 44 68 13 64 71 5 86 21 28 2 66 77 4 17 42 51 29 8 16 59 39 50 74 10 60 33 0 87 58
14 50 71 63 34 46 18 75 26 38 77 28 47 2 11 4 61 21 22 83 67 80 16 54 85 70 23 64 6 79 51 72 73 13 43 53 88 66 52 59 84 17 92 69 58 90 37 10 76 0 41 95 74 93 40 7 12 44 36 82 42 25 78 49 33 56 45 5 89 24 31 57 60 8 9 68 65 81 3 86 20 55 30 27 91 48 1 87 32 35 39 15 94 62 29 19
55 16 70 43 85 5 95 81 71 67 38 60 0 22 64 15 65 9 59 68 84 34 58 24 82 87 33 47 42 28 76 18 2 52 51 77 39 10 35 88 92 14 37 74 61 73 75 44 48 54 20 23 19 78 63 50 32 90 56 4 1 40 94 3 45 80 41 30 25 8 83 46 49 12 26 11 29 62 72 53 27 89 86 6 66 7 57 31 36 17 69 13 21 79 91 93
80 88 19 94 87 14 51 68 11 91 48 72 82 69 53 45 34 39 38 30 1 64 63 17 47 85 78 79 46 67 40 90 93 74 60 6 20 92 35 12 9 42 27 54 37 36 66 55 52 3 86 32 5 2 81 50 0 21 16 57 18 13 33 10 4 24 95 73 49 77 61 59 58 23 29 31 26 41 75 76 62 89 8 84 7 28 15 56 25 43 70 83 44 65 71 22
57 63 75 27 37 52 86 94 70 53 62 41 74 42 6 29 69 21 40 66 58 49 3 34 89 28 39 50 79 80 36 68 5 10 65 33 82 76 59 25 87 15 9 30 45 19 46 18 61 81 24 67 12 11 32 1 60 48 38 54 85 92 91 77 43 8 83 13 7 0 23 17 71 35 56 4 26 55 14 44 72 16 47 2 88 90 93 20 22 31 84 73 64 95 78 51
22 94 39 61 71 24 89 46 88 56 18 40 62 54 17 19 35 4 91 15 37 13 36 55 57 47 23 2 28 8 82 84 33 49 58 93 63 86 1 83 72 45 53 75 21 5 16 59 79 27 43 51 32 10 44 29 12 52 42 64 67 34 14 60 65 6 66 30 31 7 80 25 20 87 68 3 73 90 77 85 81 69 95 26 38 9 11 0 76 78 48 50 41 74 70 92
25 28 76 57 24 21 89 1 30 64 83 5 2 0 69 68 32 10 3 48 44 16 42 92 33 86 84 11 7 78 87 39 88 75 22 67 94 58 19 66 45 93 8 20 79 54 65 14 81 80 17 95 36 53 71 77 23 41 49 90 34 46 82 29 60 91 9 26 59 51 6 4 70 55 61 63 47 15 74 62 13 18 27 37 31 43 56 72 85 12 38 52 50 73 40 35
61 66 77 79 44 42 57 85 60 68 0 24 78 22 82 91 88 7 45 80 43 63 53 23 2 13 84 71 51 38 29 26 90 4 18 28 19 94 41 73 21 50 9 55 46 32 93 12 64 49 27 11 74 15 36 40 31 34 67 70 83 72 52 59 10 33 48 89 16 81 62 92 37 76 58 30 25 17 5 35 65 3 8 54 95 14 47 87 6 69 1 20 39 86 75 56
86 88 84 3 14 89 80 55 29 38 63 70 53 61 21 26 41 10 56 92 58 49 90 32 46 71 5 85 77 83 62 47 30 44 18 73 93 2 23 65 95 1 36 39 35 9 75 22 76 43 59 82 12 74 45 13 52 94 69 67 16 0 51 37 87 33 48 42 72 34 68 7 11 27 54 40 64 4 50 81 91 28 20 66 78 19 25 15 6 31 57 8 17 24 79 60
34 18 47 13 55 10 66 28 33 53 26 7 24 48 8 23 57 95 61 58 15 44 31 29 63 51 62 21 77 72 50 0 17 87 52 81 12 45 92 16 27 2 43 35 94 74 20 78 75 88 4 36 30 71 60 73 83 14 80 6 93 11 42 84 69 39 37 90 5 86 79 1 76 68 67 38 41 32 46 3 70 49 59 85 65 56 91 64 89 19 25 22 54 9 40 82
64 84 44 1 16 34 47 60 50 70 79 2 94 6 31 10 5 14 51 22 24 17 43 8 65 40 91 28 41 19 35 33 53 81 39 78 93 12 37 87 92 20 45 23 21 3 25 30 18 55 83 7 76 85 66 80 36 67 48 13 59 72 11 61 4 77 58 88 73 74 89 52 56 82 63 9 49 15 46 90 0 75 32 86 71 68 29 62 95 69 38 42 54 26 57 27
14 27 52 11 4 36 48 20 89 93 77 41 26 2 68 5 56 45 80 79 42 22 23 6 91 43 70 51 67 34 90 31 50 3 62 53 9 33 37 7 39 19 21 40 1 58 0 49 92 88 46 10 29 63 12 81 65 30 69 78 59 15 75 17 60 64 38 95 94 55 47 86 25 44 72 24 16 84 28 66 18 54 83 32 8 76 73 82 74 85 71 13 57 35 61 87
58 68 60 31 72 24 49 83 0 37 7 2 71 19 14 88 82 77 47 74 43 91 64 30 76 1 32 62 38 21 8 41 52 11 84 36 93 86 4 39 40 79 18 67 13 94 20 73 95 89 29 28 75 25 55 50 63 34 51 92 46 78 48 12 6 10 81 45 9 27 44 65 80 33 57 3 16 26 85 87 42 90 17 53 70 35 61 59 15 22 54 23 69 56 5 66
54 13 41 73 85 39 52 66 19 48 91 61 90 74 38 18 30 63 5 75 84 3 55 32 62 50 68 46 36 22 60 59 21 37 33 83 28 94 65 43 6 14 82 87 35 95 86 88 79 24 17 7 69 31 51 45 34 9 11 15 29 53 76 56 44 78 0 8 72 71 67 12 1 70 49 77 20 57 42 92 93 64 58 16 10 23 89 40 2 4 25 26 81 47 80 27
1 30 12 86 6 94 2 58 40 83 89 56 78 33 84 46 81 10 25 17 79 95 42 13 57 75 23 16 24 74 88 65 52 19 85 61 68 91 87 76 43 28 77 53 4 3 55 18 50 92 73 93 26 14 7 34 32 39 62 70 47 36 69 49 90 27 72 54 35 82 29 80 60 48 63 59 31 21 5 37 64 71 22 66 0 20 45 8 15 11 41 38 44 9 67 51
26 10 67 70 71 25 36 56 88 38 12 33 32 20 72 68 66 7 69 85 61 77 73 63 22 84 64 62 57 43 87 82 78 2 92 41 94 58 45 95 8 28 74 14 35 34 52 60 0 50 55 40 17 39 93 16 75 80 81 83 91 42 79 4 15 76 5 18 31 21 65 48 37 59 86 3 9 53 30 19 49 89 46 13 27 44 54 6 90 1 47 11 23 29 24 51
18 43 34 92 23 27 12 69 49 61 19 90 25 86 80 4 26 42 13 41 36 70 29 73 32 63 76 16 3 35 1 21 74 71 31 17 48 62 59 7 46 39 40 66 64 44 79 52 54 94 85 89 84 58 67 37 8 2 55 30 91 65 56 78 93 47 77 68 10 33 88 24 5 83 20 60 82 11 57 28 15 51 22 9 95 38 6 75 0 45 14 87 81 50 53 72
12 35 25 55 20 50 81 36 82 61 51 64 54 37 86 52 91 78 68 22 90 41 29 88 79 83 46 58 15 4 2 30 80 66 3 27 59 74 48 89 92 85 77 71 14 26 23 47 93 32 11 43 70 5 7 17 84 69 38 0 39 53 16 42 45 31 72 28 6 8 57 94 24 13 56 9 1 60 67 21 49 18 76 75 33 62 65 95 87 10 44 34 63 73 40 19
53 61 41 65 44 5 7 17 33 1 30 66 40 22 68 62 2 12 76 69 47 20 75 21 45 73 13 26 15 49 59 72 46 94 87 91 24 3 10 95 93 78 64 92 57 35 60 38 84 16 63 54 88 4 43 81 55 50 11 23 29 8 0 52 80 77 48 34 51 70 42 39 31 28 89 36 58 67 71 79 14 27 86 83 56 82 25 90 19 32 37 6 74 18 9 85
18 25 17 40 82 81 16 93 14 12 31 3 76 90 62 65 24 53 60 45 95 37 30 28 11 66 22 73 89 71 36 32 42 56 44 7 50 80 21 48 8 46 91 49 34 63 59 75 92 86 58 94 27 77 33 20 51 69 15 61 1 2 84 57 4 41 78 6 64 19 74 72 47 87 23 35 88 5 55 52 39 83 0 10 9 70 38 54 26 85 43 29 68 67 79 13
0 34 66 50 58 24 80 14 93 5 10 63 41 35 62 26 40 48 22 72 79 81 17 61 65 78 77 7 83 75 11 69 94 15 44 38 21 91 74 87 70 71 20 51 47 19 86 54 39 92 33 45 13 57 89 12 27 49 18 67 53 68 1 95 25 85 30 59 2 84 82 4 32 52 73 6 36 60 64 46 8 88 29 9 43 55 56 31 37 28 90 76 42 16 23 3
73 83 82 16 38 37 76 41 40 80 91 74 87 33 20 44 89 0 24 9 23 49 90 93 66 22 94 14 63 21 58 10 53 13 7 34 50 1 26 69 36 71 62 72 60 70 8 28 85 15 30 2 27 59 35 32 56 55 84 3 95 78 51 64 6 12 39 18 45 65 52 61 43 25 67 19 77 5 31 79 54 29 92 68 47 75 17 11 86 4 46 81 48 88 42 57
0 69 41 45 67 53 14 56 65 57 28 79 25 4 85 5 24 20 9 64 35 66 12 32 1 43 93 7 74 78 26 91 83 89 63 48 23 42 49 3 77 38 36 73 30 52 71 33 75 13 40 61 87 44 62 51 92 60 82 72 88 68 11 70 2 39 34 8 22 27 84 46 50 31 29 54 16 18 81 17 58 86 19 76 37 21 15 80 10 90 47 55 95 59 94 6
24 11 32 73 66 49 68 79 56 87 47 16 44 43 50 62 25 60 85 54 4 65 93 78 34 38 63 1 27 72 2 64 9 40 77 26 46 10 80 29 30 18 41 36 69 51 94 55 88 8 70 31 15 13 83 48 74 6 53 71 19 86 28 59 37 35 67 39 5 17 7 58 3 61 22 12 23 21 57 20 0 75 76 45 52 89 14 95 91 42 81 82 92 90 84 33
21 40 12 75 19 74 68 50 16 69 57 3 95 4 13 47 94 46 82 66 37 17 62 35 59 11 89 5 60 28 2 80 42 30 78 92 25 33 48 63 1 56 79 93 73 88 54 36 26 9 84 23 0 22 31 39 7 76 86 70 72 38 87 83 14 44 61 81 67 65 52 43 20 34 90 49 24 55 58 18 10 64 51 71 32 41 29 8 6 45 77 85 27 15 91 53
62 46 22 7 42 76 82 63 43 70 39 35 1 54 84 56 14 44 92 77 68 32 33 10 15 89 73 72 25 17 30 28 4 26 9 48 57 80 2 12 55 20 69 27 90 41 64 59 13 65 11 71 94 51 74 40 38 6 91 95 52 21 16 78 88 79 83 67 50 93 37 3 60 31 5 8 86 36 34 19 81 85 47 53 29 49 18 66 24 0 61 58 87 45 23 75
78 34 41 24 74 26 3 86 28 23 93 88 10 25 90 38 71 17 43 55 65 37 29 75 89 77 50 64 66 82 44 51 84 6 59 0 11 73 8 69 21 63 33 19 81 13 15 85 70 4 16 49 54 30 18 42 32 31 12 61 91 27 9 67 52 48 57 7 53 60 14 56 2 92 46 79 40 39 68 76 62 83 35 47 1 5 95 22 20 94 45 58 36 72 87 80
43 74 49 88 18 78 69 84 71 2 47 63 0 70 91 32 66 68 58 13 19 7 3 22 77 50 41 72 30 64 14 29 87 37 59 44 25 73 5 12 8 94 86 95 42 15 6 33 81 16 65 48 24 35 20 85 92 83 55 45 52 62 39 46 36 76 38 31 27 4 90 1 26 60 21 11 34 93 28 89 67 61 79 80 56 17 82 75 23 9 51 40 54 10 53 57
78 76 47 50 71 35 42 93 8 63 12 87 94 62 51 49 24 82 3 2 11 37 53 40 73 68 80 6 44 22 74 57 61 83 21 36 17 28 88 9 59 26 60 86 32 7 70 52 10 4 56 91 58 85 48 29 43 89 33 23 77 75 92 20 69 55 65 25 38 45 90 1 31 46 27 18 54 79 84 34 5 41 67 14 72 16 95 0 15 64 13 66 19 81 39 30
6 7 20 5 39 3 81 56 85 19 28 31 79 76 95 72 29 0 33 52 75 24 67 54 47 53 55 65 48 88 94 35 63 13 36 14 44 46 17 58 51 50 82 59 27 78 16 32 90 74 41 25 64 12 80 70 69 49 22 26 66 9 45 42 77 60 71 4 1 38 34 62 8 61 37 86 2 18 21 89 57 84 73 83 23 43 15 68 92 11 91 93 30 40 10 87
3 4 40 50 44 7 18 19 37 54 14 62 11 28 30 16 53 95 42 32 52 47 90 20 69 89 77 43 67 6 2 93 87 1 59 41 15 27 75 64 86 83 91 12 34 24 49 92 94 0 63 79 31 17 46 81 80 58 60 76 33 22 57 82 48 74 56 51 84 36 65 5 85 21 35 38 45 29 73 88 39 70 10 72 23 61 78 71 25 68 9 13 8 55 26 66
80 12 63 71 4 70 28 24 18 65 53 83 27 21 39 81 22 82 49 87 26 54 79 50 47 41 32 92 74 62 8 46 44 52 9 10 38 84 85 0 1 77 57 86 66 16 42 58 31 14 75 25 89 33 13 36 90 78 72 95 51 11 61 88 30 64 55 15 48 35 23 7 76 91 69 34 2 56 67 6 93 94 68 29 73 45 19 3 37 40 20 59 60 43 17 5
0 52 84 77 41 46 65 25 51 33 38 34 44 74 67 53 26 62 58 59 31 82 54 8 63 18 29 95 39 64 89 57 70 43 32 10 60 17 21 37 75 86 50 81 19 88 91 73 92 72 71 68 49 85 78 28 6 1 13 22 16 7 69 56 79 23 42 2 55 94 87 24 27 80 90 14 3 12 40 45 61 35 66 93 9 20 5 48 47 30 11 4 83 15 76 36
36 47 9 7 5 87 62 38 4 82 65 68 3 76 60 59 74 18 94 42 86 32 22 2 77 84 37 57 64 30 14 73 71 80 16 43 39 54 50 63 67 8 21 95 81 25 45 88 51 72 40 48 1 69 15 70 46 23 24 53 29 12 34 58 0 75 35 56 10 55 83 93 28 33 17 11 52 26 66 90 92 44 41 61 20 6 49 19 85 78 13 91 79 89 31 27
85 86 1 38 36 44 65 64 62 91 88 66 15 94 93 5 78 43 83 6 8 16 41 19 47 84 87 59 28 69 51 81 20 67 4 57 26 70 79 75 17 72 14 34 73 74 35 76 12 21 22 61 13 10 92 0 27 11 18 77 49 42 40 3 24 80 30 55 82 54 46 25 33 68 95 63 37 2 90 39 89 56 58 23 60 71 29 32 53 31 50 45 9 7 48 52
2 57 89 69 21 16 68 83 50 13 39 52 51 55 80 25 3 1 84 36 12 67 81 90 38 56 73 61 59 49 17 93 4 66 15 53 46 30 6 9 47 62 63 33 70 91 40 7 54 20 0 60 48 74 14 22 94 44 95 75 5 19 76 79 45 92 71 82 65 87 42 34 8 85 88 10 58 11 41 32 72 37 86 43 64 18 35 28 29 31 26 77 23 78 27 24
44 64 24 43 16 51 6 18 1 81 88 94 42 53 36 77 41 89 30 35 71 26 39 20 82 54 65 83 0 5 78 93 23 21 60 8 7 48 19 4 68 66 45 70 46 92 33 27 75 73 95 32 38 55 13 74 37 15 17 76 84 59 63 86 31 10 50 57 12 9 90 69 85 34 2 49 14 11 40 87 56 25 28 80 47 3 29 91 61 67 22 52 58 62 79 72
64 78 30 12 24 20 6 83 16 1 34 59 5 17 95 60 18 44 21 81 79 11 92 86 28 51 31 9 40 72 46 66 71 38 57 93 80 74 37 55 4 26 67 2 48 50 52 7 70 41 43 49 58 0 33 90 22 75 53 15 39 61 62 69 3 88 73 87 32 8 65 19 89 54 76 35 27 77 94 23 82 45 56 14 25 42 47 36 84 85 63 91 13 29 68 10
18 7 80 43 8 32 38 58 44 67 52 86 34 24 41 90 9 29 78 10 91 72 62 39 76 66 45 55 40 2 37 50 77 57 46 13 33 42 61 12 63 0 93 19 15 69 85 48 82 83 53 4 31 59 65 26 47 6 20 28 1 21 71 94 22 84 23 27 17 68 87 56 75 51 5 36 73 35 88 89 74 30 11 79 54 25 70 3 64 49 14 92 60 16 81 95
67 45 84 24 14 89 28 9 3 85 44 38 27 21 58 73 34 43 20 68 54 5 86 15 93 61 82 75 25 92 18 22 41 81 7 65 64 0 59 80 78 4 46 52 69 50 47 55 39 12 36 60 6 66 62 88 42 10 70 29 1 16 56 30 71 90 49 8 13 23 33 32 63 35 40 37 53 31 74 94 72 11 87 95 2 26 83 76 19 57 48 79 51 91 17 77
12 21 41 48 55 66 68 58 61 88 50 94 89 54 36 33 32 2 77 15 44 18 3 67 30 91 70 52 93 64 59 19 6 80 34 0 92 1 20 16 85 78 90 8 11 22 87 46 74 57 27 72 79 42 73 4 45 7 23 51 43 17 14 95 56 13 62 5 84 65 28 53 29 71 25 10 82 26 40 38 39 24 86 81 63 47 76 69 37 49 60 35 75 83 9 31
25 94 5 74 43 89 50 26 87 17 71 30 47 34 65 3 20 0 88 79 69 67 95 78 38 14 49 61 75 44 57 31 13 90 93 64 83 59 91 16 72 60 29 56 46 66 62 42 86 84 21 37 52 40 15 82 85 48 7 4 63 1 54 51 80 58 45 70 8 18 81 28 41 68 12 39 76 36 27 32 2 11 73 6 9 19 10 23 55 35 92 22 77 24 33 53
77 51 40 67 80 92 95 18 82 75 7 41 32 22 84 81 73 28 9 37 89 54 43 78 94 86 50 63 90 60 35 70 36 57 53 85 34 47 64 72 87 16 48 19 62 93 25 6 66 44 1 10 13 31 65 88 33 11 15 39 8 21 83 42 23 12 4 61 29 26 52 58 45 91 38 74 56 59 5 76 69 79 46 68 55 3 27 0 49 2 30 24 17 71 20 14
76 70 94 25 84 31 59 16 1 51 60 67 4 17 63 50 89 42 77 74 86 33 49 41 81 43 10 15 57 79 87 20 12 47 62 7 38 64 18 48 85 34 46 80 2 11 44 35 40 19 22 58 82 65 28 13 78 72 68 24 9 55 92 75 93 29 69 3 53 39 61 54 66 71 88 30 0 45 73 6 37 21 14 5 95 83 56 91 23 26 36 90 32 52 8 27
58 79 27 16 48 67 74 71 33 45 63 9 19 11 3 69 60 52 88 91 18 29 36 50 72 56 37 42 47 23 34 86 81 43 84 94 64 51 24 89 54 28 49 7 85 73 44 22 20 38 4 41 68 40 95 53 1 39 93 0 32 66 25 2 26 35 15 61 75 82 8 70 5 30 77 12 10 31 59 80 65 76 78 14 87 62 92 83 6 46 55 90 13 57 17 21
92 66 48 24 25 68 44 52 81 8 17 79 3 77 43 10 2 36 5 20 56 94 87 19 29 15 26 72 74 57 83 7 75 46 64 37 4 13 50 61 11 1 90 53 63 0 12 49 34 70 85 59 65 40 58 67 82 21 42 18 33 30 47 14 93 60 80 78 88 41 51 32 84 89 27 35 9 16 54 71 73 23 55 39 38 95 69 62 45 22 31 86 91 6 76 28
75 49 79 42 2 72 88 24 3 86 51 60 39 11 35 32 17 95 6 78 43 71 59 26 14 18 77 73 85 28 40 13 19 64 74 94 33 5 90 31 8 29 9 54 20 34 65 62 58 63 83 61 53 16 46 93 55 12 41 30 10 69 76 44 1 22 25 67 27 57 45 48 38 80 87 81 15 21 7 92 23 66 56 84 47 36 89 0 37 82 70 4 68 50 52 91
40 51 60 94 82 86 93 36 20 23 68 14 43 49 22 77 95 12 92 38 3 19 83 56 5 87 71 7 88 54 41 32 26 59 85 35 53 79 61 66 18 58 81 46 29 37 70 84 10 57 75 78 45 52 63 76 69 47 8 73 28 11 4 21 44 74 50 33 64 9 65 15 27 89 34 42 25 91 6 67 1 16 30 72 39 17 13 80 48 55 2 90 0 62 24 31
68 78 38 64 82 84 14 8 91 66 6 4 41 37 42 29 90 52 47 54 77 21 86 45 40 7 59 50 31 17 15 36 67 33 48 25 80 56 70 63 75 93 22 74 24 20 51 1 11 83 18 57 92 55 49 79 27 26 85 60 53 2 12 44 81 9 89 28 35 87 94 32 58 62 72 65 34 69 61 5 88 30 39 19 13 23 3 0 46 73 71 43 10 95 76 16
54 73 8 69 23 78 34 88 89 70 31 91 46 19 62 79 37 38 28 3 26 16 60 32 49 95 55 58 14 57 29 87 17 5 30 51 48 1 83 44 15 2 27 81 82 20 50 65 7 41 77 9 4 56 47 90 74 92 42 39 67 86 24 52 22 12 53 75 72 36 35 63 68 43 21 40 94 76 18 64 25 0 59 11 6 71 66 85 45 33 84 10 61 80 93 13
17 68 93 83 14 19 61 43 4 51 73 35 5 53 10 66 6 58 63 31 62 36 94 75 85 92 1 45 64 69 90 56 39 80 16 77 52 81 57 72 11 67 86 23 87 13 46 30 70 54 49 7 29 0 26 37 22 59 32 20 91 28 89 71 82 60 8 15 79 21 44 2 25 42 24 41 3 33 65 74 88 34 40 9 38 55 50 12 84 95 47 76 78 27 48 18
1 73 4 34 88 23 2 26 93 9 74 50 71 86 55 79 81 83 12 85 25 48 56 95 35 63 53 37 68 30 16 42 13 20 76 10 78 19 54 36 66 62 14 69 18 41 75 24 29 6 84 61 32 39 65 11 33 59 17 5 45 58 77 47 0 44 31 46 21 57 38 27 94 80 22 70 15 51 67 82 40 72 7 43 90 64 91 28 3 49 92 60 8 89 52 87
88 49 25 0 45 86 36 53 23 16 62 2 78 28 66 15 30 20 24 72 68 19 64 44 7 82 40 56 46 59 80 60 87 54 57 92 34 55 38 33 76 67 83 10 79 58 95 5 70 11 22 18 4 31 26 32 91 84 74 43 50 52 48 42 41 77 12 37 6 39 69 65 1 13 47 17 90 63 29 27 71 75 94 51 89 35 14 85 61 21 73 3 8 9 93 81
4 36 12 15 68 10 82 78 41 71 20 2 29 7 39 88 28 45 52 11 57 23 83 62 14 40 85 54 93 87 1 44 38 19 56 89 66 32 37 65 51 60 18 73 42 31 22 16 79 59 70 30 24 92 35 5 27 94 25 9 13 86 17 76 72 84 8 34 50 43 77 49 6 0 69 47 75 61 3 46 74 80 21 90 53 91 33 63 55 58 48 81 26 95 64 67
46 74 25 47 21 23 85 24 42 66 59 9 69 11 54 32 28 92 19 89 88 35 93 48 37 33 94 72 20 84 3 77 51 43 26 22 31 7 44 49 4 90 57 30 65 87 29 91 50 68 52 67 16 36 15 95 73 79 71 5 83 53 76 86 17 39 1 78 80 60 0 63 2 13 81 6 41 18 34 61 45 56 38 64 10 27 70 58 62 75 82 55 14 8 40 12
72 20 84 29 31 86 37 49 27 39 75 48 43 36 38 88 23 7 13 8 10 68 28 67 63 82 50 21 32 52 6 95 16 94 71 33 56 51 40 5 73 54 25 24 69 65 70 57 45 79 55 66 90 78 85 80 30 44 81 62 12 41 74 19 46 0 4 18 53 64 77 15 91 1 22 26 47 11 87 76 9 89 61 83 17 60 2 92 93 42 58 14 35 34 3 59
84 25 34 68 40 67 29 17 66 37 50 65 2 31 45 77 62 91 11 72 88 94 51 10 36 90 19 79 3 82 35 4 13 26 53 74 75 12 30 81 85 42 93 92 83 54 38 14 8 27 32 64 49 48 60 69 1 52 56 78 73 47 59 23 80 63 16 28 6 33 7 15 55 57 43 39 46 41 70 71 0 18 44 9 89 58 21 22 76 24 5 61 87 20 86 95
41 10 6 78 1 39 86 85 47 55 2 95 61 5 3 13 87 81 35 94 75 69 71 90 30 14 82 51 7 84 53 8 83 34 52 59 11 72 56 19 31 73 40 33 15 50 18 26 88 70 76 46 25 22 24 32 60 12 36 21 9 29 37 48 43 66 54 20 92 45 42 57 23 64 65 62 44 27 16 0 63 17 58 67 91 38 93 68 89 74 49 4 28 77 79 80
73 78 70 75 81 59 67 79 31 56 6 66 8 34 65 58 3 64 28 53 41 85 1 55 74 94 32 33 72 43 68 36 47 17 50 2 63 60 76 71 46 86 18 95 13 23 0 80 52 84 45 42 9 51 39 35 7 19 89 49 77 37 90 91 15 16 22 61 5 14 26 30 57 38 82 62 87 11 48 92 44 4 83 25 54 29 27 93 10 21 40 12 24 88 20 69
49 13 83 55 47 46 59 94 56 23 45 19 21 63 0 28 77 44 91 68 20 57 79 24 95 65 32 78 88 69 76 52 4 18 64 26 38 6 87 62 9 60 42 14 15 70 85 10 34 5 35 53 1 12 22 71 89 33 29 43 31 82 80 2 7 72 25 73 93 54 39 8 67 58 27 84 51 81 16 37 17 30 40 66 3 11 61 50 86 41 36 48 90 92 75 74
35 53 6 57 72 62 33 55 66 22 7 81 25 29 45 16 70 5 76 92 83 19 56 95 77 2 61 87 43 27 44 85 9 39 17 12 69 31 68 54 60 52 79 84 24 42 10 48 34 74 71 30 14 50 28 11 37 46 21 65 26 75 15 18 47 58 8 78 90 86 13 38 63 82 67 3 4 89 91 32 93 51 80 73 64 0 94 41 20 88 40 36 59 1 23 49
16 5 14 95 26 57 44 29 72 9 8 75 76 56 86 92 61 1 28 93 4 43 42 55 70 80 84 62 53 46 34 39 31 47 81 3 74 17 40 23 66 35 73 38 21 18 82 87 67 94 49 36 41 0 27 24 33 89 32 88 19 6 83 52 79 60 11 78 65 69 10 91 15 50 64 30 85 77 7 37 22 63 71 59 58 48 51 13 12 25 20 2 68 45 54 90
83 63 51 45 70 1 49 8 87 17 67 82 86 61 35 85 11 2 40 74 29 19 73 79 53 75 77 91 80 48 13 44 95 21 30 59 81 84 52 22 71 39 69 46 72 78 31 18 65 36 26 5 28 68 25 15 76 7 42 6 66 47 9 88 10 58 92 43 0 32 16 50 34 57 89 55 12 64 93 41 33 24 60 38 62 90 56 14 54 27 23 20 3 4 94 37
79 62 92 39 0 15 29 4 37 25 52 30 22 90 48 60 43 75 70 35 67 38 36 12 28 83 5 93 87 19 26 9 1 59 54 56 85 44 74 76 7 3 77 58 10 40 82 80 6 50 68 47 33 20 21 55 61 23 16 2 91 46 65 32 81 51 78 49 13 41 17 18 63 72 42 89 66 71 34 53 95 86 8 57 84 14 31 11 45 27 24 88 69 73 94 64
94 79 59 93 53 37 30 92 27 73 49 41 75 89 4 32 50 16 95 6 71 7 40 64 26 45 76 21 58 13 1 74 39 0 85 43 82 88 5 38 10 46 87 44 3 51 25 28 56 62 68 15 12 22 24 54 61 47 48 33 78 19 23 20 80 70 29 35 72 83 67 18 57 31 91 84 2 66 52 90 69 8 42 65 55 86 11 34 36 14 9 60 63 17 81 77
38 4 40 34 11 7 41 86 21 71 22 56 24 9 68 46 61 83 80 59 88 10 39 5 33 1 65 81 32 51 44 67 77 85 48 54 36 78 62 31 93 23 3 17 52 37 64 8 92 84 6 74 89 0 63 87 30 49 79 57 70 53 14 16 76 58 13 45 95 75 91 28 50 69 73 66 18 72 94 55 82 20 35 15 26 43 29 60 12 27 90 19 2 25 47 42
84 26 9 77 7 14 1 45 89 12 43 32 42 79 51 35 56 88 57 48 83 67 46 53 49 50 5 10 68 80 55 54 90 34 60 20 71 22 28 36 78 58 92 0 6 31 91 13 85 75 2 23 37 38 41 24 74 76 29 64 21 65 52 19 69 18 30 73 27 33 11 25 15 87 95 40 86 62 82 44 4 17 39 94 63 61 8 81 47 66 93 16 3 72 59 70
7 9 73 54 76 85 55 34 21 81 91 13 93 45 41 14 88 10 32 15 60 75 26 80 17 86 59 16 43 2 87 37 3 28 31 6 24 77 79 30 46 39 19 8 67 29 40 64 35 58 95 20 38 84 44 63 48 0 12 27 47 36 61 57 82 94 18 52 65 23 22 74 51 72 1 56 66 4 49 53 70 5 11 25 69 83 89 78 33 42 50 62 92 68 90 71
95 2 53 81 14 40 19 55 70 42 88 47 32 65 29 86 34 51 74 5 38 43 94 4 87 77 89 46 62 56 20 24 37 72 48 90 85 80 41 3 1 78 54 60 50 26 16 49 18 63 84 64 69 36 92 79 57 23 7 31 28 45 76 91 44 82 8 58 13 73 6 75 30 66 35 15 12 68 61 25 27 10 93 22 9 11 71 67 39 59 17 33 83 52 0 21
89 27 17 91 68 45 15 58 11 9 31 30 71 37 94 80 85 40 69 21 84 61 3 70 44 43 36 57 63 66 25 49 76 28 7 73 59 88 90 26 56 12 95 19 75 86 77 35 5 48 93 33 16 92 23 62 46 55 78 53 82 72 74 1 4 0 64 32 47 18 52 81 8 60 13 38 14 29 22 10 51 39 50 79 20 83 65 24 87 42 67 54 6 2 34 41
37 19 57 16 42 56 58 88 48 29 18 38 87 50 59 36 95 74 93 40 54 73 14 8 64 53 12 94 67 43 84 44 80 65 13 55 2 34 15 70 62 91 11 46 75 0 23 72 85 86 60 22 83 26 47 92 41 27 76 6 39 21 45 1 68 17 66 77 33 90 32 89 71 10 51 30 7 79 35 4 20 81 24 63 61 69 9 25 3 5 78 31 28 52 82 49
20 22 31 37 12 64 28 69 7 94 76 24 79 66 3 90 23 10 61 91 84 54 80 17 95 82 38 11 52 89 67 41 43 60 8 68 65 0 2 25 63 19 14 51 1 78 44 35 55 57 62 29 13 86 77 18 48 70 5 53 88 56 21 6 75 36 85 34 15 45 87 26 58 81 47 72 27 39 16 40 42 83 93 73 4 49 71 59 92 33 9 46 30 50 74 32
30 33 45 75 0 82 79 77 91 21 15 28 26 73 5 93 70 4 29 65 83 47 2 56 90 19 42 76 74 22 92 81 66 24 13 31 78 34 37 39 69 11 64 85 58 54 67 89 94 44 38 50 59 53 6 7 55 60 23 95 49 25 46 63 8 68 62 17 27 35 86 10 80 61 18 72 40 3 16 32 52 43 1 12 20 84 87 41 9 71 36 14 48 51 88 57
78 73 51 13 52 54 67 77 59 21 83 60 26 18 16 79 56 91 41 37 0 61 17 71 6 35 19 34 7 33 38 45 11 42 10 44 5 24 3 8 88 1 76 69 28 29 74 90 81 58 47 25 85 75 23 39 65 15 32 86 62 9 53 95 2 36 80 20 92 68 64 14 93 57 48 87 49 31 72 22 84 50 70 43 12 82 66 94 55 40 46 30 63 89 27 4
6 36 95 17 84 86 10 48 87 82 58 57 9 51 77 27 1 15 42 18 64 83 43 22 66 19 75 89 12 81 72 16 7 46 68 94 29 56 30 90 60 14 26 76 53 2 79 39 80 45 54 88 13 47 55 21 91 41 37 31 33 52 49 25 34 40 70 44 59 92 23 78 0 67 28 85 3 73 61 50 11 32 8 65 4 71 24 74 35 5 38 63 93 20 62 69
17 7 33 1 22 18 48 38 12 87 60 49 92 26 10 64 37 16 25 53 8 24 51 28 74 77 20 57 85 83 56 54 44 52 94 31 55 11 70 72 59 41 36 67 88 3 45 6 2 14 73 29 79 13 30 43 69 4 75 61 9 40 62 19 90 86 81 80 50 34 46 82 27 42 63 5 15 39 95 0 35 47 32 71 76 91 21 93 89 68 65 66 84 23 58 78
41 33 11 92 17 12 71 54 31 67 70 14 26 18 69 79 37 19 42 64 39 89 30 20 50 93 53 34 87 24 59 38 29 15 32 8 78 58 27 5 60 68 61 44 48 90 63 56 21 10 55 81 16 0 84 46 28 22 36 75 6 3 52 65 45 2 88 47 74 35 4 51 40 9 77 23 86 94 1 62 25 66 43 49 80 7 13 91 85 95 57 83 72 73 82 76
38 49 26 39 41 6 45 3 24 50 23 91 75 22 25 86 64 63 57 61 9 78 52 48 35 65 82 36 87 62 19 90 33 43 53 46 67 88 16 17 30 84 83 40 13 1 4 18 29 74 66 2 94 8 77 37 71 32 12 14 31 58 11 5 76 51 73 80 54 34 20 93 72 70 15 21 56 85 60 42 95 47 79 69 0 59 68 27 55 81 10 28 44 7 92 89
32 44 75 93 0 42 28 60 62 34 35 78 19 82 26 57 37 77 7 51 50 11 88 36 70 18 48 46 79 20 85 24 13 95 15 94 29 69 27 66 68 38 92 47 65 21 58 4 89 76 3 49 87 55 90 73 39 23 8 63 56 54 30 31 6 86 84 10 25 52 80 43 91 14 53 12 2 40 22 71 81 17 64 72 41 5 83 61 9 16 33 74 45 1 67 59
62 9 50 64 38 33 86 48 5 82 87 80 32 28 13 93 37 78 85 8 75 77 95 12 27 40 0 53 1 10 88 66 45 31 49 30 63 57 26 25 59 60 7 90 70 84 89 17 3 52 34 44 24 35 54 74 83 23 19 51 91 11 36 76 21 41 73 68 58 69 20 46 72 16 81 18 4 92 79 6 2 71 29 47 42 15 22 55 43 67 39 56 61 94 65 14
74 54 34 73 84 68 19 80 5 56 61 64 27 42 44 32 87 9 48 28 38 92 55 36 8 2 77 78 62 13 31 12 90 81 30 22 45 18 47 33 71 11 83 14 49 1 25 29 4 59 3 57 67 76 23 10 17 20 37 89 94 52 60 41 95 85 15 86 16 46 91 88 0 93 75 79 66 40 35 21 53 43 69 24 58 6 63 50 82 26 39 72 70 65 51 7
92 86 18 29 30 33 0 80 76 82 48 46 64 60 12 81 43 62 66 41 53 37 75 58 40 27 45 16 22 10 21 57 59 49 91 68 88 28 4 95 8 55 34 77 79 73 78 50 35 26 65 32 90 15 19 93 3 69 61 74 70 9 63 39 13 11 71 1 51 23 47 7 42 52 20 14 6 31 67 83 17 38 85 5 44 25 84 87 94 56 72 89 54 24 36 2
54 87 89 67 29 15 2 52 7 88 84 81 61 10 93 55 44 71 82 31 63 36 56 72 35 16 92 0 66 5 27 14 19 13 6 75 83 57 17 40 42 38 76 94 64 22 73 25 65 51 95 90 23 79 58 62 85 59 4 91 74 78 24 12 21 77 9 8 86 20 39 45 68 26 46 80 34 47 30 1 49 53 70 69 50 41 43 3 11 60 32 33 37 48 28 18
2 33 80 49 9 61 27 54 53 75 16 11 88 84 50 48 17 12 18 36 66 38 77 47 13 15 95 78 62 32 87 14 43 28 37 41 64 71 51 60 7 26 24 56 21 59 86 90 79 65 68 85 73 6 30 76 5 19 94 67 4 52 89 8 29 1 31 55 72 81 70 39 23 44 82 45 40 83 22 74 63 42 3 46 92 25 91 69 93 20 34 35 58 0 57 10
61 45 38 13 58 6 27 20 35 84 77 44 74 76 83 5 46 90 0 62 57 68 80 47 93 42 30 95 88 63 2 23 17 29 94 51 7 22 36 82 85 86 9 48 15 10 40 54 55 37 66 49 73 53 34 92 21 79 28 8 25 16 89 18 59 70 26 39 91 64 52 78 3 71 32 31 69 11 12 19 72 56 33 41 67 43 14 1 87 60 75 4 24 65 81 50
54 64 33 47 41 9 13 71 10 37 11 63 72 86 15 56 5 53 23 21 7 46 89 67 88 31 93 62 51 52 87 14 75 12 84 24 26 49 4 6 79 25 38 66 3 81 74 55 76 19 17 43 73 27 59 8 36 20 45 35 90 2 44 61 18 70 58 28 60 69 80 91 92 50 1 82 0 94 32 39 85 40 29 22 77 68 34 57 83 42 78 65 95 48 30 16
27 2 83 48 68 72 25 78 92 42 87 44 90 18 22 10 80 4 7 79 56 16 88 69 14 71 9 32 12 57 50 31 28 74 29 17 38 13 66 15 45 39 23 89 52 95 93 63 82 6 67 20 77 84 85 43 61 30 3 26 55 76 70 62 19 33 81 46 91 75 35 40 41 47 58 54 24 37 60 5 11 0 51 49 1 64 36 8 59 73 94 34 53 21 86 65
26 86 68 94 29 40 15 61 63 85 44 13 53 58 9 16 90 5 8 0 65 21 56 87 64 42 11 80 28 60 34 14 51 6 36 62 92 39 31 20 67 27 79 32 75 66 35 25 70 22 83 49 37 74 19 7 33 30 77 38 57 73 2 72 1 47 71 3 10 45 4 84 17 54 69 81 93 50 12 76 88 43 59 55 82 48 41 95 52 18 23 24 91 89 46 78
64 94 17 8 37 66 84 35 57 95 91 36 12 27 30 81 3 77 86 18 13 87 19 59 68 1 89 75 9 5 14 0 7 6 29 93 60 42 69 48 83 55 45 65 39 51 24 34 82 54 40 80 44 33 56 92 23 79 49 38 43 62 10 58 85 4 90 88 25 72 78 41 31 52 26 28 61 67 53 2 32 74 47 21 22 20 16 71 63 50 76 46 15 73 11 70
6 16 58 12 94 87 45 61 39 63 81 90 30 42 43 68 51 41 11 18 47 19 66 73 36 44 72 3 37 5 67 84 20 92 14 21 70 8 69 32 1 26 25 49 23 88 2 79 24 95 57 33 10 38 13 27 83 17 52 35 80 76 15 64 56 31 22 86 7 65 71 29 62 0 53 75 93 74 77 28 55 40 54 34 89 60 59 48 78 91 4 50 9 82 85 46
94 49 50 9 8 23 20 87 68 55 4 46 57 42 37 3 38 5 56 90 47 48 7 95 62 10 86 19 59 13 54 92 35 88 39 73 12 82 74 91 61 32 0 31 15 63 41 83 34 53 6 16 24 69 25 72 76 36 2 75 14 26 66 17 43 28 18 11 79 51 27 29 30 60 78 52 21 70 1 40 33 67 93 22 44 81 45 89 80 65 85 77 71 58 84 64
44 82 52 50 1 57 74 49 17 39 7 85 53 8 43 3 20 14 23 31 61 63 60 70 66 76 16 33 95 40 75 15 59 47 89 90 93 6 94 80 64 58 65 10 87 11 26 79 4 42 78 30 88 51 0 77 2 92 71 67 72 25 12 9 19 84 69 62 54 32 28 45 48 27 83 56 46 37 73 21 24 41 13 34 18 36 91 68 35 86 29 22 81 38 5 55
50 39 42 10 1 67 91 2 23 29 92 24 48 30 64 5 61 4 45 85 33 55 25 59 34 49 14 51 90 19 36 95 62 73 93 71 83 13 0 84 86 57 66 22 40 3 21 72 26 88 75 63 81 47 32 12 44 28 46 9 76 15 60 8 69 80 35 18 65 87 56 43 6 74 41 7 31 89 38 82 68 58 54 52 11 78 94 53 27 79 70 16 17 20 77 37
89 49 82 23 22 93 14 74 56 64 47 10 1 69 24 81 60 54 68 91 39 32 85 76 17 84 51 72 95 9 26 35 70 92 67 45 19 5 83 30 55 50 6 20 88 37 46 15 33 13 71 57 61 12 73 7 78 62 0 90 65 48 11 52 25 3 43 31 53 18 40 38 80 44 34 36 16 66 63 94 86 8 77 29 28 2 4 79 87 41 21 27 59 75 58 42
31 39 83 6 74 55 68 42 86 28 24 48 26 69 76 90 19 71 10 67 91 1 53 35 93 3 30 44 94 4 87 25 56 5 60 54 22 37 12 20 58 80 57 77 65 17 46 70 41 34 88 84 95 92 73 7 18 63 33 62 49 64 75 47 66 85 79 43 32 50 2 52 45 21 82 11 89 29 72 16 51 81 40 8 27 78 59 0 9 36 14 13 38 23 15 61
18 95 72 45 63 87 33 61 68 53 3 30 88 81 69 59 58 73 46 12 39 9 43 85 20 8 49 55 0 44 47 34 94 13 6 31 90 29 65 14 92 86 11 74 82 62 83 4 37 67 75 76 93 38 84 10 66 42 22 26 54 28 15 48 50 23 80 24 79 64 1 57 70 78 77 51 27 17 21 41 52 7 16 2 32 19 36 25 56 89 60 91 5 71 35 40
30 56 38 89 91 92 95 7 59 67 88 90 41 65 11 36 54 21 20 4 25 85 26 52 50 80 6 69 77 32 23 3 22 2 83 76 45 16 48 44 66 1 70 55 42 61 58 73 0 46 29 64 39 57 18 79 82 47 37 33 10 86 94 60 81 53 12 28 40 51 43 9 72 19 15 34 93 75 49 5 68 78 24 63 31 8 17 87 84 62 27 13 74 14 35 71
17 34 86 19 15 54 70 73 9 93 3 12 28 56 51 64 60 27 88 6 53 21 52 16 26 46 40 50 80 77 8 35 1 43 66 0 82 39 14 37 89 91 10 62 22 85 71 76 11 84 92 87 44 5 55 65 24 45 90 58 30 74 94 95 38 48 33 57 78 79 59 42 13 68 69 23 83 47 61 36 4 32 2 81 18 67 63 41 29 7 72 25 49 31 75 20
20 1 57 17 65 63 83 87 3 37 12 45 11 46 82 70 93 68 6 73 55 36 80 2 19 86 8 85 95 22 48 62 5 61 72 38 59 84 88 32 31 13 14 0 79 43 9 44 29 51 75 40 21 27 41 66 89 28 76 47 77 30 23 25 60 56 50 74 35 15 7 39 42 49 10 94 69 54 4 58 92 18 91 71 34 53 24 78 64 16 26 81 33 52 90 67
53 26 2 28 58 75 7 36 5 15 43 70 42 61 93 47 37 35 38 80 4 86 85 95 90 19 92 74 30 40 0 91 27 63 48 94 57 64 24 6 17 22 10 76 11 84 59 62 81 82 25 31 44 41 89 9 77 13 83 68 87 20 34 52 33 21 78 39 50 60 79 73 88 46 67 51 8 55 29 14 3 54 71 72 49 56 12 45 23 1 16 66 65 69 32 18
57 12 41 92 2 46 78 83 56 9 71 51 1 69 35 72 79 85 3 43 44 54 6 74 24 20 17 80 0 70 49 90 86 7 89 30 38 39 81 87 31 25 82 62 88 14 16 75 23 94 77 32 28 67 93 61 22 27 63 76 26 4 48 95 8 53 36 52 10 19 65 68 33 37 45 18 66 21 84 58 55 47 5 91 29 64 73 59 13 42 34 60 11 50 40 15
70 59 53 60 91 46 82 28 85 25 7 2 49 40 75 62 24 15 69 13 32 89 94 52 72 0 68 78 77 38 27 26 19 1 47 51 67 55 76 22 50 56 84 44 45 66 34 63 14 35 80 16 8 11 58 61 21 17 41 54 36 64 4 71 93 3 43 48 37 30 83 20 23 79 86 42 6 95 87 65 90 81 29 10 31 33 57 18 39 74 88 73 92 5 9 12
95 67 22 6 26 57 93 44 9 52 31 33 49 68 37 8 48 71 79 30 4 29 2 61 42 65 45 73 25 85 56 72 60 77 24 92 28 70 58 12 0 13 11 94 18 62 88 36 80 84 16 78 17 14 87 63 3 54 50 91 76 53 34 74 51 39 69 27 43 82 41 55 89 90 75 32 10 5 83 21 20 66 38 47 59 1 15 64 23 81 46 86 35 19 40 7
79 52 36 16 77 54 22 24 90 3 28 1 44 47 95 17 43 53 88 5 4 68 39 92 94 83 46 62 89 93 7 74 29 14 2 64 19 73 31 20 12 65 37 38 59 84 48 80 35 86 70 49 32 72 40 63 69 33 61 18 78 58 87 55 8 0 56 6 45 81 34 13 50 15 91 41 71 30 26 21 51 27 66 10 11 9 60 75 57 76 85 42 25 67 23 82
0 71 24 16 10 75 21 51 65 41 34 86 91 1 68 14 3 31 6 7 29 26 12 84 59 85 89 32 90 28 36 78 25 8 4 15 77 48 40 94 87 42 30 43 46 2 55 56 64 57 5 92 44 9 11 70 52 66 81 49 50 54 38 18 27 93 67 39 83 17 47 80 37 35 95 63 13 72 62 60 45 23 73 53 82 74 76 88 79 69 33 20 22 19 61 58
44 89 21 27 77 11 83 88 50 7 34 61 22 35 54 58 0 15 24 31 42 8 4 95 23 25 92 86 70 13 37 79 85 47 48 49 73 20 38 33 17 29 68 80 72 91 55 30 28 19 39 12 59 26 16 10 84 69 57 66 52 74 14 32 62 90 43 71 41 65 63 3 56 94 2 36 75 46 45 18 5 81 53 67 1 9 60 64 76 51 82 87 6 40 93 78
61 19 88 94 28 0 24 57 17 8 58 92 42 90 43 86 18 75 80 47 72 91 62 33 27 1 71 30 20 3 41 11 31 65 39 60 68 52 21 63 7 13 82 34 25 74 4 5 15 48 36 85 50 89 93 53 9 29 2 84 64 81 79 45 40 35 6 70 69 26 37 46 16 12 49 22 77 38 76 73 14 23 83 87 51 78 44 32 56 67 55 66 54 10 95 59
38 74 33 45 32 55 16 22 21 62 60 63 66 89 71 56 3 31 84 77 30 34 53 1 58 28 68 79 15 25 57 24 9 12 73 0 72 46 67 44 82 20 36 51 19 93 54 29 13 42 75 27 50 76 35 92 70 94 18 6 23 43 39 90 37 61 47 91 8 88 83 78 7 2 4 52 80 85 81 5 69 10 41 26 59 14 17 40 87 64 65 11 48 49 95 86
85 54 83 63 15 47 8 4 67 11 23 95 68 70 77 14 5 10 64 3 13 86 31 78 62 60 76 61 7 27 52 88 58 46 30 80 74 21 35 48 22 65 24 71 41 50 2 6 93 51 43 34 25 53 90 40 56 66 57 9 29 1 72 17 26 75 91 0 73 16 32 19 12 20 33 94 55 59 92 42 28 39 89 82 45 79 36 69 37 87 44 38 84 81 18 49
50 47 48 2 85 7 79 24 46 80 64 22 31 78 20 4 83 65 92 72 15 39 45 69 63 23 61 16 44 90 1 33 26 30 36 68 18 60 81 59 53 57 35 52 71 34 88 74 27 56 93 76 40 5 58 75 11 17 84 54 6 67 9 70 77 14 62 19 32 51 41 29 21 38 3 73 37 82 8 28 94 12 25 87 49 95 91 10 43 13 0 42 66 89 86 55
22 56 0 64 31 50 75 5 55 24 72 49 73 52 76 54 21 71 79 61 18 16 60 46 85 29 92 95 83 41 93 9 42 10 7 84 80 78 77 74 91 43 26 1 57 32 45 87 34 47 37 38 2 25 70 19 90 39 15 12 27 51 68 53 82 62 11 36 59 88 17 69 65 40 20 63 4 67 94 48 23 86 58 81 3 14 33 6 13 30 66 28 89 44 8 35
95 5 33 1 2 30 39 4 49 61 91 19 77 80 43 36 85 57 34 50 6 26 76 60 12 35 83 22 11 93 40 52 67 32 17 81 59 55 89 14 9 71 87 79 31 58 65 84 28 94 25 45 46 24 72 82 27 68 20 75 10 86 0 74 69 92 66 3 23 64 78 7 37 16 38 73 48 18 13 29 88 8 15 41 44 62 56 70 21 53 42 47 63 54 90 51
89 33 92 91 41 38 42 88 86 55 72 83 36 61 39 70 69 4 85 5 65 40 31 28 22 37 32 25 17 48 82 16 44 7 76 8 14 59 71 80 13 93 24 62 52 19 1 87 45 12 63 9 54 84 53 3 18 50 46 81 15 79 67 77 6 0 57 58 2 56 60 26 90 11 94 51 43 23 49 21 73 78 35 66 47 20 95 30 68 64 27 34 29 74 75 10
20 57 8 56 71 19 51 32 93 55 89 63 18 78 27 59 65 46 36 41 22 95 58 44 37 90 81 68 87 67 74 2 69 79 60 43 48 86 21 38 52 54 1 12 72 70 29 39 92 49 53 24 82 40 85 61 91 30 4 6 88 0 23 76 14 7 9 11 26 50 66 47 10 33 15 73 94 77 34 62 64 3 80 42 75 13 83 31 16 5 28 45 17 25 35 84
45 3 56 70 40 93 92 88 60 46 91 5 39 95 84 35 50 77 85 23 58 90 52 67 47 9 89 7 54 16 63 66 38 41 15 61 13 80 53 30 6 57 55 32 82 1 14 72 28 27 62 21 33 8 44 19 26 74 71 64 81 65 42 2 43 25 59 36 69 68 76 10 12 18 83 29 17 37 4 20 0 48 22 51 78 75 11 49 24 73 86 87 34 31 94 79
65 79 23 7 20 80 30 68 69 86 13 62 27 92 67 54 76 51 75 41 77 59 10 12 18 36 81 35 22 1 2 26 38 8 48 34 87 71 29 58 33 19 16 17 78 55 39 5 56 70 49 14 88 64 89 72 45 94 47 6 4 42 93 50 95 43 24 3 82 15 11 57 73 25 44 52 37 0 32 28 61 21 53 85 60 83 9 40 66 63 31 91 84 74 46 90
91 57 45 28 24 92 79 8 30 53 51 58 62 29 18 68 42 47 59 93 9 64 43 10 7 32 26 50 88 33 37 46 21 85 1 22 71 48 3 84 81 38 15 40 83 49 6 35 23 77 19 25 41 17 31 44 2 95 70 16 74 86 12 39 75 89 13 67 36 87 69 52 20 55 78 73 60 27 76 66 14 54 94 11 90 82 72 34 5 56 0 80 63 4 65 61
61 94 5 72 66 45 81 69 13 63 46 10 0 49 51 1 16 56 57 12 39 30 40 33 29 17 41 42 64 32 70 14 2 93 75 86 90 44 47 28 50 88 67 68 58 21 4 85 77 20 6 35 48 95 7 82 31 43 53 8 54 25 34 23 15 80 74 36 92 60 83 38 55 52 76 89 26 59 19 11 3 78 18 24 65 91 73 62 71 87 27 9 79 37 22 84
69 90 56 82 51 24 58 88 45 49 87 91 30 32 71 0 17 18 26 1 62 94 2 52 44 65 74 21 48 36 63 81 84 95 33 57 73 38 86 93 80 85 20 25 50 7 12 29 31 68 19 42 83 75 8 40 11 53 27 92 76 5 77 54 35 6 3 43 70 4 41 22 14 47 37 78 64 13 23 16 59 72 46 10 28 89 55 34 67 66 39 61 79 15 9 60
95 0 28 80 70 93 61 75 84 15 76 43 24 4 94 2 1 16 67 36 77 42 34 11 85 53 48 47 37 89 40 21 86 41 13 88 30 52 91 10 44 27 69 39 60 20 90 14 26 65 92 29 56 18 38 64 9 7 25 58 83 12 74 62 3 63 87 31 51 68 32 33 23 71 73 49 79 81 19 57 17 72 55 50 35 59 45 5 78 82 6 46 8 22 66 54
17 84 24 37 2 82 56 67 30 93 13 38 63 28 42 34 25 7 74 6 73 71 72 3 69 32 76 80 50 47 16 83 9 15 90 75 52 27 58 88 49 26 48 23 33 12 91 51 40 44 64 20 57 41 11 18 43 94 87 70 81 61 29 5 68 79 39 36 65 92 77 59 1 53 86 10 89 85 54 95 4 21 66 46 35 55 8 62 45 14 31 60 0 19 78 22
50 57 51 31 69 65 14 12 55 8 77 63 18 43 20 4 28 48 22 72 84 88 81 21 34 47 27 24 89 79 13 62 42 82 26 71 59 53 70 66 64 32 76 41 78 85 36 68 56 1 11 2 33 73 5 49 52 44 58 83 9 0 6 39 61 87 37 45 67 94 7 16 74 35 15 90 38 91 10 95 23 86 54 93 40 75 30 80 25 60 46 19 92 29 17 3
38 27 16 59 35 15 33 55 82 20 19 64 61 54 88 4 93 71 43 46 53 5 32 10 69 0 31 83 62 13 14 52 74 66 28 48 65 87 57 72 89 95 25 30 70 49 78 86 56 26 67 18 90 79 77 12 37 36 44 21 84 76 7 29 58 2 92 9 85 81 3 24 17 1 6 34 75 23 42 63 39 51 60 47 68 11 50 94 41 22 40 73 80 8 45 91
19 44 23 72 39 54 26 10 76 80 3 82 53 2 67 32 20 81 48 47 74 93 28 34 1 58 31 45 5 61 66 49 43 56 15 33 46 86 75 7 21 18 95 8 69 71 35 27 13 36 64 60 50 11 94 38 85 91 65 42 22 55 4 88 16 9 37 92 70 77 68 59 17 79 40 0 78 73 29 41 30 12 25 87 63 14 51 90 6 52 84 62 57 24 89 83
91 5 73 50 34 86 54 12 58 2 3 18 95 19 87 60 48 51 63 38 77 85 68 26 37 1 16 45 13 7 6 49 39 57 55 25 42 21 8 61 33 46 31 64 24 17 84 9 32 90 28 43 71 53 59 69 15 93 74 88 67 81 75 23 47 35 11 30 22 80 94 56 36 29 41 10 4 14 62 44 83 27 20 66 82 0 72 79 78 76 65 89 40 52 92 70
19 8 25 57 94 90 49 78 73 85 7 30 70 46 93 56 92 53 20 50 33 45 35 51 88 11 17 29 55 4 61 16 58 79 10 12 65 41 95 86 27 74 59 81 54 84 14 28 37 80 82 31 87 40 77 1 9 63 66 83 5 26 72 0 18 34 68 36 62 24 3 6 89 67 13 48 44 38 52 39 60 76 64 2 21 69 15 42 32 91 23 47 43 75 71 22
57 53 77 32 92 46 34 20 50 36 60 40 79 22 74 73 7 19 45 4 75 43 9 3 69 64 26 12 30 24 11 35 28 25 23 71 49 44 6 59 56 68 80 13 1 70 39 33 63 87 78 42 17 14 91 76 5 72 10 54 95 93 94 16 61 21 62 31 29 65 90 47 8 18 67 52 27 85 82 89 0 58 37 38 81 88 83 84 15 2 51 48 41 55 86 66
88 57 54 55 87 33 32 42 90 65 73 78 72 64 82 12 46 66 91 11 3 6 10 36 61 16 84 5 41 26 45 92 63 56 17 74 86 29 19 58 18 14 37 76 81 44 77 51 34 94 9 35 59 67 85 68 89 28 48 43 31 22 47 70 62 38 1 49 53 4 21 40 27 80 25 20 8 30 75 23 83 60 0 79 24 71 95 39 2 15 69 50 52 7 13 93
86 6 5 3 77 66 48 81 46 67 34 69 83 13 60 9 47 44 17 8 32 93 54 4 35 21 73 57 23 88 40 33 2 20 84 18 36 41 74 61 31 70 89 71 78 76 11 52 72 42 58 10 63 85 7 12 92 15 0 90 50 75 43 65 16 24 56 68 30 80 19 51 45 27 26 53 25 94 95 22 79 29 49 38 59 1 87 64 62 37 55 28 91 39 82 14
44 83 41 38 11 46 57 18 52 62 12 7 49 47 58 0 3 23 71 42 88 30 54 39 92 1 76 43 95 19 84 10 31 16 66 73 67 37 59 9 8 29 61 69 27 26 50 72 25 63 22 45 80 55 36 75 15 60 77 82 87 14 79 53 81 5 94 65 34 78 2 90 20 33 74 32 6 91 70 85 93 51 40 4 48 64 24 86 89 28 56 35 13 68 21 17
14 31 33 60 56 48 63 29 70 0 13 67 61 55 4 22 95 91 34 7 6 81 54 75 80 11 20 69 52 84 19 16 42 78 26 38 46 30 82 76 41 45 32 88 74 25 83 37 77 71 72 21 23 12 62 1 27 36 87 9 2 65 43 5 49 73 47 51 64 79 44 86 66 8 3 39 89 85 58 35 24 68 57 17 90 10 59 28 92 40 50 15 93 18 94 53
89 95 21 86 59 1 11 23 24 42 71 33 78 90 68 52 91 62 39 8 56 45 57 30 94 6 12 19 66 18 5 46 13 67 93 64 16 80 9 40 7 53 14 85 82 3 88 27 29 92 26 79 84 41 87 69 2 31 83 32 63 77 22 47 74 4 38 55 35 60 58 25 17 43 49 54 10 65 28 36 48 34 51 20 75 81 76 73 50 0 37 15 72 44 70 61
24 31 55 70 78 21 39 3 14 48 10 38 77 7 90 34 5 53 29 45 1 84 19 4 94 75 95 61 59 54 6 22 27 83 60 36 65 43 93 57 73 76 32 26 16 79 47 0 35 87 71 74 85 91 9 64 68 20 81 52 33 18 2 8 11 46 69 30 80 88 51 42 41 66 58 67 13 89 50 63 49 56 17 37 44 12 86 28 23 62 25 82 72 40 92 15
48 91 63 42 66 51 71 93 0 38 47 29 15 8 44 95 55 10 92 50 94 25 84 61 86 22 43 1 30 83 45 32 78 81 21 53 5 18 13 39 12 24 72 76 3 49 28 4 79 60 2 6 80 75 73 74 41 87 64 40 23 62 19 9 88 89 31 82 27 59 11 37 33 36 65 77 70 90 54 20 58 34 52 68 35 46 26 56 17 7 14 16 57 85 69 67
12 8 10 67 1 42 23 72 14 95 55 46 60 36 56 35 22 9 82 18 16 62 71 86 77 58 48 45 70 25 28 52 21 91 13 37 85 11 69 4 49 93 15 43 26 41 33 3 51 80 24 61 94 47 20 19 74 30 57 5 65 88 27 54 7 76 73 78 64 17 75 40 68 92 59 83 29 32 63 84 31 79 34 87 0 50 89 90 66 38 2 39 44 81 6 53
61 56 87 62 38 32 86 78 46 52 11 81 71 1 43 9 30 33 74 27 72 83 58 16 69 5 95 50 53 70 40 89 93 6 14 41 68 22 4 36 44 90 76 2 31 54 34 57 82 10 18 12 85 39 94 21 7 13 49 26 47 60 66 59 91 64 67 92 63 84 65 75 24 3 8 42 48 88 19 29 28 73 79 80 20 55 35 37 15 51 25 0 45 17 77 23
10 8 64 19 25 57 73 92 54 5 87 68 44 31 85 4 20 91 2 89 58 30 41 26 36 84 48 66 86 6 16 69 35 82 55 78 39 38 67 95 27 15 29 45 80 63 12 47 22 52 93 3 83 43 37 14 11 79 51 59 70 71 88 40 65 13 24 75 62 72 42 74 9 0 7 56 21 17 32 34 49 60 90 76 46 18 53 77 61 28 94 50 81 1 23 33
74 43 67 77 66 56 9 62 45 84 48 34 70 89 30 79 1 91 16 38 18 82 55 4 26 41 51 22 25 61 42 36 93 2 57 44 37 23 75 12 86 92 33 40 46 58 27 63 72 8 7 3 85 28 59 17 14 64 68 54 49 52 83 39 50 13 88 47 80 65 78 32 15 24 19 81 11 90 6 29 0 87 20 73 31 69 5 95 10 71 60 53 21 76 35 94
40 95 82 63 44 74 45 17 81 93 13 34 35 56 42 73 86 72 49 92 20 25 24 67 23 2 62 16 59 7 58 31 91 52 89 6 64 12 5 77 10 0 48 53 29 55 38 61 51 26 27 83 57 80 78 4 22 68 70 39 36 21 32 37 15 28 65 19 11 47 50 41 30 75 87 85 94 43 3 8 90 66 88 76 84 18 9 69 79 46 1 54 33 14 60 71
38 86 84 29 48 9 74 67 65 13 45 49 14 23 83 51 59 17 92 69 61 60 57 54 4 5 40 28 7 12 53 56 90 62 94 81 64 6 63 52 95 88 3 31 44 11 70 68 39 19 22 75 72 47 27 42 33 58 78 1 0 80 2 26 76 71 34 37 55 89 36 93 79 24 43 18 25 8 66 46 50 21 87 77 16 20 32 15 82 85 73 91 41 10 35 30
39 84 45 51 95 55 75 11 0 14 32 21 29 82 64 13 41 35 88 2 47 9 28 77 63 93 49 8 62 43 38 33 22 19 10 86 71 54 25 24 72 91 68 27 3 50 46 89 85 12 92 23 74 48 69 78 36 57 56 65 30 59 61 66 31 1 79 7 44 81 40 18 20 60 87 37 83 15 53 58 80 17 76 90 42 94 67 26 16 52 4 73 6 5 70 34
56 68 70 37 62 1 43 47 54 88 24 79 35 71 6 50 39 91 73 23 61 60 0 19 86 40 69 20 32 83 28 58 89 26 27 4 25 2 21 8 38 42 30 13 95 64 49 75 52 53 77 80 84 94 44 92 55 82 41 65 87 76 66 90 15 34 51 16 48 18 17 85 74 31 72 45 67 36 57 5 14 46 9 63 78 33 81 7 3 59 10 93 12 29 11 22
83 84 1 71 3 78 15 13 63 2 44 61 45 92 8 11 82 30 38 10 74 86 24 48 95 50 26 81 17 65 93 76 6 28 73 7 9 34 69 39 94 43 85 57 35 5 25 62 20 58 67 31 46 52 75 89 90 56 77 14 51 87 54 64 37 47 60 0 21 88 55 91 36 18 68 32 41 23 22 79 70 4 19 27 53 40 29 12 72 33 66 80 42 59 49 16
10 86 76 32 12 75 52 64 35 46 28 14 34 2 63 92 45 69 51 37 91 30 25 54 80 62 41 68 70 90 33 44 82 19 88 94 13 15 71 81 20 47 58 21 5 24 53 38 50 57 60 16 78 79 61 74 59 48 67 43 65 49 39 73 23 7 87 6 84 26 4 77 22 93 31 9 17 8 0 56 83 42 85 89 29 27 11 55 1 36 95 18 3 40 66 72
62 41 88 65 32 21 59 60 83 95 73 80 16 35 61 57 6 20 45 93 5 38 55 29 76 23 86 11 27 46 44 12 82 10 2 37 30 26 89 79 1 72 90 51 74 94 53 39 58 4 67 84 34 22 50 78 54 56 14 42 31 43 87 18 71 0 25 49 8 24 17 15 13 68 3 7 92 77 91 85 63 9 48 47 70 19 81 69 52 66 28 40 36 64 75 33
9 84 21 90 53 71 24 44 5 48 40 16 35 93 60 64 67 50 18 87 52 6 30 63 77 69 3 42 25 1 51 20 62 0 55 61 39 31 36 56 49 15 83 13 68 14 37 73 79 41 26 28 43 65 92 91 88 75 46 38 27 47 19 8 7 86 10 70 89 81 85 78 74 17 32 11 22 54 2 12 95 58 94 57 23 66 45 34 29 4 33 72 82 76 59 80
84 6 43 37 81 66 95 64 55 34 91 22 4 67 77 78 46 2 45 92 41 56 8 51 86 19 27 50 44 31 25 88 53 3 70 93 85 76 26 58 9 65 20 36 60 28 68 75 87 29 59 13 90 62 38 42 52 24 72 61 71 83 16 47 49 14 12 57 94 21 54 80 15 74 7 40 69 17 63 33 39 32 73 35 0 10 82 1 5 79 48 30 89 18 11 23
12 42 85 34 61 65 37 13 40 33 41 82 95 32 66 62 43 56 25 89 48 49 86 24 36 91 11 46 30 64 10 77 23 26 83 50 38 31 5 73 14 88 76 39 54 19 52 74 51 47 21 44 18 29 6 22 84 45 80 9 3 57 92 75 4 35 68 27 78 2 63 93 87 58 15 70 17 90 67 7 69 20 0 28 8 81 94 1 53 16 79 71 59 60 72 55
83 8 9 72 48 66 52 55 88 22 54 11 80 10 21 36 46 12 0 14 28 82 37 57 29 39 81 38 50 94 42 91 16 75 63 56 62 7 34 69 45 90 43 59 58 30 41 47 78 5 13 17 23 71 67 77 6 60 15 73 27 33 35 86 70 87 44 49 64 76 93 31 53 25 84 85 3 1 89 65 92 24 51 4 32 26 2 18 40 79 61 68 95 74 19 20
