26 46 13 50 94 45 34 24 4 49 63 15 70 90 79 88 40 73 0 42 56 65 22 48 2 52 55 86 57 60 44 76 62 20 81 25 85 82 32 83 54 29 74 93 66 7 31 1 43 71 80 3 41 11 19 5 77 8 10 89 91 95 30 59 67 39 64 14 58 27 75 87 47 84 37 28 51 18 16 12 61 6 72 9 17 38 69 78 33 36 21 92 23 53 68 35
17 86 65 38 6 53 87 33 69 24 18 16 92 43 27 10 28 46 51 15 21 72 1 81 48 4 74 5 58 85 50 64 71 47 32 3 19 61 56 79 55 23 31 67 36 22 77 30 35 91 11 59 75 14 34 76 0 82 57 88 62 9 45 60 42 44 73 54 7 70 89 2 13 78 80 41 26 83 90 37 94 68 63 66 95 25 52 93 29 8 49 40 39 84 12 20
40 37 17 57 14 48 89 91 52 50 90 51 86 70 84 81 7 25 64 66 79 20 35 5 71 68 30 8 67 94 49 2 87 43 18 6 42 76 21 65 73 1 75 0 38 15 9 95 32 36 23 88 82 47 58 77 61 59 28 69 39 26 63 80 33 56 74 10 41 62 78 60 45 16 44 12 72 34 92 13 85 53 29 54 83 55 22 3 31 27 24 4 93 11 19 46
22 18 0 73 60 64 81 28 80 75 5 26 83 49 48 3 27 9 74 55 67 84 66 88 39 13 40 87 16 33 89 68 8 53 54 4 46 14 71 69 38 91 24 37 70 50 19 61 7 86 76 92 35 85 63 10 47 29 15 34 21 56 41 57 72 45 62 82 93 79 31 59 43 32 12 23 6 11 58 36 77 17 90 52 2 78 44 25 42 51 94 30 1 65 20 95
40 22 35 91 68 7 89 79 72 46 85 81 90 34 25 83 87 88 82 26 2 58 48 63 20 57 43 19 8 55 52 21 4 93 3 75 64 29 0 31 56 49 32 1 61 15 50 51 12 5 84 27 47 67 10 94 74 62 66 65 14 54 44 36 77 16 38 18 76 33 71 86 17 11 78 73 70 6 9 41 30 95 24 92 28 39 37 23 13 53 45 60 59 80 42 69
57 90 56 3 78 38 39 24 88 19 64 91 12 75 13 31 84 8 58 7 63 69 5 40 80 87 15 95 82 32 83 54 73 66 1 67 74 44 6 18 79 71 26 45 35 2 4 14 17 36 20 72 68 27 16 25 51 61 41 30 77 42 23 81 76 94 22 28 29 62 37 0 34 55 11 59 21 48 47 52 33 53 10 60 43 86 65 93 89 49 46 85 92 9 50 70
0 87 62 16 42 24 60 30 74 82 53 3 4 35 52 70 90 86 51 29 37 67 12 78 15 91 36 23 66 54 84 25 64 88 79 40 76 6 18 41 44 56 58 10 89 13 68 38 34 92 85 20 45 32 77 93 1 72 63 26 94 2 21 55 65 83 59 7 11 43 33 28 49 75 46 61 73 95 19 69 81 27 57 39 71 31 47 14 50 9 5 17 48 8 22 80
21 90 8 95 82 23 36 26 81 38 62 61 30 27 92 57 70 24 52 77 55 44 40 58 93 43 75 41 4 37 74 25 3 31 87 51 48 0 91 29 94 46 12 88 60 85 5 35 42 56 83 53 79 84 39 11 47 80 78 2 54 17 14 71 59 67 66 68 49 6 9 86 32 20 28 34 89 15 63 7 10 45 69 33 1 13 64 18 73 72 65 50 22 19 16 76
1 37 27 90 57 3 67 72 40 68 50 74 77 63 80 55 8 2 34 82 20 86 47 70 24 94 95 28 26 83 48 6 84 65 13 92 87 69 76 11 39 59 41 12 49 35 5 0 42 71 29 54 4 85 30 78 56 52 10 58 43 88 64 19 62 32 60 53 25 66 23 21 91 36 89 17 75 15 93 33 46 22 31 81 18 45 44 73 16 51 9 61 38 7 14 79
20 68 70 39 16 61 19 2 47 10 76 13 29 23 14 92 82 46 31 50 65 32 63 95 40 87 93 64 80 48 35 28 27 34 26 9 6 21 66 24 15 79 58 22 75 41 69 60 72 8 83 57 0 74 1 53 84 54 81 85 62 88 7 42 4 86 78 3 73 12 51 59 18 43 17 94 55 25 89 67 33 45 90 38 49 11 5 56 91 36 44 30 71 77 37 52
53 58 75 34 32 25 77 85 48 30 1 4 16 87 47 26 45 78 72 80 94 52 64 51 36 6 62 73 23 21 65 22 69 35 15 88 95 11 74 50 55 27 33 71 91 37 66 39 68 59 17 29 9 43 46 90 63 84 44 19 41 82 3 70 18 83 5 20 0 93 76 2 31 67 86 89 79 40 49 38 56 57 42 13 14 54 10 92 28 12 8 7 24 81 61 60
38 69 11 49 70 8 13 65 84 17 57 9 86 34 2 31 60 47 42 46 62 7 1 74 10 28 16 51 48 18 66 20 71 40 12 63 54 35 3 64 22 91 85 32 68 15 67 24 45 88 5 50 95 23 94 52 53 19 61 76 73 59 72 4 36 83 25 78 29 27 21 6 75 39 14 77 58 87 92 37 41 56 79 33 93 81 0 89 26 55 30 80 90 44 43 82
66 12 21 24 1 75 65 3 58 19 59 74 6 57 48 95 30 17 60 27 90 88 32 33 22 26 0 72 34 49 2 94 41 67 55 82 91 84 42 70 92 71 4 20 77 5 14 45 29 28 7 51 10 62 76 23 83 85 35 43 86 52 18 50 56 39 53 73 54 93 9 36 61 78 40 80 44 25 38 79 87 69 11 46 16 81 37 13 64 89 15 63 8 68 47 31
89 63 61 38 17 58 64 73 75 60 43 80 21 32 52 57 33 5 4 83 30 39 82 93 66 12 26 85 2 42 68 88 70 78 15 48 7 9 20 49 72 47 86 28 59 14 74 18 35 53 37 13 55 11 50 19 25 91 0 16 46 10 92 34 45 8 62 87 84 36 24 94 81 54 90 29 40 79 41 6 44 22 51 95 3 76 71 31 77 23 69 27 65 1 67 56
36 72 53 0 75 91 67 20 73 82 69 38 62 66 54 81 71 26 76 8 42 23 64 87 80 44 39 55 27 33 31 60 77 16 56 59 86 46 10 45 89 34 18 15 7 32 49 22 19 40 6 94 83 52 30 90 1 63 70 84 85 25 41 68 17 92 24 93 37 58 35 28 5 65 51 57 3 11 78 79 88 12 14 13 61 21 29 48 47 4 50 43 95 74 9 2
86 9 89 82 55 26 90 33 77 22 14 37 1 60 42 73 52 80 71 83 41 30 88 91 47 12 58 29 94 4 78 25 57 36 93 44 54 84 51 8 69 16 24 62 79 64 15 72 39 85 38 87 49 45 76 34 70 46 67 21 19 40 6 20 35 18 56 61 17 7 5 23 43 81 92 0 50 13 65 11 66 63 48 2 3 75 28 10 31 59 74 68 53 32 95 27
53 57 29 65 52 47 62 24 50 34 61 94 20 41 4 93 60 6 19 82 48 72 16 44 13 25 59 35 81 70 0 7 46 21 85 26 67 75 17 49 51 80 40 69 5 31 64 88 79 78 18 95 39 8 14 63 27 55 22 45 87 89 66 42 23 76 10 33 12 90 9 2 36 74 38 11 15 86 30 68 77 28 71 3 92 54 73 83 91 56 43 37 58 84 1 32
74 30 39 17 16 34 77 42 84 87 6 95 70 43 52 12 89 55 28 85 23 5 37 44 71 49 11 66 86 14 79 27 59 36 62 94 26 63 33 9 54 81 64 67 73 3 75 10 45 24 93 88 31 46 4 69 40 57 78 18 0 92 90 13 60 41 53 7 91 47 51 2 83 72 80 8 50 22 15 65 20 76 29 56 35 25 1 38 21 32 48 82 58 68 61 19
55 78 0 19 48 85 84 41 2 76 36 14 11 56 5 8 38 93 60 51 94 92 28 52 72 64 71 6 17 86 3 37 35 21 4 24 61 34 23 67 13 15 62 27 33 30 53 63 58 7 20 44 81 22 18 10 90 40 26 39 32 43 91 65 82 95 80 31 42 54 70 79 57 83 46 88 89 73 47 68 1 59 9 77 49 12 74 29 69 66 75 87 25 16 50 45
75 48 25 72 40 36 49 91 94 76 89 63 17 41 7 77 31 1 9 13 84 95 23 20 53 47 67 87 16 44 93 69 4 71 56 83 32 29 11 73 46 70 92 59 62 33 2 52 38 78 5 74 27 34 66 0 12 30 68 86 82 28 61 14 50 88 90 64 57 21 35 79 18 81 80 43 60 51 15 85 26 10 37 45 65 42 6 8 22 24 39 3 54 58 19 55
54 31 63 8 2 17 42 19 86 29 36 6 72 26 85 94 47 48 9 81 25 56 41 40 11 50 52 15 91 21 83 46 66 14 24 39 38 13 30 43 22 93 5 84 74 79 32 90 73 35 28 44 45 20 69 68 57 87 53 61 12 64 92 51 65 16 75 67 4 1 71 3 82 76 37 34 55 0 77 95 78 70 49 10 27 33 59 23 60 89 62 7 58 18 88 80
37 93 86 83 60 6 50 11 59 62 41 69 90 27 70 76 31 46 71 92 78 65 66 9 40 8 29 48 15 38 81 85 13 51 74 34 67 18 57 5 49 94 61 54 30 87 14 16 56 3 44 53 1 4 12 77 23 55 7 79 58 32 88 19 75 22 43 36 73 89 28 84 33 26 35 95 64 47 10 72 39 68 52 63 2 17 0 21 20 45 82 91 42 25 24 80
4 33 18 77 28 17 7 30 16 75 36 66 3 46 32 67 49 54 86 72 81 40 88 62 55 89 94 83 38 84 70 52 24 45 8 64 51 19 61 23 39 87 91 47 48 71 42 0 69 79 11 12 25 65 63 92 2 74 58 43 90 31 56 14 15 44 93 78 20 57 85 68 10 80 34 50 26 21 95 73 22 41 29 53 9 27 5 60 1 13 6 76 82 37 35 59
11 40 94 35 62 38 58 37 14 22 51 29 85 48 67 80 83 76 6 13 84 45 21 61 86 75 59 3 42 5 81 18 17 63 19 0 78 89 24 32 95 87 69 44 26 12 92 47 1 74 16 2 4 53 57 33 77 15 23 70 68 34 54 39 91 30 9 8 41 82 93 46 20 43 90 25 65 72 71 49 79 52 88 60 7 36 31 66 73 55 56 28 50 27 64 10
43 77 79 32 51 22 41 30 78 20 26 45 16 33 71 10 70 63 25 5 14 56 38 1 4 89 84 49 85 86 28 91 0 18 6 81 19 40 93 90 37 74 24 88 2 55 36 87 12 27 57 62 21 29 68 72 7 69 95 54 42 13 9 60 11 67 46 44 35 94 17 34 66 83 31 65 48 52 76 53 39 92 80 58 23 82 59 3 73 64 15 50 47 61 75 8
44 53 35 23 42 33 26 95 55 66 6 9 4 93 52 84 24 94 0 89 67 1 92 8 3 70 43 60 21 16 15 88 75 31 39 30 68 49 2 51 83 5 36 79 86 34 87 40 27 58 56 37 12 14 54 76 69 78 62 38 77 63 73 74 17 50 45 64 29 13 19 41 71 85 28 20 61 10 82 25 72 65 18 11 22 46 7 59 47 80 57 90 32 91 48 81
92 5 77 19 49 39 29 68 23 42 62 44 91 78 15 48 50 4 43 87 74 28 14 45 17 84 79 36 11 1 25 58 65 72 53 57 30 82 81 64 46 47 12 90 69 31 51 60 0 67 63 55 7 89 70 22 24 26 75 59 32 9 71 41 73 52 37 88 95 18 80 13 8 3 86 93 40 34 85 2 20 21 76 38 27 94 6 35 83 10 66 61 16 33 54 56
19 57 46 86 67 64 54 68 2 9 84 7 27 6 30 78 23 15 29 73 80 3 83 32 20 4 38 39 91 41 0 45 75 69 12 76 55 34 85 47 37 63 24 58 59 10 5 36 16 13 62 88 90 52 18 14 43 56 82 8 71 42 17 65 81 95 22 50 33 21 25 31 89 93 48 74 87 79 11 28 60 1 92 72 51 44 53 70 35 40 49 61 94 66 26 77
14 15 63 28 13 57 65 29 58 16 61 55 25 56 68 34 4 69 90 18 39 76 45 35 82 87 5 41 94 47 11 30 92 1 86 43 3 83 36 75 22 81 49 80 17 27 8 48 38 67 50 84 91 33 89 66 53 44 79 10 19 85 24 62 2 77 88 6 93 40 59 37 72 74 21 60 64 73 32 26 9 54 71 20 95 51 23 0 7 42 52 12 78 70 46 31
87 62 83 3 59 76 29 9 49 16 6 22 88 72 65 1 8 12 18 46 60 74 90 33 53 66 64 34 47 10 52 81 32 67 75 77 7 82 95 26 39 89 86 44 58 94 93 19 57 73 70 51 50 42 48 2 5 14 0 92 63 41 23 56 13 55 79 35 43 21 45 68 40 84 61 20 36 31 27 4 15 78 37 17 54 71 85 69 11 30 38 28 91 80 25 24
93 45 64 54 51 37 16 41 66 56 36 94 3 42 19 65 85 2 81 89 39 79 7 10 50 46 29 58 20 33 72 59 21 77 23 13 25 12 61 78 38 53 6 91 5 82 14 35 52 9 60 74 48 88 28 68 84 0 95 43 80 92 40 87 17 57 30 67 27 70 75 90 73 26 76 55 8 4 24 31 44 63 71 69 62 18 47 1 15 49 83 22 11 86 32 34
7 77 88 32 0 42 28 81 19 9 43 6 48 45 30 56 12 49 11 25 27 22 79 31 80 85 87 91 53 14 76 68 26 89 13 33 59 57 35 63 3 1 54 60 58 86 16 95 64 40 70 74 92 93 10 61 51 67 83 94 69 34 72 50 37 71 29 8 2 75 82 39 78 62 46 20 36 41 55 52 21 84 65 47 44 24 17 73 66 5 4 38 18 15 90 23
49 43 9 94 86 90 54 91 73 19 16 93 10 24 46 53 18 7 8 48 80 11 72 81 74 15 0 42 84 88 3 59 66 44 34 77 65 4 68 33 67 57 22 17 62 85 60 12 58 47 31 39 51 87 89 78 64 56 1 2 26 95 13 38 92 27 71 50 28 32 55 6 83 5 20 69 37 21 82 63 75 76 45 14 35 61 79 30 36 40 70 23 52 29 25 41
67 53 65 71 18 37 15 16 23 85 11 46 44 66 80 31 10 62 83 39 4 64 33 25 35 79 92 48 47 59 17 14 40 30 54 41 88 22 28 90 55 26 12 36 74 29 94 87 45 72 6 19 24 1 7 5 34 43 60 49 9 84 32 91 58 76 81 69 61 13 95 73 63 52 42 21 27 77 93 75 50 68 86 2 3 38 70 20 89 57 78 56 82 0 51 8
91 60 90 34 4 28 16 46 6 58 56 89 0 10 47 32 67 70 61 52 31 76 94 51 44 30 42 85 40 29 45 27 24 36 20 13 26 49 92 63 77 82 79 68 72 48 50 14 15 19 21 86 64 54 75 57 8 62 22 35 5 83 18 78 17 84 7 12 55 88 38 71 65 80 39 9 3 43 93 33 81 73 11 74 53 66 37 69 25 23 2 41 1 59 87 95
0 26 72 50 67 32 40 63 89 55 60 6 36 25 82 20 16 83 3 13 81 18 7 77 4 1 76 62 58 12 29 70 5 46 87 54 15 93 88 42 30 59 14 8 2 44 92 31 78 94 51 85 35 37 68 64 53 73 21 17 61 43 86 75 47 24 33 56 91 95 27 57 22 79 10 49 34 71 48 74 84 41 28 23 69 80 65 39 66 9 38 45 90 52 19 11
61 10 68 36 56 28 17 42 48 76 6 2 26 59 93 65 38 53 41 19 91 82 14 31 24 39 75 85 11 13 43 1 95 51 30 66 86 16 0 7 34 50 62 70 72 20 35 92 3 74 94 5 46 84 22 4 52 40 23 80 87 71 55 44 64 57 25 33 54 47 45 73 89 49 63 83 78 27 15 12 18 88 21 69 9 77 90 67 29 8 58 60 37 79 81 32
37 21 76 25 34 61 88 2 68 11 73 38 1 85 13 9 62 0 87 53 48 39 45 86 52 79 35 65 51 84 36 55 77 91 72 6 44 93 80 47 59 8 95 12 17 30 16 29 49 4 67 56 92 54 58 94 60 75 26 31 63 22 78 82 18 14 74 50 43 32 28 89 90 7 71 57 33 66 40 81 15 27 23 5 64 42 24 70 46 3 69 83 19 41 10 20
24 15 18 46 70 84 89 1 13 57 58 75 43 51 87 38 73 47 92 14 32 4 11 30 94 91 95 71 29 36 69 45 72 26 59 10 0 93 7 50 82 56 85 25 2 62 35 31 90 33 81 40 27 21 54 20 42 17 76 3 67 80 6 39 55 86 66 19 61 74 79 60 5 63 34 37 22 16 77 65 9 48 64 68 12 44 88 23 28 41 49 78 8 83 52 53
91 31 41 21 58 65 40 5 49 10 8 76 1 54 12 2 60 9 94 77 39 61 57 32 51 93 92 75 38 45 25 95 34 27 23 80 48 81 15 28 79 84 67 64 59 71 36 88 63 78 68 70 0 56 52 4 37 22 53 30 62 74 50 18 29 16 11 72 19 82 90 69 43 13 26 42 73 24 35 3 33 83 55 85 86 6 17 89 20 44 46 7 87 66 14 47
70 14 82 79 10 43 8 57 30 80 85 51 2 47 38 88 17 81 65 35 39 22 92 93 66 73 64 89 29 11 13 59 42 7 91 46 67 63 90 54 20 74 18 55 72 19 32 58 87 60 25 52 78 34 15 41 24 71 26 28 1 16 33 44 21 36 49 37 56 4 69 45 0 83 23 12 75 50 5 61 86 53 27 76 6 3 9 94 40 95 77 68 62 31 84 48
1 79 42 89 16 77 19 49 12 31 68 34 29 3 20 25 62 23 71 2 45 76 53 46 41 57 80 0 65 26 78 67 40 28 17 83 86 90 39 37 63 50 51 14 35 15 70 59 75 52 82 58 9 55 48 5 87 33 7 93 30 64 47 24 56 21 32 81 54 38 27 84 10 61 18 88 22 91 4 74 73 36 66 60 94 85 69 72 92 44 11 95 43 13 6 8
13 83 61 29 27 11 33 46 82 87 92 66 36 49 79 41 67 42 39 75 20 95 62 30 51 71 1 44 78 86 81 65 63 45 74 19 52 31 38 77 32 40 53 7 94 3 21 54 12 76 35 23 16 50 2 69 15 28 24 64 88 85 90 55 17 58 80 26 8 10 47 72 89 9 5 4 22 34 68 56 37 25 59 70 91 84 48 0 93 18 43 6 60 14 73 57
91 93 37 2 18 10 5 11 3 67 59 48 58 73 26 39 76 57 1 34 38 45 94 83 36 65 49 68 44 14 43 77 64 6 63 24 88 40 53 20 79 13 35 85 74 72 17 89 66 51 46 28 71 90 41 50 69 70 29 33 16 75 80 32 7 22 62 61 84 30 81 54 55 27 0 8 4 31 15 92 82 42 52 87 78 86 21 60 95 23 47 12 25 9 56 19
71 52 60 6 33 16 9 87 20 75 82 77 0 54 53 21 1 57 29 78 5 70 34 37 19 47 90 73 65 81 8 30 56 59 2 40 95 79 66 61 39 45 11 3 68 26 38 28 69 44 50 76 93 80 43 23 32 46 91 51 27 88 89 41 12 14 13 10 84 62 4 85 36 72 48 22 67 31 24 17 15 18 35 42 63 49 74 7 58 25 64 86 55 92 94 83
91 29 38 58 72 40 62 11 21 73 85 14 87 70 34 65 89 36 83 37 26 63 13 75 82 25 55 8 45 66 4 20 94 79 6 81 74 2 59 69 28 9 10 24 49 27 53 50 23 46 64 0 95 60 22 17 44 61 31 54 43 3 57 42 51 30 76 88 12 35 41 68 90 32 7 47 15 19 71 86 52 78 56 77 5 16 18 67 39 80 93 92 48 1 33 84
93 22 92 39 57 21 6 75 0 46 79 15 51 8 66 44 23 27 73 38 89 12 84 4 85 32 94 91 3 40 69 7 61 76 24 5 63 16 2 30 25 37 87 86 77 67 49 31 54 90 42 14 83 74 34 72 81 95 47 80 9 58 48 52 64 65 68 19 28 33 35 62 26 45 71 60 20 17 1 13 78 59 50 11 10 18 70 41 29 53 88 82 43 55 36 56
48 87 36 62 45 16 84 25 28 65 89 79 49 19 24 86 92 85 27 11 4 63 88 23 3 9 32 78 76 51 73 13 15 66 52 82 57 47 53 61 37 46 43 0 71 31 70 17 41 22 72 95 18 12 8 10 29 94 34 5 69 83 44 67 64 75 14 26 91 1 90 6 20 39 68 40 42 55 77 30 59 21 50 2 74 7 38 58 56 80 93 35 81 60 54 33
71 70 30 85 40 1 14 8 28 78 7 45 77 19 92 94 34 75 82 83 9 58 33 32 10 68 74 37 22 36 62 86 80 64 38 61 23 49 20 91 66 76 72 56 73 0 35 67 25 13 27 12 26 63 2 44 54 65 51 17 24 95 31 11 43 57 89 53 29 3 42 15 5 81 87 79 16 39 90 69 21 59 6 48 41 4 93 88 46 52 84 50 18 60 47 55
76 83 81 60 17 53 93 12 24 57 75 47 62 1 58 34 13 3 40 91 21 90 92 49 10 82 74 79 16 69 80 71 44 86 32 61 51 87 66 77 95 56 85 59 68 88 27 63 42 4 22 8 11 70 36 89 19 5 54 14 2 45 9 31 94 73 78 6 72 41 48 25 29 38 55 52 67 26 7 65 30 43 33 39 64 50 35 0 46 28 23 84 37 18 15 20
39 93 23 28 79 7 88 11 9 89 70 51 90 43 40 31 1 65 60 58 84 37 0 35 50 81 80 71 59 5 41 78 67 25 77 56 36 94 68 48 55 75 10 49 54 13 69 61 14 87 91 46 72 76 27 42 85 95 19 47 66 83 82 29 33 8 15 18 34 57 32 63 53 26 45 73 74 21 24 30 38 17 44 62 6 86 64 92 22 2 52 16 20 4 3 12
78 8 34 14 11 33 4 74 60 52 73 42 59 88 86 51 24 69 35 22 18 3 16 12 82 87 92 85 66 62 27 64 84 39 38 75 81 58 80 49 20 44 54 95 53 70 31 10 79 2 28 94 71 25 5 63 56 23 77 57 15 30 32 6 17 50 21 13 40 1 29 19 83 72 0 55 93 47 36 67 65 26 91 61 68 89 90 7 41 9 76 46 48 37 43 45
76 94 52 23 25 34 60 40 38 64 48 47 93 26 5 73 78 83 72 32 63 66 11 13 53 59 55 82 17 35 61 54 14 51 28 10 88 90 80 39 65 95 84 15 31 75 30 24 2 12 21 58 7 4 68 6 9 27 43 74 33 16 8 41 91 37 45 92 67 0 49 1 87 3 69 70 56 77 29 42 50 20 62 19 57 44 85 79 36 22 86 81 71 18 89 46
83 23 18 44 76 33 47 84 40 80 15 32 16 69 54 26 11 90 71 70 73 68 72 10 82 6 19 34 8 0 48 46 43 7 39 81 13 95 42 9 14 2 41 60 22 4 17 64 45 35 92 65 75 20 37 63 55 1 21 62 12 66 87 36 91 85 56 38 78 74 29 53 61 57 58 3 49 25 24 31 67 86 93 88 50 28 5 52 77 51 79 27 30 59 89 94
29 11 34 27 75 52 79 24 5 28 46 36 12 19 91 0 59 64 54 43 93 92 60 69 70 65 76 30 10 71 61 74 87 18 73 22 25 51 33 17 89 55 32 41 4 94 78 85 3 82 26 72 9 42 7 39 68 90 86 16 44 48 14 62 50 35 15 2 21 8 47 84 13 63 6 1 53 95 45 23 58 56 77 20 37 40 83 81 80 88 57 66 67 31 38 49
43 78 28 60 46 6 36 57 25 50 49 12 45 62 47 13 75 2 18 33 1 76 59 26 30 29 93 74 72 64 67 61 17 94 22 9 39 87 44 53 40 16 69 38 15 90 85 14 11 73 19 51 89 23 65 95 8 31 66 68 71 20 48 54 77 7 37 24 4 58 52 86 63 21 70 91 35 5 34 56 81 42 41 3 10 0 55 92 32 84 88 80 27 79 83 82
67 4 79 45 94 58 90 60 36 68 27 35 95 55 86 2 66 34 1 74 41 5 80 3 91 82 23 42 88 61 49 26 70 54 29 30 46 19 31 13 9 52 62 7 50 65 8 56 32 69 12 89 63 21 33 72 75 39 0 15 57 47 16 85 40 78 64 77 81 73 48 83 44 22 87 59 76 25 28 37 11 51 71 92 10 43 18 84 93 53 14 17 24 6 20 38
52 81 14 20 47 37 29 60 75 62 70 82 48 42 78 30 91 93 36 46 1 59 67 71 3 80 83 5 86 79 72 34 66 21 10 33 64 11 24 32 58 54 69 50 40 88 77 76 8 27 6 22 35 85 44 38 63 41 43 0 92 31 45 7 87 39 17 25 18 61 16 2 49 15 55 57 94 53 19 65 89 51 73 12 26 56 4 95 13 74 68 90 23 28 9 84
42 57 56 22 82 67 19 71 5 48 4 73 26 1 94 63 12 54 35 38 24 90 52 59 7 55 75 69 61 74 37 72 18 92 33 46 30 62 25 58 87 84 34 65 66 6 8 13 43 50 79 49 32 81 64 15 20 45 40 83 0 91 21 11 14 68 89 93 17 36 86 77 2 27 10 80 76 95 44 85 31 9 28 78 39 60 53 88 23 51 70 3 41 16 47 29
4 18 84 47 48 93 79 68 80 31 32 10 44 72 34 16 13 95 24 63 25 82 2 75 65 38 94 56 64 61 27 14 28 83 37 43 49 12 23 85 35 55 57 21 29 88 45 20 90 81 77 74 67 58 86 73 46 41 39 52 53 92 26 59 22 87 7 42 33 60 76 15 62 89 71 9 91 3 70 11 19 54 0 8 17 30 36 66 1 78 6 50 5 51 69 40
27 23 16 25 46 69 4 7 12 3 86 90 20 62 45 40 31 63 78 42 72 80 10 1 64 6 57 54 13 77 56 93 89 52 48 15 21 79 8 26 68 70 38 36 43 71 17 29 11 82 47 76 66 0 58 9 44 19 41 51 53 95 85 61 84 14 2 83 91 30 87 60 73 92 5 50 55 37 32 28 18 34 75 49 88 24 94 22 35 33 81 65 74 67 39 59
71 49 28 76 4 47 72 77 58 9 13 65 91 86 10 79 95 94 33 60 64 21 75 89 38 50 19 61 93 34 39 42 70 7 80 85 44 35 56 74 82 5 92 57 32 54 18 24 81 62 17 53 2 87 15 20 69 3 90 68 16 30 12 52 6 43 26 59 37 51 23 27 40 0 8 25 55 78 45 29 31 83 22 63 66 1 88 84 73 67 41 14 46 48 36 11
34 58 38 2 92 86 53 30 48 43 77 36 49 51 7 19 29 32 75 45 57 25 35 91 84 23 17 41 63 9 66 56 55 94 14 10 20 80 8 52 87 78 70 4 83 21 79 64 76 74 89 71 85 88 73 0 31 27 60 24 18 95 50 6 42 28 12 68 61 67 90 39 37 62 46 93 16 5 65 40 22 13 47 26 33 72 54 1 15 3 44 82 11 69 81 59
71 50 92 39 0 42 84 11 12 78 21 45 8 25 85 29 28 10 3 82 58 79 81 37 43 19 61 47 48 36 95 94 5 17 90 65 93 24 31 30 89 69 70 15 9 38 80 46 22 59 64 20 75 40 16 27 63 26 52 44 6 55 51 66 83 53 72 68 4 2 35 88 32 57 34 67 41 33 77 49 7 13 60 86 56 74 54 23 18 91 87 1 14 76 62 73
5 50 73 91 19 72 0 2 40 21 38 25 79 57 13 86 67 61 32 54 18 89 7 95 29 45 10 77 1 36 88 70 20 6 66 11 14 92 56 51 8 12 69 71 64 85 75 17 49 84 65 3 59 23 68 22 46 43 28 39 44 82 60 24 34 62 80 33 16 94 37 35 41 31 74 90 42 48 53 30 15 93 9 47 83 55 27 87 78 26 63 52 4 81 58 76
53 72 52 40 58 3 51 42 21 83 2 61 82 86 17 77 27 22 74 12 38 50 39 28 14 95 20 1 68 54 4 67 44 79 6 34 5 7 55 93 84 37 87 48 9 69 0 64 56 15 63 33 45 29 88 26 57 23 89 47 30 75 25 11 18 70 76 8 90 92 62 43 65 41 94 80 85 19 10 91 73 16 71 31 49 13 66 59 36 81 32 78 60 46 35 24
34 70 14 62 46 86 24 29 56 36 7 78 45 22 57 58 18 11 83 66 26 13 74 23 84 52 55 82 31 65 3 4 75 21 94 42 27 32 25 39 51 33 2 63 8 67 44 6 60 90 49 17 85 71 81 72 80 95 47 30 38 59 10 93 35 20 37 87 5 79 41 0 64 89 68 92 61 54 43 40 91 53 28 69 88 77 19 73 12 15 1 50 9 48 16 76
85 53 48 45 29 82 21 18 47 33 81 4 8 50 25 38 90 36 62 35 20 0 86 55 87 19 17 79 60 59 14 9 6 73 49 51 52 3 28 10 39 88 26 2 71 13 68 95 41 11 80 34 31 7 70 37 91 83 46 56 75 89 94 76 42 22 15 30 69 1 54 67 65 27 12 74 63 77 92 61 72 5 78 57 66 64 32 16 44 24 58 84 43 40 23 93
36 78 4 83 11 14 13 85 19 70 74 20 15 29 40 67 63 35 73 16 65 95 68 81 55 24 84 33 5 76 50 37 45 61 1 3 56 21 86 41 69 27 39 34 17 93 89 64 26 9 47 31 22 80 42 30 72 60 18 66 25 46 75 23 32 87 7 12 38 48 54 43 2 51 44 94 90 59 53 92 82 10 0 91 49 77 62 28 58 88 71 79 8 52 6 57
89 81 59 0 26 36 9 1 93 19 4 18 55 38 37 48 42 94 47 6 39 79 84 24 87 50 23 49 75 17 67 90 91 70 92 82 64 33 45 56 3 32 86 30 74 2 73 29 15 20 16 66 12 34 65 61 27 35 85 28 95 76 52 51 68 8 31 83 77 7 21 72 80 58 44 54 46 11 78 22 40 60 53 88 69 25 14 57 5 13 62 71 43 63 10 41
66 88 95 29 60 11 76 47 22 75 1 65 0 55 77 50 33 80 49 46 17 59 79 2 42 74 92 25 71 37 10 81 64 48 94 14 45 23 30 70 26 78 73 18 36 89 93 61 87 6 82 27 40 69 56 43 72 54 67 52 12 8 58 21 84 9 16 86 20 68 90 7 85 32 51 3 4 19 53 31 13 28 35 15 62 34 44 24 41 91 38 83 5 63 57 39
11 24 15 26 50 94 20 3 54 0 79 58 60 55 31 16 52 44 61 46 85 9 89 12 82 17 35 48 92 64 57 5 80 75 34 72 40 10 42 95 13 51 29 41 90 32 25 88 33 30 68 36 84 69 14 77 91 63 1 28 23 27 87 73 38 18 7 22 65 47 74 37 4 21 62 59 67 83 19 56 71 6 45 78 86 81 49 70 66 43 76 39 2 8 53 93
93 40 34 47 52 61 75 84 63 58 46 65 33 82 32 20 72 37 79 39 21 95 64 68 16 49 4 14 8 38 56 7 71 18 41 48 94 10 50 15 30 36 44 11 22 78 53 59 83 1 31 86 35 80 54 24 43 57 25 60 66 26 0 67 74 70 42 12 29 87 85 51 91 17 13 69 23 28 5 3 90 62 27 2 19 6 89 73 9 77 88 55 81 92 76 45
40 33 4 15 64 56 11 22 62 55 63 23 50 94 37 95 80 58 24 93 7 39 77 28 68 70 16 73 38 17 90 19 18 35 1 3 26 52 13 60 88 43 10 61 42 69 30 85 83 31 72 48 12 21 5 25 66 49 67 41 54 8 91 29 45 9 82 84 47 32 14 74 44 57 51 65 76 2 20 87 79 81 34 46 59 0 36 78 86 27 75 71 92 53 89 6
37 7 29 10 34 6 59 82 24 48 90 1 35 86 83 63 75 31 54 9 76 61 5 17 55 4 32 62 78 47 94 14 93 44 20 70 56 25 69 51 27 72 80 87 74 57 95 52 58 45 30 68 66 65 8 15 50 81 11 42 49 26 36 71 84 3 73 79 22 64 46 28 89 67 23 40 38 2 12 18 88 60 0 16 33 39 43 77 85 53 91 13 19 92 21 41
15 50 52 66 54 46 53 44 47 83 38 71 8 61 33 31 43 7 58 68 36 42 73 11 27 51 41 77 29 65 76 21 2 92 63 86 10 20 56 9 60 5 80 67 95 55 18 17 12 79 78 3 35 88 30 74 64 4 89 22 6 82 62 0 91 25 28 19 93 1 16 81 90 48 40 13 69 32 23 49 57 85 84 34 75 59 14 45 72 87 70 37 94 39 24 26
88 92 2 48 57 65 66 12 16 7 44 21 68 9 19 75 76 41 95 93 91 50 46 29 78 72 85 52 55 62 56 8 64 79 67 17 27 24 82 23 25 80 71 38 61 30 11 84 10 13 63 73 49 15 14 40 42 86 60 45 26 43 4 18 1 47 81 90 20 3 37 34 77 87 69 94 22 31 70 51 53 6 39 36 35 33 54 59 5 0 28 74 83 89 58 32
75 17 0 59 36 43 53 45 55 10 42 82 90 2 66 30 57 93 81 68 12 77 25 73 80 9 39 51 4 85 40 18 71 11 64 1 62 70 78 13 3 74 49 92 52 94 32 19 61 8 50 72 5 88 76 89 37 38 65 69 23 46 29 58 48 27 63 20 67 26 54 28 91 83 34 16 24 14 84 56 6 15 33 60 21 22 31 41 44 86 7 87 47 35 79 95
54 0 57 55 4 25 84 44 23 50 47 49 37 18 41 86 71 7 17 35 14 89 81 26 39 1 75 34 36 79 67 31 53 62 94 91 32 87 82 72 61 6 70 85 19 29 74 66 22 68 92 77 12 40 28 30 9 63 38 45 73 60 42 21 27 52 80 48 88 15 43 59 56 33 8 5 64 95 58 2 13 69 20 83 93 65 78 24 51 16 76 46 90 11 10 3
29 66 61 25 34 70 6 18 79 94 36 89 76 23 11 3 50 53 4 38 30 19 45 9 43 51 7 47 42 87 1 52 21 2 32 44 26 14 39 55 41 81 58 93 78 77 56 48 59 74 95 90 15 20 13 60 91 83 63 17 64 85 40 86 68 28 67 80 31 75 62 82 5 57 71 54 37 22 92 65 0 73 46 8 16 49 72 10 12 33 88 24 84 27 69 35
78 34 19 29 28 91 62 73 9 5 63 25 74 3 44 47 81 66 50 61 22 51 24 21 52 12 31 89 4 37 54 65 83 2 13 60 15 59 88 8 67 71 92 75 16 45 35 6 68 0 95 7 48 38 84 90 32 64 56 85 10 40 87 72 76 49 82 27 43 58 46 69 20 53 77 41 42 18 93 70 14 39 80 94 26 86 30 55 33 1 23 57 11 79 17 36
62 87 78 29 25 33 16 23 24 55 73 5 7 82 52 95 11 49 8 84 75 9 93 3 79 26 60 89 28 77 41 36 44 81 56 18 12 34 80 48 67 32 10 83 68 88 27 63 1 14 30 2 59 91 40 0 47 69 39 64 31 58 13 45 6 65 38 46 53 42 72 43 61 85 19 37 66 51 20 35 54 22 94 86 76 92 17 70 50 15 21 71 57 90 74 4
38 61 65 28 36 84 74 66 15 75 50 95 76 68 58 90 69 82 52 62 78 3 71 86 40 89 35 57 54 33 16 22 32 55 59 94 92 12 21 72 29 34 49 30 51 25 80 5 63 11 4 9 88 83 73 6 23 43 0 26 46 42 10 47 2 70 27 53 24 81 87 44 39 77 41 13 8 31 64 18 48 1 60 37 67 79 91 20 14 17 93 19 85 45 7 56
95 85 76 31 23 16 40 63 70 29 57 37 94 10 41 56 52 47 48 69 80 75 90 64 30 46 68 86 65 25 34 88 53 71 9 1 12 74 43 44 58 35 54 33 3 78 11 5 51 59 13 77 81 61 67 66 2 15 72 60 20 39 83 42 93 27 26 19 6 8 55 87 18 82 28 91 7 50 24 17 84 45 0 92 62 49 14 89 73 79 22 4 38 36 32 21
2 67 51 38 9 21 22 49 20 29 75 56 62 81 6 70 71 16 33 44 54 53 15 52 18 46 42 39 27 1 88 65 32 10 74 4 95 78 40 24 63 43 37 14 92 50 28 35 66 36 94 90 25 19 57 73 83 87 80 64 77 85 47 17 59 0 89 61 11 5 34 68 7 8 55 93 69 3 45 84 31 26 12 60 76 13 58 30 41 72 86 48 23 91 79 82
80 37 69 46 86 92 40 44 27 15 32 4 77 16 95 18 19 24 79 55 82 71 8 48 72 41 62 10 75 49 58 50 21 43 9 26 65 78 13 38 23 30 25 76 53 70 7 88 93 52 73 14 66 89 39 61 57 1 60 90 42 3 5 36 74 84 81 29 51 45 17 34 12 63 33 0 22 31 28 94 85 20 67 6 54 87 68 56 59 2 64 11 35 47 83 91
56 73 85 14 37 92 2 70 91 58 1 18 5 40 6 90 68 94 28 80 48 95 51 12 39 72 87 29 54 65 38 45 55 64 10 43 82 74 52 81 23 32 69 26 7 33 41 35 11 46 3 9 27 76 75 88 36 59 13 30 86 25 49 67 89 42 0 17 78 16 83 63 84 61 53 34 31 15 79 4 93 57 47 50 62 77 66 20 60 8 71 22 19 21 44 24
8 90 29 21 87 49 28 3 86 26 81 30 10 94 85 82 52 93 71 12 67 92 37 78 41 50 65 11 5 45 55 74 88 56 75 43 33 66 42 44 53 9 35 47 36 54 15 58 6 2 61 83 89 91 34 84 68 79 27 62 18 60 20 72 59 0 57 73 77 7 31 38 22 95 63 32 24 19 14 76 70 23 13 16 4 51 64 46 25 40 1 17 69 39 80 48
12 5 49 14 76 90 39 69 68 81 93 13 32 58 11 53 88 28 91 22 80 41 71 3 40 4 21 8 25 57 10 9 16 87 61 85 74 33 19 92 59 51 64 20 79 63 48 86 77 52 84 89 67 30 38 55 45 82 54 2 65 15 34 60 83 17 94 36 47 43 23 18 6 27 42 70 78 72 1 44 75 31 46 7 35 29 95 73 56 24 50 62 26 0 37 66
1 28 29 94 87 73 55 63 35 16 12 64 7 23 74 75 57 27 34 60 21 82 0 45 70 76 32 56 93 8 6 65 62 59 71 37 91 39 47 18 41 30 68 48 66 44 54 77 50 38 3 4 10 43 2 83 42 67 49 80 33 46 24 5 69 86 17 84 78 61 51 92 90 53 13 40 22 72 31 26 95 15 79 25 88 52 11 14 58 19 85 89 36 81 9 20
89 84 46 68 59 91 53 81 28 67 42 32 87 40 29 25 10 1 12 22 6 30 76 78 50 21 33 60 27 69 45 39 37 64 38 72 13 49 44 19 95 48 54 55 35 18 52 43 51 93 16 66 62 2 5 57 8 58 85 34 75 63 80 71 73 47 7 31 70 92 36 41 20 3 86 14 9 82 15 83 17 23 26 65 4 77 61 94 90 24 79 88 74 11 0 56
34 24 53 33 26 63 67 68 84 87 35 56 65 61 3 19 47 72 52 17 7 66 37 10 82 55 27 92 31 23 49 30 59 58 1 21 74 77 88 81 64 16 22 73 4 39 11 5 78 8 62 25 18 12 32 93 41 20 14 6 36 9 50 60 83 13 45 70 0 69 51 94 79 40 42 91 85 15 75 38 90 29 54 86 95 89 43 76 46 57 48 28 2 71 44 80
33 61 39 18 64 30 59 54 71 95 78 5 70 15 85 38 16 82 40 47 56 36 63 6 51 29 89 20 48 4 37 13 17 52 24 50 62 87 77 69 66 68 72 91 67 45 19 26 25 3 8 79 57 12 46 83 1 86 44 49 88 11 60 7 23 75 92 76 21 55 41 81 35 9 53 58 65 22 31 34 14 27 28 84 43 32 2 74 90 42 0 94 73 10 93 80
58 17 66 38 8 82 84 16 35 55 15 45 75 27 54 65 95 23 93 3 28 30 78 64 51 19 76 9 81 31 83 26 43 36 69 33 50 39 7 41 25 90 62 4 91 86 88 92 11 80 52 37 6 5 57 68 77 59 34 20 0 29 48 1 42 61 18 22 71 85 49 56 67 2 79 40 89 12 13 14 46 47 53 10 24 72 74 70 87 32 60 73 63 94 44 21
36 11 42 54 90 29 24 47 52 50 80 17 21 85 34 39 91 74 23 51 15 4 53 65 9 75 93 58 72 86 88 77 13 55 95 57 67 84 66 92 87 10 63 28 3 32 41 48 43 79 18 69 33 45 49 5 60 6 31 78 76 64 2 27 62 56 20 1 44 59 81 14 12 16 89 68 22 70 30 46 40 8 94 25 71 26 37 35 38 0 73 19 82 61 83 7
88 41 37 20 24 56 16 57 93 62 29 77 86 64 84 70 63 94 11 39 78 5 12 61 69 23 55 10 74 6 52 19 35 87 51 26 95 80 67 38 85 76 30 3 72 18 71 4 27 79 15 82 0 83 50 14 49 89 91 66 8 59 25 31 34 53 33 2 32 40 46 22 42 17 28 36 68 48 9 44 73 13 21 1 54 45 60 47 75 7 43 90 81 58 92 65
8 6 17 61 54 11 95 68 19 72 27 89 33 22 21 7 51 50 65 4 66 59 3 81 40 48 73 45 67 70 64 5 28 78 90 42 37 18 88 24 55 29 76 80 39 84 2 12 46 56 23 58 52 79 26 93 57 25 31 94 43 20 86 32 69 53 30 92 75 34 71 15 83 60 36 74 0 41 62 82 35 14 10 16 9 47 49 87 44 85 63 1 77 91 38 13
28 80 36 84 67 41 58 65 42 66 10 64 18 40 50 39 91 31 33 59 94 43 60 13 4 95 6 37 1 32 9 89 49 30 38 55 48 35 2 34 16 29 21 90 11 27 19 87 7 8 74 79 54 62 25 53 61 92 15 24 73 88 5 63 71 20 70 57 12 17 75 45 68 26 46 93 23 51 47 82 56 77 22 86 3 52 78 72 81 85 0 83 14 76 44 69
18 78 95 75 7 41 77 48 56 6 38 55 90 30 51 19 88 91 50 61 27 83 81 76 72 2 34 5 0 36 84 69 68 85 60 11 23 16 14 13 67 53 94 31 3 20 86 66 25 73 1 24 52 10 80 46 92 39 17 35 54 21 44 9 42 58 79 74 28 89 37 12 82 49 47 32 59 45 15 65 70 63 62 71 87 29 33 22 8 43 4 93 26 40 64 57
52 56 40 74 27 20 43 86 63 33 71 59 31 49 30 44 77 2 94 92 47 85 67 55 34 62 65 95 72 39 17 9 5 60 53 89 66 14 6 22 24 84 70 11 21 13 45 4 29 54 50 82 64 91 3 73 7 90 57 10 79 75 36 28 81 80 61 51 25 23 16 1 58 83 18 48 19 15 46 93 78 76 35 68 88 0 69 38 87 32 8 12 37 41 26 42
79 49 32 15 82 54 45 93 85 18 68 58 59 56 3 64 12 60 36 41 55 22 83 8 43 28 0 71 72 91 92 27 35 80 31 88 9 86 78 17 66 87 25 6 7 44 34 37 48 30 11 1 51 5 75 95 84 4 13 50 10 39 38 14 65 40 52 77 81 29 19 26 89 57 70 20 63 73 74 67 24 53 21 69 76 62 46 2 42 16 94 47 90 33 61 23
51 73 63 31 82 8 50 88 30 41 21 20 61 95 2 27 0 14 84 3 9 15 24 40 53 23 46 67 37 57 83 45 65 66 85 12 17 48 33 5 79 28 80 18 36 60 56 93 72 34 16 38 59 32 90 91 13 1 47 89 6 58 26 29 44 55 77 35 22 94 49 75 71 19 69 70 43 25 42 10 68 74 52 4 39 11 87 86 62 64 76 78 81 92 7 54
52 72 87 71 60 64 57 84 10 89 18 80 30 29 20 58 47 13 62 53 4 61 22 8 39 85 81 73 51 55 28 78 5 86 9 3 79 15 11 66 16 37 77 82 67 46 56 94 93 49 14 91 25 43 59 88 83 70 54 41 23 17 33 7 0 6 69 50 68 74 42 34 12 24 19 1 90 75 35 44 27 31 21 65 95 38 76 92 48 32 36 45 40 26 2 63
18 2 12 7 83 22 71 3 5 8 58 76 70 84 23 11 68 64 15 60 69 90 32 67 63 72 37 44 53 25 34 36 61 4 51 46 87 0 1 92 81 26 41 16 57 93 13 10 38 14 74 78 28 40 50 27 52 29 95 48 88 86 79 66 73 91 9 62 80 49 56 54 33 21 24 39 65 47 82 77 35 55 20 59 19 42 31 89 43 17 45 6 85 94 30 75
15 90 53 9 18 35 14 45 55 94 61 68 0 7 19 86 6 46 60 4 26 56 83 80 93 65 85 47 41 69 52 77 66 42 27 38 44 64 74 89 62 73 88 81 22 76 30 28 32 91 31 40 48 1 24 79 29 5 16 20 92 51 49 58 8 87 10 11 59 23 78 34 36 54 95 57 71 13 12 75 72 43 25 84 70 50 37 82 3 2 33 17 21 63 39 67
84 60 21 26 16 37 92 32 30 67 29 24 36 65 94 71 85 48 70 66 8 1 4 47 52 39 28 89 55 22 61 75 90 2 69 53 11 83 56 40 0 95 3 77 51 33 62 81 31 82 13 41 87 10 76 15 72 27 50 79 17 12 18 63 45 64 57 88 23 54 42 5 7 46 19 34 14 44 73 6 93 35 38 49 80 9 74 43 91 25 86 58 78 59 68 20
58 55 52 74 42 75 83 60 5 2 72 95 57 14 31 7 49 20 1 41 63 64 24 46 28 62 68 11 79 15 35 77 17 33 50 71 29 27 32 12 91 69 13 45 40 9 56 80 48 82 59 92 8 10 76 85 34 47 39 94 25 81 54 21 30 23 93 53 3 67 87 84 6 18 22 4 36 88 43 19 86 0 78 61 44 70 65 90 89 37 66 38 51 26 16 73
35 58 11 6 33 4 82 5 86 14 25 68 16 1 17 65 62 69 71 36 74 19 92 15 51 20 31 21 32 52 34 39 28 60 29 45 54 87 91 72 12 88 30 0 38 26 89 44 66 61 73 2 18 41 77 78 48 63 79 55 42 70 56 3 90 13 40 43 75 85 7 59 67 24 46 8 81 23 83 84 76 27 64 57 95 47 22 9 53 49 37 50 80 94 93 10
23 81 38 11 56 30 61 67 27 65 76 72 64 21 39 47 45 13 44 83 14 33 70 73 48 69 62 87 0 2 28 24 40 31 41 66 82 75 26 60 78 6 51 71 46 29 57 84 42 52 7 95 77 20 22 12 89 79 43 90 50 94 55 3 19 9 68 53 34 15 25 92 88 18 74 37 58 17 63 59 8 16 86 5 91 32 4 85 10 35 1 54 36 93 49 80
21 75 84 36 71 9 92 93 57 64 52 13 23 38 7 25 95 8 34 28 94 56 27 50 61 65 46 82 20 11 30 43 68 58 4 31 37 32 1 74 53 18 40 62 72 2 63 0 79 39 35 80 42 10 66 87 69 26 24 48 51 77 70 19 44 91 78 12 67 76 90 15 33 89 29 3 83 55 16 45 88 17 60 81 6 54 41 5 59 73 85 86 47 49 22 14
39 48 69 31 77 16 92 26 38 14 89 29 42 68 93 81 44 12 30 46 20 10 67 2 74 86 24 11 45 91 59 61 4 90 65 56 6 87 5 8 33 0 53 57 58 62 73 63 32 51 7 47 19 22 79 34 9 94 41 35 83 76 13 50 25 1 36 66 17 80 40 82 52 95 54 37 64 72 55 49 84 15 21 70 78 88 75 18 60 23 27 43 3 71 85 28
71 14 58 40 82 56 0 76 41 12 91 9 60 34 37 93 7 87 22 50 39 35 4 29 53 26 68 55 81 30 63 5 79 59 90 15 11 8 67 65 31 6 24 61 74 13 46 49 18 92 17 75 27 25 3 52 21 33 45 89 2 88 78 10 51 23 43 16 47 48 54 66 70 44 38 85 69 20 36 1 73 32 94 95 80 72 19 83 42 84 57 64 86 28 62 77
46 11 6 72 20 15 17 63 32 53 89 78 47 25 60 84 43 35 51 94 36 77 49 95 57 71 0 59 55 65 39 18 68 1 38 8 24 31 62 37 34 76 75 33 3 87 29 12 85 30 23 44 88 81 50 41 13 9 4 52 40 28 93 61 67 80 16 26 27 91 70 14 79 2 48 42 21 90 19 7 22 54 5 82 58 83 73 69 56 66 74 86 45 10 64 92
40 17 24 55 86 9 42 34 91 35 4 58 5 14 83 25 87 77 51 19 49 26 41 22 29 62 69 30 72 93 88 47 0 28 8 61 56 36 23 20 31 94 13 70 60 53 50 90 2 3 63 76 10 33 12 57 38 59 67 84 79 44 54 48 75 27 68 82 81 73 89 21 95 39 46 92 64 52 85 7 78 65 6 43 80 74 15 1 45 11 71 37 18 66 16 32
55 5 70 93 1 68 32 10 81 89 47 69 36 65 91 88 79 23 14 94 87 92 3 0 71 28 72 64 61 41 74 73 11 67 63 7 19 31 60 26 86 54 30 57 50 66 58 84 15 20 2 40 34 22 13 44 4 75 8 18 49 51 95 42 59 76 56 33 90 45 16 52 9 12 80 85 37 82 48 6 25 24 77 62 43 29 53 78 39 21 35 83 27 38 17 46
70 48 37 35 31 34 89 74 77 1 84 47 10 45 88 26 83 87 4 57 79 54 30 9 3 60 72 29 25 61 14 52 44 65 32 69 56 16 39 5 11 82 50 71 27 73 40 92 49 17 95 24 68 18 51 19 43 28 59 63 15 86 12 7 85 93 20 21 41 76 90 78 22 0 23 55 94 36 6 33 81 53 67 2 64 42 91 46 66 62 13 8 80 38 58 75
66 54 63 23 3 60 25 91 80 12 38 61 67 72 18 94 73 50 6 7 16 9 84 4 33 41 0 69 49 79 88 46 28 36 37 68 27 70 77 83 55 10 22 34 85 47 64 58 35 15 93 82 13 29 86 59 14 53 44 26 78 45 89 5 56 81 92 1 52 20 21 76 74 87 40 11 8 51 32 62 17 48 75 43 24 30 90 2 42 95 71 39 65 31 19 57
22 34 1 13 64 45 82 12 63 29 50 19 54 38 77 25 95 87 90 6 92 57 65 20 78 37 48 11 49 21 68 24 43 42 46 7 76 31 55 26 9 58 39 0 70 60 3 93 2 36 17 28 33 79 40 89 67 47 30 4 80 61 16 41 53 94 81 84 71 18 75 62 88 52 85 73 14 59 35 56 5 27 86 83 74 51 69 44 66 10 23 15 72 8 32 91
18 91 12 23 11 65 56 66 68 51 77 80 26 87 49 60 63 25 46 0 72 42 92 36 34 40 37 13 84 2 79 16 20 33 44 73 4 93 24 5 39 82 55 43 17 3 83 62 57 53 89 27 9 29 61 28 54 8 85 41 71 22 30 94 32 7 76 78 35 19 67 31 48 74 21 69 38 47 6 81 64 86 70 58 88 1 95 59 14 52 45 10 90 75 15 50
77 72 0 34 86 82 5 58 26 59 39 25 7 1 71 93 4 15 85 89 36 78 21 8 87 19 14 3 44 79 23 95 90 28 60 33 30 91 66 84 35 46 22 83 24 47 56 94 42 52 31 43 67 27 9 68 38 61 6 51 11 13 55 92 16 64 73 40 18 12 65 53 45 29 80 69 20 41 88 48 32 63 70 10 49 2 57 75 81 50 62 76 37 17 74 54
40 49 28 69 39 84 18 9 77 8 95 94 24 46 31 79 66 25 35 48 19 12 22 50 47 6 2 54 17 10 55 89 63 32 87 20 26 92 44 4 29 23 75 64 43 72 36 11 56 74 5 30 45 7 81 57 33 53 78 73 21 58 0 70 67 71 52 37 76 60 42 65 41 16 90 88 1 68 14 82 38 86 51 15 59 3 27 34 83 13 61 93 91 62 80 85
89 8 48 26 92 87 39 55 6 73 86 90 14 41 58 3 91 66 76 63 2 68 40 49 32 13 80 35 45 77 5 82 59 47 22 53 67 7 36 34 44 56 71 62 65 69 37 85 43 17 60 18 23 93 21 1 28 54 52 29 9 61 42 70 33 74 20 11 79 31 94 24 50 4 10 75 84 12 27 57 16 81 0 30 25 38 83 46 51 19 78 95 72 88 15 64
22 42 92 20 38 15 81 4 60 57 51 75 39 76 72 95 68 61 50 54 56 16 49 27 19 52 0 5 62 43 40 13 73 59 44 45 84 79 67 64 6 23 83 32 55 25 24 70 78 11 53 71 33 12 30 86 93 29 89 9 63 2 58 74 88 31 18 87 80 47 90 28 91 14 85 41 46 10 94 17 65 36 82 26 3 66 21 35 7 8 48 37 34 1 77 69
65 58 44 89 59 52 93 37 92 43 72 28 10 73 39 0 69 31 76 67 23 47 53 30 78 20 15 75 84 40 18 12 13 36 68 55 14 3 95 91 48 32 45 2 27 21 54 66 41 25 6 83 7 80 56 50 17 64 70 86 51 4 85 90 19 29 79 1 24 88 81 87 8 42 61 22 60 49 62 63 57 16 94 33 38 34 26 74 9 5 11 82 71 77 46 35
10 17 80 50 78 35 57 85 12 53 49 95 37 13 60 20 40 58 59 76 22 1 51 81 48 34 70 31 9 91 45 89 86 72 3 25 56 77 84 27 44 66 39 7 67 55 69 62 94 41 64 38 61 90 5 92 68 14 93 43 8 24 46 74 18 28 73 52 63 65 29 11 21 30 2 87 4 79 47 88 83 15 36 16 32 6 75 33 42 26 71 0 19 54 23 82
1 93 72 44 17 58 45 60 39 27 49 34 77 24 37 48 65 64 47 9 66 83 12 80 79 85 20 4 62 25 52 50 78 94 36 43 38 8 82 87 63 28 13 41 31 68 22 51 29 11 86 7 76 74 57 0 35 5 90 67 18 3 40 95 88 89 2 59 54 23 46 91 92 71 55 73 42 53 61 69 70 84 14 6 10 19 15 16 21 30 81 32 75 26 33 56
11 83 28 55 44 92 79 90 8 20 48 50 87 33 15 77 31 2 35 46 25 3 94 34 95 18 78 42 38 62 45 59 67 5 84 17 57 37 73 80 63 68 86 9 43 30 32 13 14 7 91 66 81 6 12 75 54 24 47 53 64 69 58 65 41 89 4 49 56 71 1 51 82 39 26 36 52 23 76 29 16 74 27 70 10 21 88 22 93 72 40 0 61 85 60 19
56 23 60 85 21 26 94 31 83 40 6 87 34 37 4 41 12 5 3 28 77 92 51 14 46 20 0 24 11 70 90 79 62 59 43 27 49 72 50 17 57 63 68 7 86 33 55 9 16 13 82 45 42 69 25 74 30 35 80 18 65 84 19 53 66 91 44 95 32 61 29 2 22 76 93 67 54 39 36 47 73 10 88 89 48 64 75 78 38 8 81 71 15 1 52 58
19 52 95 10 9 54 38 16 47 1 21 57 2 33 34 4 39 84 17 55 35 88 6 91 70 14 75 40 53 48 69 49 3 76 62 79 46 71 41 73 58 29 8 89 25 15 31 90 5 45 0 22 81 11 12 36 18 87 72 78 92 27 94 32 60 61 50 77 20 24 56 80 44 7 42 85 59 64 37 30 43 66 26 67 86 13 28 93 74 63 82 51 65 23 68 83
33 81 70 51 93 44 72 52 61 86 55 92 84 54 90 83 77 30 25 29 7 78 64 9 34 49 85 71 89 60 28 19 94 53 35 73 48 23 4 1 57 82 38 59 26 8 22 17 18 27 32 79 68 6 87 14 50 69 66 0 43 80 74 47 65 5 58 67 39 20 2 10 76 36 37 62 46 16 13 3 24 40 75 63 31 41 15 56 88 42 11 95 21 12 91 45
26 72 41 74 5 30 89 27 39 80 36 53 28 68 38 43 10 7 40 34 50 13 46 56 18 73 86 70 61 4 75 91 65 22 76 29 11 32 25 67 66 90 3 47 17 6 48 54 88 79 94 49 12 93 23 63 16 77 20 31 15 57 71 82 44 24 92 52 19 55 62 33 60 45 9 8 69 37 14 58 2 1 59 42 87 85 21 81 78 64 51 95 84 35 0 83
30 47 76 55 41 83 56 18 46 31 22 17 94 29 14 25 1 65 27 58 9 42 0 34 80 7 71 53 57 33 2 3 13 6 63 44 75 91 23 88 95 81 59 93 49 89 26 12 84 73 87 38 11 10 61 39 4 64 45 70 77 92 32 51 5 40 36 67 19 72 85 15 86 68 74 20 28 60 52 37 82 43 8 69 62 21 54 79 16 78 35 24 48 90 66 50
77 84 28 27 87 4 21 2 31 8 81 14 92 90 88 18 20 65 42 17 10 73 68 33 64 95 41 79 36 40 9 89 70 38 58 83 82 86 19 7 5 93 46 61 39 11 54 62 34 16 44 47 51 66 49 25 48 26 94 15 43 30 72 63 35 85 1 24 29 22 3 69 53 75 23 80 52 59 32 74 55 67 56 50 0 13 60 57 78 76 71 45 6 37 91 12
77 53 36 35 80 23 60 85 44 68 69 74 49 47 0 50 95 83 5 43 4 14 62 78 25 92 24 41 82 18 45 17 54 32 64 57 76 71 90 46 16 15 84 89 26 67 13 38 70 51 20 88 39 72 56 31 27 30 1 73 28 94 40 33 2 42 75 12 10 58 55 81 93 86 9 11 87 48 22 63 79 65 37 66 61 21 59 7 8 6 29 52 19 34 91 3
70 43 8 76 95 58 84 72 46 65 16 0 74 4 7 36 24 26 10 94 88 17 28 80 47 31 71 89 77 52 56 30 61 68 92 90 33 79 51 23 19 6 64 57 67 87 14 1 93 39 54 22 86 15 25 62 81 11 13 85 44 78 53 35 42 82 73 21 9 60 34 12 18 83 40 66 2 32 48 27 5 63 3 59 69 20 49 75 41 55 29 45 91 37 50 38
68 19 13 29 88 86 0 34 62 83 51 21 78 41 93 17 56 38 58 76 92 48 75 77 33 27 65 28 36 70 15 23 64 91 59 39 71 30 4 18 80 90 82 46 9 7 32 35 69 20 87 47 31 12 52 42 84 11 5 73 6 3 24 14 53 67 57 66 22 74 2 54 45 8 16 25 95 26 10 94 44 43 1 49 79 72 85 55 61 40 37 60 89 81 50 63
76 17 12 38 3 64 93 9 63 79 57 23 46 89 6 18 7 73 51 36 8 41 32 81 29 78 4 13 49 77 74 84 37 75 2 56 53 22 34 14 83 48 39 72 70 35 15 58 85 33 27 44 80 66 59 25 1 10 43 61 86 60 52 40 5 87 55 94 21 68 16 92 26 11 19 42 67 71 65 82 69 62 54 0 20 95 91 88 28 45 24 30 90 50 31 47
17 8 70 39 27 71 91 9 19 55 74 75 3 42 5 50 67 83 86 33 92 26 73 84 76 11 51 88 46 4 48 66 14 22 79 59 58 41 94 0 18 10 53 65 36 63 21 38 31 16 15 64 85 77 1 49 37 43 40 24 93 61 6 25 82 80 68 45 7 30 47 69 62 95 81 34 52 44 90 28 29 89 2 23 78 12 60 56 35 57 32 13 20 54 72 87
4 65 17 63 40 93 16 66 77 59 7 32 79 5 80 54 64 25 56 84 10 2 69 8 71 67 45 34 26 12 42 78 46 91 94 50 38 36 86 73 88 9 19 81 55 21 39 87 53 75 24 35 37 11 33 48 68 72 95 28 90 89 51 0 23 30 44 49 13 29 14 31 58 6 41 61 85 60 27 74 70 52 57 92 18 82 20 62 1 76 47 22 83 3 15 43
41 67 37 2 26 21 32 7 18 17 90 86 27 47 71 61 40 44 5 65 70 81 3 28 69 77 52 45 63 8 80 84 92 68 94 13 51 83 15 75 57 33 42 23 55 74 9 22 79 76 82 20 1 39 12 46 10 73 0 19 30 49 56 25 48 78 87 66 59 35 11 72 34 31 36 54 93 14 43 91 88 64 29 4 62 60 89 53 24 85 95 16 50 38 58 6
8 93 12 0 25 36 13 23 38 22 50 20 10 70 37 60 33 49 76 30 55 7 31 89 56 42 62 32 94 85 75 63 67 77 9 83 44 78 26 88 34 47 45 39 74 43 41 87 1 65 35 5 59 11 3 95 16 24 57 90 17 14 73 68 86 46 40 19 48 6 4 15 29 69 82 51 72 81 79 80 58 64 84 53 54 52 2 61 28 27 92 66 71 18 91 21
36 81 73 57 65 31 1 11 75 94 10 33 16 17 37 76 8 60 64 22 56 25 52 48 55 79 6 5 47 46 14 85 28 68 71 58 59 91 12 63 13 49 77 19 95 66 34 26 20 83 44 23 88 7 43 61 42 84 32 82 39 40 38 29 35 3 15 54 45 30 53 51 72 0 87 74 2 86 90 21 78 89 69 70 93 41 92 50 80 9 62 18 24 4 67 27
86 88 28 0 51 85 77 5 44 82 93 4 62 36 46 60 21 26 71 7 53 12 34 83 67 81 70 17 68 61 89 43 52 54 24 6 22 23 87 1 40 41 19 79 75 31 94 9 20 57 65 50 48 55 38 84 74 16 63 69 64 91 49 13 90 76 3 33 66 80 78 32 15 30 73 37 45 95 29 11 56 72 25 35 42 92 2 10 59 14 47 8 18 27 58 39
40 20 24 57 8 94 11 88 48 92 66 76 39 9 46 87 61 93 0 83 28 38 14 25 19 42 34 70 64 54 62 59 69 60 82 47 65 21 41 32 74 78 26 85 68 50 4 58 53 2 51 10 17 3 84 1 45 29 35 90 30 81 63 71 72 91 56 13 43 33 80 15 5 18 23 22 52 77 73 75 67 95 27 79 7 31 89 6 44 36 86 16 12 49 55 37
23 21 51 17 1 18 54 78 62 91 4 64 33 39 41 3 93 16 71 66 92 34 5 85 26 44 69 32 24 68 2 10 60 72 53 43 7 25 11 30 15 50 87 70 65 73 89 36 28 40 8 13 31 80 6 55 9 42 14 82 48 0 52 59 35 95 27 20 75 38 84 90 19 45 74 86 58 57 47 37 81 12 77 29 83 56 67 63 88 61 22 76 94 79 49 46
37 5 69 77 35 61 52 1 86 49 20 91 44 31 17 2 93 14 81 33 92 26 87 59 88 9 73 80 32 70 47 48 16 76 75 10 25 21 89 90 40 24 67 42 82 65 0 13 7 12 22 94 41 57 46 71 56 4 19 50 60 15 38 6 8 63 3 78 51 43 28 64 30 62 18 36 45 58 68 83 79 54 84 55 95 85 34 72 39 11 27 74 66 29 23 53
20 59 24 88 79 77 37 18 51 50 11 27 10 9 13 8 65 32 28 57 33 60 17 90 1 83 78 95 7 53 52 4 26 14 68 31 85 73 89 71 82 23 15 55 48 72 47 80 74 36 19 58 86 39 75 40 87 2 44 92 63 46 64 69 0 5 67 91 70 94 16 61 29 25 49 56 93 22 81 34 12 38 66 42 84 21 30 6 54 62 76 35 41 45 43 3
23 67 38 84 70 86 75 69 28 45 6 3 25 41 65 10 87 7 1 0 55 31 48 36 43 82 94 5 4 95 19 47 9 91 52 24 57 16 37 53 27 35 46 73 62 61 22 54 15 51 58 72 40 44 59 90 12 92 30 83 21 64 13 34 39 93 2 80 71 85 26 56 60 18 66 20 17 11 81 33 77 8 88 89 76 42 49 68 79 32 50 74 14 63 78 29
56 89 66 41 65 94 1 32 55 69 23 8 43 40 76 18 77 50 71 15 39 72 0 7 68 60 91 9 70 59 44 35 14 26 36 54 22 78 13 2 42 51 95 93 38 79 27 5 12 10 53 83 63 49 75 62 82 74 52 6 61 29 30 21 57 85 45 86 19 64 80 33 81 46 34 17 24 11 73 92 25 58 88 20 47 4 16 90 31 87 67 28 48 3 84 37
83 43 41 68 35 55 22 2 27 65 87 89 58 70 78 86 72 60 24 77 1 51 8 64 53 12 39 23 10 14 66 71 44 36 91 29 33 92 79 47 45 3 94 74 46 38 15 0 37 13 11 63 73 9 16 82 31 21 4 57 40 67 62 6 84 61 28 54 76 49 80 34 25 75 18 17 7 52 88 59 48 95 30 50 90 5 32 26 85 56 42 20 93 81 69 19
67 82 58 37 23 78 69 13 57 95 70 79 8 10 26 47 4 33 31 50 19 89 1 3 92 72 24 90 32 15 81 86 38 22 76 9 83 17 55 7 45 80 6 39 74 91 62 54 34 43 94 60 41 0 53 30 63 20 66 40 51 48 71 61 46 49 11 35 42 28 16 87 14 77 85 88 29 27 21 56 12 44 75 93 52 18 73 59 2 65 36 84 25 68 5 64
40 47 76 14 58 27 86 13 73 83 45 94 36 72 75 34 71 53 90 88 41 51 87 55 15 7 2 18 65 59 70 30 28 80 22 20 39 84 79 52 11 3 64 21 9 12 81 54 0 38 19 67 57 50 31 8 46 17 10 48 5 89 68 85 66 6 33 56 1 49 42 62 69 95 16 82 63 77 93 25 23 74 32 92 35 78 24 60 4 29 91 61 43 37 26 44
18 76 84 68 30 59 23 31 55 35 82 78 29 32 45 79 86 90 77 89 9 22 17 81 43 47 66 33 70 24 69 10 62 38 46 54 58 51 2 6 57 20 53 93 40 56 64 13 48 67 61 3 4 63 19 75 94 14 39 37 41 26 50 15 73 60 5 1 83 85 21 27 72 52 88 16 12 71 74 0 36 80 49 91 7 42 28 95 8 44 65 92 25 87 11 34
13 68 3 76 50 11 7 5 20 26 54 90 47 77 71 52 27 92 81 72 70 35 19 18 51 95 58 10 74 69 36 32 88 91 75 73 4 82 66 21 29 57 64 86 48 33 87 83 24 2 0 60 56 84 15 14 61 30 53 65 55 34 9 78 40 6 63 28 62 38 16 49 79 80 8 31 25 17 44 41 23 93 37 94 85 43 46 59 45 42 89 67 12 39 1 22
75 37 90 48 85 94 40 58 46 55 79 61 88 39 78 32 23 64 72 87 49 41 5 18 19 24 73 76 26 92 2 62 35 21 59 95 6 14 86 29 89 44 77 10 38 71 17 36 83 7 74 47 54 11 13 28 68 20 16 51 63 22 67 84 91 8 52 25 33 43 9 15 70 4 30 50 80 66 60 12 31 56 65 3 93 0 27 69 81 34 45 1 42 57 82 53
36 64 19 75 21 78 95 33 26 84 10 27 52 44 58 8 25 57 70 86 71 2 81 20 80 76 46 9 28 0 11 39 37 93 90 45 48 23 73 42 43 59 1 6 55 50 89 53 88 13 65 87 40 34 66 4 3 74 92 35 47 94 31 62 22 61 51 56 82 5 29 16 83 85 41 79 15 7 77 91 60 67 32 24 38 63 68 72 18 14 54 12 49 30 17 69
19 33 93 48 75 4 17 5 47 2 41 53 54 86 74 94 50 39 6 20 18 62 13 77 88 91 70 71 79 37 56 65 16 42 64 7 9 84 85 57 46 72 36 80 51 12 69 81 52 58 21 8 59 63 28 68 24 90 78 10 66 87 22 61 67 40 45 23 49 38 26 1 82 92 3 73 44 55 31 95 35 29 60 27 32 76 83 43 34 89 0 30 14 25 15 11
5 27 23 14 83 31 82 37 55 9 22 13 91 26 52 47 72 92 80 19 79 20 15 73 48 70 36 67 12 7 33 3 8 90 38 71 34 10 4 11 57 81 16 95 21 84 46 41 43 86 25 28 49 75 56 87 68 18 42 35 64 77 66 2 58 60 40 17 30 32 88 59 1 50 0 51 74 6 44 69 94 76 24 62 61 78 63 53 54 93 65 29 89 45 39 85
38 49 53 50 68 60 0 29 48 88 7 33 30 61 63 72 34 47 54 14 4 81 57 39 80 90 46 44 56 58 6 73 40 5 66 62 84 18 27 1 64 59 31 19 74 32 45 9 85 65 71 22 52 13 37 20 2 51 86 35 3 12 93 95 94 87 36 89 42 77 15 8 43 21 70 41 26 82 79 25 11 91 78 28 23 67 76 55 16 83 92 24 17 75 10 69
90 15 92 36 79 60 1 57 29 22 68 13 7 21 63 51 59 78 35 80 2 40 72 76 9 43 19 46 55 25 88 86 26 65 70 91 37 24 62 50 94 10 54 39 56 61 16 45 27 31 69 0 49 58 5 47 83 30 67 93 64 74 34 77 81 53 4 18 44 42 8 3 17 82 66 75 28 41 23 11 71 87 12 6 89 38 95 14 20 52 73 48 84 32 33 85
9 73 1 24 2 25 34 20 6 11 22 69 7 88 45 80 27 82 28 93 76 63 85 91 65 64 52 66 74 30 72 21 90 50 84 94 56 68 5 54 3 77 89 12 14 15 13 95 58 36 19 48 32 39 46 4 60 47 87 61 53 31 83 10 71 51 41 43 0 62 17 26 59 70 67 42 29 75 49 92 40 16 55 81 44 57 33 38 86 37 18 78 35 23 8 79
88 12 71 90 57 8 30 45 89 16 1 69 41 76 67 2 70 83 42 86 80 39 32 92 44 38 36 51 48 43 68 58 22 47 53 23 65 29 0 73 3 61 21 81 94 24 62 19 35 40 56 26 60 49 74 7 75 93 66 95 77 9 5 91 6 4 55 79 78 10 34 14 15 20 17 46 31 59 85 13 82 50 52 84 11 28 25 37 18 87 72 33 64 54 63 27
29 74 61 5 50 57 53 60 11 72 77 46 56 67 10 49 89 23 47 9 64 8 84 26 94 13 78 93 42 66 20 2 65 18 35 14 32 0 87 34 81 48 38 4 90 86 69 30 27 22 19 70 7 52 79 6 37 58 24 83 44 12 39 59 28 55 43 31 54 88 41 85 73 16 45 68 95 33 17 80 15 3 71 76 82 36 62 1 92 21 75 25 40 91 63 51
65 68 19 24 80 42 16 43 27 33 86 58 35 40 73 17 39 54 79 23 56 37 3 18 41 21 45 61 28 49 36 26 94 70 77 10 0 46 81 74 89 59 50 11 92 22 20 91 9 47 44 53 90 52 7 82 83 78 31 5 60 34 51 2 93 69 30 88 55 76 6 13 62 87 71 32 29 72 57 14 48 8 95 84 75 12 4 1 67 25 38 15 66 85 63 64
74 19 44 57 71 46 5 35 81 49 21 33 9 41 34 0 83 29 50 73 32 60 40 63 47 52 36 17 90 15 76 72 68 94 93 89 67 31 69 82 55 53 80 24 18 54 14 66 2 95 20 6 22 64 37 23 56 91 26 78 7 85 13 88 61 58 59 70 86 43 45 79 38 87 30 62 3 39 25 28 65 11 1 92 75 10 4 16 48 42 12 51 77 84 8 27
45 63 36 56 48 10 0 16 87 62 54 91 18 43 89 14 25 42 92 35 7 69 8 11 19 57 5 51 70 93 24 90 59 74 15 68 61 88 29 85 71 17 9 67 30 50 2 23 26 94 44 80 13 84 77 37 41 3 22 58 46 73 20 81 66 60 38 95 55 1 33 32 82 27 31 34 12 4 40 52 47 21 49 75 76 83 65 78 28 39 72 53 86 64 79 6
86 37 2 54 72 9 69 57 1 79 38 27 26 68 7 84 52 93 63 16 95 32 14 76 6 39 49 13 87 90 67 17 41 65 89 22 46 59 48 75 18 12 8 78 61 43 30 56 81 66 0 47 33 4 19 70 80 24 34 42 31 11 3 71 91 25 5 82 77 85 44 29 28 64 10 23 94 74 53 58 45 88 40 36 35 73 21 55 51 83 20 62 92 60 15 50
80 83 14 46 15 13 57 70 6 19 62 4 94 12 72 45 18 91 32 2 3 48 49 36 9 5 73 31 60 42 26 55 84 89 24 90 64 61 59 20 95 21 52 87 93 16 76 86 54 27 79 23 1 22 39 17 43 71 77 66 56 0 51 28 53 81 65 58 75 82 25 10 11 63 37 38 44 78 74 8 69 35 68 41 47 7 88 40 33 29 67 34 50 30 92 85
12 22 89 49 57 2 15 37 88 28 24 45 95 11 71 83 39 77 84 63 34 5 50 59 81 17 94 27 18 13 69 25 3 68 70 6 60 79 21 42 76 56 14 4 53 92 74 7 67 35 86 29 40 1 41 87 32 61 10 93 51 55 80 8 23 62 9 58 33 30 54 85 65 75 52 73 46 47 82 43 90 78 36 0 91 66 16 19 20 31 44 72 38 64 48 26
32 25 49 13 55 34 35 37 30 48 20 17 57 60 84 53 73 56 69 0 36 4 42 68 86 80 85 27 61 8 50 7 47 22 2 93 26 16 45 12 33 15 38 77 74 11 89 92 81 23 40 21 19 63 95 64 51 52 54 44 18 14 90 6 59 67 87 78 24 29 65 79 46 43 3 41 82 91 83 5 39 9 71 1 75 72 10 94 58 88 31 62 28 76 66 70
24 77 2 30 9 23 58 41 79 25 91 89 47 62 44 28 66 33 40 42 84 92 55 65 31 8 49 70 68 35 72 86 38 83 36 46 15 80 87 81 69 32 93 43 50 27 76 88 94 20 64 74 73 57 0 75 52 22 63 85 7 26 3 54 18 48 11 29 6 61 5 39 19 1 45 67 53 13 56 95 60 21 16 17 12 51 4 14 90 10 37 59 34 78 82 71
66 57 80 20 70 63 35 11 64 14 4 83 22 28 77 49 21 59 3 18 92 76 65 0 69 45 68 37 40 27 78 6 87 94 2 19 42 60 39 88 85 54 81 15 36 10 31 75 52 41 82 79 33 47 95 51 7 50 24 53 61 73 62 34 93 58 17 32 74 56 89 12 71 30 72 5 90 55 86 48 43 25 13 26 67 38 23 8 1 29 16 46 44 9 84 91
25 82 13 45 63 0 14 2 67 88 69 4 31 6 43 94 95 76 49 23 40 11 35 78 92 54 22 83 21 55 59 72 16 37 77 50 81 80 17 91 65 75 7 46 24 28 90 18 38 58 93 5 8 19 64 86 34 89 29 42 30 51 79 48 41 60 70 85 84 27 61 52 56 9 66 36 32 44 10 39 73 74 71 62 3 53 15 47 26 12 33 1 87 68 57 20
8 30 92 21 2 94 51 18 1 72 78 80 76 63 82 52 6 90 34 40 56 13 84 73 22 44 25 16 83 61 68 33 71 39 32 79 46 64 3 86 81 37 48 35 23 87 17 11 36 50 15 95 4 88 74 77 43 70 5 19 53 12 60 28 45 41 69 29 67 0 31 49 65 55 10 38 85 54 42 57 26 47 93 20 75 27 62 58 24 89 7 91 59 9 14 66
26 49 74 14 89 91 16 39 23 31 68 43 63 42 36 62 78 61 45 79 22 15 53 35 81 5 51 80 27 21 95 13 88 44 12 2 32 33 10 59 9 28 87 60 1 69 11 66 7 65 54 37 3 83 70 55 0 67 24 4 92 41 90 86 72 56 47 34 57 50 94 64 48 82 77 73 85 19 76 30 8 40 29 52 71 18 38 58 25 46 20 93 75 17 6 84
65 17 23 86 39 75 53 76 35 40 57 33 82 81 66 63 49 32 18 78 11 30 45 43 93 7 16 34 37 70 4 9 20 71 24 88 25 73 60 68 29 74 28 56 36 13 77 87 38 46 85 50 0 14 10 89 64 5 54 95 55 79 91 80 15 90 12 72 94 59 31 21 44 3 1 58 27 67 2 26 92 61 51 83 84 8 41 69 52 22 47 48 42 62 19 6
84 60 31 12 58 45 37 70 42 2 52 91 83 48 68 9 32 4 54 30 13 36 76 6 79 88 66 47 11 17 16 29 80 3 50 92 14 40 65 63 1 78 49 41 27 19 21 59 53 95 44 15 61 23 93 64 57 18 0 72 67 38 82 74 28 71 69 85 25 7 46 20 81 34 90 22 10 35 89 5 8 26 62 94 39 24 43 33 56 86 73 87 55 77 75 51
38 50 7 40 45 37 10 15 9 51 18 66 85 54 68 61 16 12 72 28 78 60 6 93 30 29 41 0 76 58 20 2 56 49 32 21 71 75 5 73 95 92 80 91 87 42 35 26 53 24 74 90 69 65 34 67 17 62 33 43 39 23 79 86 27 70 52 25 48 1 64 22 94 31 55 44 63 13 11 81 59 84 88 57 4 46 8 83 36 3 14 77 19 47 82 89
76 43 79 90 62 50 57 65 75 59 46 8 22 20 11 24 55 70 95 45 92 28 18 13 41 40 83 93 85 47 34 6 81 64 67 17 27 71 86 53 32 60 15 54 1 56 35 33 78 74 80 82 19 51 7 39 49 30 36 31 25 38 89 72 23 42 44 58 63 2 61 84 73 5 16 9 66 37 48 87 3 68 10 26 14 94 69 88 12 91 52 29 21 0 77 4
71 14 46 16 63 12 82 42 38 56 50 37 24 43 77 70 32 94 45 68 92 54 8 73 40 84 87 78 30 6 4 61 49 52 81 18 7 95 89 83 39 60 62 23 90 76 69 64 79 88 91 26 36 17 67 19 35 58 11 66 2 31 72 27 65 48 33 86 44 9 51 25 59 34 15 10 93 75 3 1 74 55 41 21 57 28 5 47 22 0 20 80 13 53 29 85
79 18 5 19 66 49 34 92 2 87 90 54 37 20 60 42 88 72 41 85 52 26 24 33 10 57 4 48 73 23 51 91 3 36 71 15 17 83 46 8 86 67 94 78 93 70 84 76 39 68 29 14 13 0 11 89 21 27 53 22 65 75 63 40 77 74 56 7 35 43 82 1 50 31 12 28 69 30 61 6 9 45 47 95 58 59 44 81 16 62 64 55 32 25 38 80
85 75 29 83 25 31 28 2 93 46 14 94 39 51 3 91 0 72 88 59 56 78 1 37 17 38 55 76 36 10 8 61 74 5 35 58 4 87 92 6 64 32 49 19 67 73 54 13 80 50 23 90 16 65 24 11 53 9 22 79 34 26 81 69 89 71 7 57 30 82 20 63 52 62 95 84 68 15 33 44 27 12 43 40 42 77 66 45 60 18 86 47 21 70 41 48
39 33 88 41 69 13 16 67 30 62 78 22 84 2 31 25 35 14 72 47 75 26 19 94 91 15 53 57 24 23 10 92 55 27 38 58 66 68 77 79 90 60 61 6 64 52 82 70 74 73 3 50 1 12 85 44 48 17 45 32 43 20 93 28 51 83 4 71 34 42 8 9 40 29 86 46 76 59 0 81 80 56 5 18 87 54 21 49 7 95 37 63 65 36 89 11
24 18 52 83 77 14 20 48 86 22 81 34 56 43 41 6 82 39 87 78 11 1 61 33 29 46 35 80 25 57 58 51 55 0 74 36 28 40 27 90 75 30 64 47 85 26 23 65 45 66 13 3 38 89 21 50 10 4 31 71 68 32 67 59 60 93 5 7 73 91 76 88 49 2 44 9 92 53 37 54 17 70 42 62 79 95 8 63 94 15 69 16 12 72 84 19
46 81 11 53 9 65 40 1 71 16 68 66 62 64 4 95 60 67 47 19 28 5 74 90 32 88 26 2 55 52 18 27 0 31 39 54 77 37 70 93 34 82 20 43 83 7 61 89 22 38 49 17 15 80 13 24 41 36 44 21 69 91 75 58 84 14 50 59 29 48 78 33 79 92 94 72 42 51 3 12 10 85 35 63 23 87 73 86 56 57 25 45 30 8 76 6
36 37 34 15 12 75 27 84 40 7 23 71 52 83 44 8 48 77 26 74 51 11 92 67 17 31 2 21 86 50 60 45 85 4 70 20 16 22 28 46 6 91 14 95 54 61 94 87 62 33 56 49 24 9 42 59 38 93 19 55 41 88 5 68 79 43 89 66 58 73 90 35 10 78 3 69 53 1 0 63 80 29 65 82 32 81 39 76 30 25 18 72 47 13 57 64
71 60 69 82 58 17 91 78 1 42 81 16 79 88 47 83 3 40 21 89 65 87 51 44 38 73 8 19 45 35 52 74 27 30 50 39 25 36 2 62 46 59 0 22 29 10 49 94 92 93 56 28 24 26 18 57 14 63 85 84 80 20 72 37 15 61 76 54 41 5 33 6 70 48 13 77 34 55 67 64 75 95 53 12 43 11 7 4 23 90 66 31 68 9 86 32
28 94 24 82 13 17 70 73 51 92 55 62 71 54 32 85 8 46 78 52 31 14 67 33 15 7 0 47 53 3 77 21 88 6 1 60 45 79 44 81 86 72 26 39 76 42 25 90 95 50 36 30 19 20 64 41 91 29 84 48 18 38 4 74 12 68 16 89 37 83 49 35 87 10 57 93 9 5 27 34 75 58 43 40 11 66 80 65 22 2 59 56 23 69 61 63
0 32 72 31 61 10 20 17 44 57 80 3 6 83 78 90 75 42 64 51 94 24 29 14 28 89 19 2 11 53 73 45 71 81 59 33 37 4 92 91 58 56 70 93 95 62 65 77 52 12 38 15 26 49 40 66 88 21 25 9 13 36 54 60 1 30 16 8 41 82 55 18 67 34 27 63 7 86 50 46 85 87 47 23 76 39 84 22 74 5 68 48 43 35 79 69
2 77 64 35 57 56 78 81 17 47 53 85 54 1 5 28 38 58 65 82 86 8 27 50 11 63 71 90 73 22 87 30 29 24 45 49 26 34 6 42 89 39 74 91 52 68 0 16 94 44 7 25 88 79 9 75 69 36 51 12 19 59 41 60 76 21 10 62 23 67 84 95 46 37 55 66 20 93 70 48 14 13 31 43 15 33 61 92 72 40 4 3 83 32 18 80
83 51 75 20 55 86 17 85 38 79 30 43 87 26 68 65 35 60 69 78 33 63 13 42 34 11 92 5 47 45 3 15 29 76 18 16 72 9 31 54 71 37 10 84 73 61 64 62 27 88 2 59 12 89 19 36 77 0 28 74 21 49 4 90 40 22 81 1 82 95 52 94 56 53 48 50 24 58 93 57 23 91 32 44 39 7 6 80 66 8 70 14 67 25 46 41
58 74 32 95 57 33 71 28 4 25 77 20 88 14 84 11 85 70 30 24 8 91 13 2 60 22 44 75 67 78 51 16 68 54 31 27 52 10 29 94 53 86 1 35 18 76 63 56 23 43 17 73 7 55 9 61 79 65 92 15 83 81 90 64 66 72 3 93 5 46 21 45 39 12 40 47 82 0 62 34 36 69 87 49 26 38 80 19 41 6 59 48 37 50 42 89
79 32 85 55 60 38 6 13 34 73 28 56 31 7 77 58 30 95 48 0 87 39 88 27 70 50 82 71 83 40 5 17 43 22 16 33 51 46 76 66 52 91 81 57 53 68 1 44 29 80 24 35 9 65 25 20 14 26 41 37 47 62 4 18 42 75 84 8 11 59 49 2 86 69 78 93 19 89 63 10 54 36 92 67 21 23 64 94 74 3 45 12 90 15 72 61
32 45 9 74 23 25 87 94 56 34 65 88 76 12 81 38 4 54 70 73 15 68 80 46 62 91 61 36 0 47 84 77 37 22 67 20 59 27 66 85 57 52 49 86 44 21 60 19 6 42 5 83 13 3 43 78 31 41 93 33 24 64 53 75 71 14 10 8 26 1 55 50 79 72 7 58 51 16 40 29 30 28 11 95 90 92 89 63 35 39 2 17 82 48 69 18
37 77 73 2 16 7 11 62 43 36 6 92 17 58 51 48 5 53 70 24 88 44 10 32 46 12 28 85 65 30 1 56 23 34 45 86 38 80 79 82 14 69 90 27 21 55 3 64 39 87 67 60 13 93 4 94 59 35 54 89 50 81 76 0 41 25 49 74 47 20 19 40 66 68 42 52 31 71 72 9 26 22 18 33 95 75 61 84 83 57 63 8 15 29 78 91
42 84 64 19 43 68 11 47 82 7 23 15 4 50 57 14 46 3 5 71 28 51 59 95 6 72 21 53 16 31 76 65 34 27 54 10 49 88 29 56 91 32 92 55 60 8 0 90 2 45 25 33 58 75 70 38 89 77 62 78 61 85 12 39 35 44 83 40 17 48 67 80 94 36 24 37 18 93 1 9 20 86 30 73 81 13 22 66 74 79 63 41 52 69 87 26
37 64 12 94 32 56 1 48 23 76 60 88 20 92 85 75 58 70 89 40 39 47 78 0 10 51 84 54 41 43 22 68 5 24 90 65 44 73 95 18 36 62 45 80 79 19 25 82 16 9 57 66 77 13 15 35 27 63 91 29 67 7 14 93 74 83 33 46 26 52 8 21 55 61 53 4 72 69 59 11 81 31 28 17 42 49 87 86 30 34 38 50 2 71 3 6
45 18 66 90 76 14 58 12 49 72 88 46 11 47 94 56 50 15 53 74 80 82 83 61 0 68 52 59 87 26 34 55 54 21 75 31 69 40 51 81 73 8 78 89 71 2 63 84 70 3 41 6 32 65 17 48 4 20 64 30 25 16 37 60 67 1 85 39 93 62 22 24 27 19 33 92 9 10 35 13 42 5 23 29 57 95 79 77 36 7 91 28 38 43 44 86
3 23 77 84 39 50 81 29 33 63 4 36 78 90 54 9 92 87 16 35 64 11 65 45 12 67 41 66 57 17 71 13 49 82 24 15 74 75 42 2 61 10 32 28 68 95 22 5 69 72 7 14 20 26 21 43 44 53 85 88 1 46 83 56 58 31 62 6 94 8 93 48 55 60 51 38 86 27 76 25 34 91 79 47 18 80 59 0 89 37 19 52 73 40 30 70
88 11 66 57 29 50 55 47 5 24 83 44 73 62 63 77 26 9 31 64 91 2 48 82 42 52 16 90 71 87 6 70 74 51 95 13 27 22 65 39 68 32 60 35 53 59 56 33 86 92 85 17 14 93 21 46 7 25 67 36 15 3 43 34 12 10 19 28 80 49 4 84 20 54 61 76 69 89 72 37 1 38 30 18 23 45 58 0 78 79 75 81 41 40 94 8
69 17 35 24 9 57 66 23 29 65 92 87 68 75 84 7 43 58 50 20 16 70 95 13 22 83 18 42 30 64 1 63 73 89 27 93 5 74 40 6 90 8 41 59 38 49 62 12 15 72 45 91 28 67 81 4 33 60 53 71 39 11 82 55 52 94 46 61 32 37 51 56 2 80 85 54 86 21 19 48 78 34 31 36 3 76 26 79 47 25 88 14 77 0 44 10
77 73 32 56 15 50 23 13 90 94 34 6 30 4 92 1 75 88 66 8 20 95 70 79 59 41 39 14 58 25 71 48 63 87 67 24 16 42 44 55 7 26 35 36 83 72 3 82 19 11 89 54 47 86 49 84 57 40 65 37 43 28 74 2 31 10 53 76 93 61 21 91 80 69 29 62 46 5 60 33 9 64 68 51 38 22 17 18 12 85 27 45 78 81 52 0
1 54 56 23 0 95 34 59 50 37 40 45 24 88 4 55 12 60 87 47 91 43 28 8 86 90 15 82 93 81 77 58 92 65 72 9 33 13 7 42 22 76 68 52 31 19 26 41 73 94 79 39 14 18 25 62 48 32 30 27 75 69 71 66 84 49 2 29 38 83 3 44 20 35 67 64 36 85 51 6 53 61 16 17 89 70 57 63 74 21 11 10 80 5 78 46
69 35 79 63 73 76 75 4 67 15 8 41 6 66 24 78 42 32 88 31 89 36 28 62 71 46 47 19 82 5 49 12 40 2 74 44 91 59 87 25 21 52 3 58 83 20 30 54 22 38 45 86 85 93 53 64 65 16 0 13 33 70 81 56 92 29 50 80 57 11 23 26 7 14 43 1 77 10 51 37 34 39 55 18 84 17 27 90 94 9 60 48 72 95 68 61
9 54 20 33 64 95 89 48 12 50 79 6 13 85 90 45 69 26 78 92 73 83 42 23 60 37 19 7 63 8 4 58 82 88 62 34 72 36 93 59 22 29 2 84 18 80 57 14 56 40 24 81 25 91 27 31 11 70 53 74 71 21 15 17 46 38 43 10 51 86 1 55 75 3 28 32 87 52 0 41 49 66 39 5 65 77 44 35 30 61 94 68 16 67 47 76
20 59 54 32 93 64 22 38 8 91 89 81 15 61 82 85 53 2 63 9 52 68 95 23 79 13 44 78 28 26 30 17 31 90 83 21 74 3 41 58 60 4 66 27 47 71 14 72 48 10 37 50 75 7 87 67 49 18 19 0 11 57 45 46 39 86 76 42 5 69 77 40 55 24 1 33 12 51 6 43 65 70 36 62 94 84 16 80 34 56 35 25 73 88 29 92
8 65 60 88 36 44 20 30 28 49 10 9 58 71 41 3 18 1 39 32 95 23 72 15 40 83 92 76 7 31 45 64 13 51 94 47 22 11 5 37 69 52 42 46 66 12 33 50 54 75 63 21 86 91 81 55 26 85 43 67 90 14 24 29 87 80 38 68 74 70 53 17 34 35 2 62 73 59 61 19 0 79 77 89 6 57 82 4 93 25 56 48 78 16 84 27
49 0 4 95 81 75 44 71 88 28 32 66 70 54 40 68 12 11 18 1 62 45 9 67 73 84 37 89 78 55 60 39 47 8 17 77 31 83 74 42 43 58 38 94 35 24 63 80 79 92 50 19 53 5 15 64 2 85 59 20 21 26 30 16 3 41 57 23 46 10 72 51 52 29 25 48 36 14 13 22 33 61 93 27 34 82 91 90 69 86 87 65 56 6 7 76
25 92 62 73 41 4 53 15 68 42 19 57 8 72 31 10 54 74 86 0 37 82 48 77 87 83 93 1 59 14 9 44 5 76 67 40 11 28 12 17 90 43 36 63 39 45 32 79 70 56 64 2 23 24 22 71 6 75 20 88 7 16 61 47 66 34 95 35 60 46 84 89 18 85 52 58 29 55 21 3 94 30 51 49 80 50 69 33 38 26 78 13 91 65 81 27
5 95 73 39 13 55 28 18 7 33 12 59 26 9 45 52 25 16 20 89 10 53 1 80 65 72 51 34 87 69 29 41 19 93 94 83 44 54 42 79 2 82 90 74 81 17 49 70 77 48 15 91 50 86 61 76 11 27 78 6 8 85 63 38 21 57 40 0 43 60 56 4 46 66 64 84 30 71 68 31 23 75 92 22 37 32 36 35 58 24 67 3 88 47 14 62
70 40 56 6 74 61 80 52 28 60 38 13 50 2 69 9 65 59 91 78 85 36 27 33 22 21 45 51 77 58 17 4 94 87 46 26 93 71 31 15 88 83 3 54 10 8 35 25 75 63 57 64 73 5 79 11 30 44 0 34 49 89 24 42 12 14 20 86 7 19 29 39 90 18 76 92 53 23 72 67 81 82 16 95 55 48 62 32 37 43 84 66 68 1 47 41
1 55 80 49 6 14 19 42 65 7 85 9 33 92 2 3 28 84 71 27 10 16 37 53 11 15 66 30 40 78 38 22 36 18 57 4 41 20 8 34 25 46 81 67 74 29 93 45 52 51 58 17 26 88 86 32 90 70 39 0 56 82 79 89 54 64 24 73 59 94 31 47 62 76 60 63 75 48 83 72 68 13 5 91 43 61 23 21 44 69 12 50 77 87 95 35
28 90 78 77 32 7 57 21 45 13 34 38 52 62 58 44 64 59 50 54 71 37 12 42 92 81 30 0 87 84 66 49 19 65 47 15 23 3 95 56 86 1 82 18 60 17 83 14 61 24 72 9 26 48 70 94 5 20 46 36 89 4 75 67 40 16 51 22 25 93 39 74 85 35 2 41 80 27 88 91 43 55 79 69 8 63 29 31 68 73 11 6 53 33 10 76
26 81 84 69 32 35 71 74 4 27 95 8 78 62 87 93 73 30 80 34 6 12 88 65 83 29 92 51 90 9 16 38 75 67 48 59 61 43 22 46 15 85 36 18 58 52 3 1 10 33 63 41 23 47 56 79 94 54 89 21 39 11 49 44 45 55 2 50 0 68 91 82 64 13 42 77 70 28 14 24 7 86 57 20 60 25 19 37 72 31 53 76 17 40 66 5
36 81 93 52 77 51 24 80 63 70 18 15 91 86 1 57 87 9 94 82 22 54 76 43 45 68 10 56 59 62 39 88 67 23 16 38 46 75 20 65 31 92 37 58 29 74 19 41 26 66 72 85 95 61 11 25 30 47 34 84 28 42 32 35 0 27 90 13 2 89 17 49 53 14 8 73 64 48 4 69 33 79 44 6 21 60 78 71 55 5 83 40 3 50 12 7
28 31 60 34 18 20 59 80 0 52 39 14 24 48 58 91 10 79 43 57 70 95 42 36 50 26 47 66 30 64 46 15 51 63 93 23 65 45 89 76 41 19 92 35 13 54 87 69 21 37 74 67 6 29 72 85 22 5 84 1 86 90 25 73 44 3 83 7 68 27 53 16 4 77 88 12 33 11 61 8 75 56 17 82 71 62 9 55 32 49 38 40 81 78 94 2
50 88 11 2 39 9 12 22 26 43 24 83 90 52 56 19 63 64 68 74 58 47 87 62 36 85 23 16 7 66 38 29 27 81 32 4 31 10 54 0 28 3 94 14 78 33 70 1 69 34 77 60 8 89 57 13 91 84 73 25 41 82 53 48 37 6 17 93 51 76 59 44 65 55 95 80 75 40 67 45 46 30 35 18 92 49 21 20 15 79 61 86 71 5 42 72
15 6 75 19 82 34 38 31 94 64 89 26 45 92 39 67 56 79 71 29 74 51 32 95 18 76 5 90 72 85 7 54 91 65 23 4 59 60 50 10 55 43 83 69 88 49 47 48 63 66 58 27 11 87 24 61 13 30 35 22 93 70 86 12 81 33 21 36 44 1 3 37 62 77 68 16 73 46 42 78 80 14 17 53 25 41 2 8 20 40 52 0 9 28 84 57
26 87 10 66 54 80 91 85 18 52 58 35 43 67 83 51 14 28 27 17 15 61 53 3 33 86 22 13 76 69 5 2 88 4 50 8 34 20 71 48 55 84 37 11 49 82 62 90 74 94 29 63 30 59 81 1 75 16 12 32 6 25 57 89 68 36 79 21 42 65 39 0 72 24 44 19 47 9 95 45 60 46 31 23 70 78 77 64 73 41 7 93 40 92 38 56
76 64 45 93 0 5 66 10 20 53 52 84 89 37 42 29 48 57 91 71 50 95 78 16 85 3 73 31 25 62 44 21 47 15 90 18 86 43 14 17 13 88 34 80 46 28 7 60 61 33 40 41 81 79 69 67 94 35 59 36 22 56 9 30 12 74 82 49 26 11 38 6 39 19 23 58 70 87 8 68 77 63 32 55 1 4 83 2 24 51 27 65 92 75 72 54
2 49 76 87 24 69 90 11 81 15 10 30 19 27 53 50 40 34 56 62 22 66 32 88 71 58 14 95 26 16 28 91 25 64 9 86 94 78 35 31 23 1 52 42 68 82 45 63 77 51 55 17 70 38 57 67 43 65 39 80 83 47 84 13 89 21 48 36 85 46 73 93 60 79 8 29 92 33 0 61 75 72 54 37 4 44 12 3 5 7 18 41 59 20 74 6
22 73 56 69 46 79 95 19 7 15 34 17 61 66 68 18 70 60 76 50 35 67 37 53 54 52 81 0 12 36 45 83 32 23 82 91 94 43 88 39 41 28 84 10 8 48 85 27 65 3 59 89 25 63 33 44 42 74 57 47 75 30 55 16 4 21 1 92 5 13 58 93 77 40 87 72 86 6 62 78 11 64 51 26 14 24 38 20 9 2 49 31 71 80 90 29
23 67 11 76 33 55 82 16 64 69 43 45 6 51 34 57 25 15 72 18 32 80 61 49 92 1 71 30 95 46 4 20 31 70 41 62 63 37 52 26 3 81 75 94 8 73 53 10 2 58 78 88 24 19 93 21 84 13 77 86 74 85 27 29 47 12 66 5 44 91 79 68 22 60 28 56 38 89 35 0 36 42 87 7 17 65 9 39 40 48 14 90 83 59 54 50
76 43 25 12 62 28 5 27 47 81 64 56 17 37 73 11 30 7 83 86 44 80 33 66 8 35 85 78 94 74 40 52 21 57 6 2 63 82 89 91 95 9 55 60 31 36 23 67 61 65 1 72 15 14 26 79 75 20 71 49 77 93 53 18 10 4 54 50 39 13 68 58 19 38 69 32 29 90 48 3 46 0 24 42 88 41 16 87 45 51 59 22 70 34 92 84
24 48 42 73 58 17 92 16 49 0 54 61 5 36 39 95 52 65 13 60 10 18 25 6 41 7 44 79 93 76 12 35 87 53 50 56 83 77 47 68 43 86 51 70 64 57 80 67 38 78 94 90 40 9 31 81 26 2 34 23 84 59 37 55 89 15 21 72 63 71 19 82 27 3 66 74 30 45 75 20 29 91 62 1 28 22 4 33 11 32 46 85 14 8 69 88
65 81 1 8 37 9 35 2 70 10 43 29 58 78 47 0 62 28 63 45 80 33 4 49 94 83 24 7 17 11 25 89 90 30 15 72 61 52 86 91 32 12 76 54 19 31 22 75 50 21 46 88 14 57 92 5 36 20 60 73 64 74 34 38 95 41 67 93 53 48 44 42 56 85 13 79 26 3 71 51 40 59 16 82 68 55 18 23 69 84 87 77 6 66 27 39
12 25 73 19 36 56 67 16 52 10 3 82 74 18 78 46 53 84 95 92 9 4 13 61 79 40 20 22 69 6 17 81 50 65 39 68 63 64 41 51 26 88 49 83 29 5 77 75 58 14 21 85 71 43 94 37 60 11 32 28 24 93 2 7 54 42 66 72 30 38 33 8 45 59 89 70 47 80 0 15 76 44 1 31 57 48 23 55 86 91 35 62 87 34 27 90
18 70 47 76 45 44 40 24 51 69 0 62 6 46 14 23 49 85 38 78 11 77 79 12 22 53 26 9 16 72 15 27 90 5 93 64 75 29 54 3 91 8 66 42 65 30 41 55 74 63 19 73 92 17 94 39 36 58 21 20 83 60 34 25 28 80 87 52 33 59 82 56 68 13 43 81 61 48 35 71 86 7 2 4 10 88 31 95 37 84 89 32 57 50 1 67
57 58 87 90 18 17 11 37 81 4 76 79 67 31 65 9 84 29 39 30 64 40 16 42 60 5 45 51 41 44 85 80 15 78 25 12 77 73 49 70 10 34 68 1 59 26 28 55 72 6 38 23 92 56 82 27 62 71 48 50 24 35 36 93 95 2 86 20 75 8 13 33 7 19 52 94 46 47 21 88 89 54 91 66 14 22 53 32 43 63 83 3 0 69 74 61
11 77 78 25 13 16 56 79 44 45 67 30 51 2 43 57 91 60 66 39 64 74 84 34 47 27 88 68 85 20 15 4 12 92 95 83 72 80 35 36 94 37 6 7 90 23 31 22 63 49 54 28 81 58 21 1 48 42 14 10 86 50 59 82 29 89 61 65 40 9 24 0 38 73 70 71 52 26 19 62 93 69 46 75 53 17 41 76 32 33 5 3 18 8 55 87
81 85 83 5 20 65 76 37 78 57 79 15 46 93 11 60 47 91 44 84 77 8 69 28 40 24 7 31 6 32 19 90 82 26 75 18 58 73 10 63 35 55 43 9 34 89 62 27 45 64 80 49 70 14 33 39 52 0 53 50 61 74 29 16 21 2 42 54 12 4 94 1 3 48 68 66 51 36 86 22 41 67 25 72 13 95 17 56 88 30 92 23 71 87 59 38
55 69 60 95 51 71 70 94 33 18 6 77 28 89 36 30 43 75 82 44 87 66 24 57 80 92 50 3 83 81 42 5 78 22 2 48 9 23 38 76 54 34 84 88 13 73 29 7 32 40 20 85 12 21 56 37 0 14 15 52 67 16 4 11 27 58 64 63 25 31 45 93 10 17 59 65 62 26 41 68 46 79 90 1 49 8 72 39 61 53 74 35 91 86 19 47
9 16 45 55 46 17 15 53 58 33 84 39 24 12 2 19 93 47 62 35 77 89 65 90 70 13 75 66 34 0 42 76 60 83 50 82 11 88 74 1 36 57 85 30 20 94 3 4 92 59 44 5 86 68 7 31 10 81 64 23 73 91 71 27 8 69 38 61 6 72 79 48 28 56 51 29 32 80 41 21 95 63 22 26 18 40 14 67 87 37 54 49 52 25 78 43
0 3 87 68 57 65 17 32 82 69 92 29 22 4 71 51 27 49 5 59 83 45 39 72 16 20 38 10 40 47 91 19 2 60 90 62 18 63 66 37 85 30 55 36 67 11 26 44 43 9 34 86 79 24 56 7 33 28 80 41 74 6 48 89 73 50 8 46 54 21 64 42 25 23 81 93 1 78 53 13 61 88 95 77 94 76 84 58 52 31 12 14 70 35 75 15
87 45 86 35 85 60 36 71 93 50 28 65 16 0 38 37 1 51 33 67 11 3 32 75 95 70 73 29 81 44 18 90 92 76 12 42 79 82 61 54 43 8 30 47 31 40 77 89 2 57 13 21 63 58 83 52 78 46 39 15 56 91 69 26 10 9 34 59 27 72 49 80 41 14 23 25 19 17 53 24 48 94 22 7 64 62 55 84 5 68 20 4 6 74 66 88
30 73 49 5 60 8 70 47 74 75 66 78 64 59 38 67 43 52 23 2 91 55 18 31 4 27 10 63 26 0 69 29 45 92 82 34 25 72 62 22 17 1 80 89 61 37 81 15 84 95 53 94 51 32 19 86 48 21 11 79 7 42 68 58 54 14 88 44 39 24 9 41 35 50 90 13 77 57 3 33 83 65 85 12 40 56 46 28 71 87 93 20 6 16 76 36
64 84 82 53 86 71 33 42 83 29 81 67 63 70 91 49 20 36 2 16 0 13 79 40 69 45 89 62 12 72 4 65 15 95 48 8 14 19 74 5 87 37 17 51 39 52 77 26 78 32 18 27 88 92 56 22 34 30 9 6 50 31 25 7 24 44 76 58 59 23 43 35 55 28 46 75 11 60 90 3 38 85 54 66 68 80 94 10 21 93 57 41 61 73 47 1
91 27 8 66 74 67 12 24 46 43 61 92 87 11 65 16 44 70 5 59 75 85 64 53 33 15 94 69 3 22 37 93 36 4 41 48 95 6 28 14 19 79 21 20 9 1 90 45 49 47 88 50 78 60 2 38 25 54 0 17 82 73 13 39 57 35 84 58 30 83 68 52 89 34 72 71 10 51 63 26 62 40 29 31 42 86 56 32 77 80 23 7 76 81 55 18
54 7 73 58 15 81 87 76 41 31 47 28 6 3 48 86 18 64 0 10 23 37 85 53 40 51 36 62 71 78 69 30 44 89 83 2 25 60 95 5 70 91 82 43 45 65 52 12 17 61 35 9 49 92 20 72 16 68 13 57 77 26 67 39 90 84 11 93 55 24 29 94 74 27 56 1 66 14 59 80 34 88 4 50 79 38 32 22 42 75 46 8 21 63 33 19
24 33 10 74 55 3 85 92 29 26 89 14 56 82 67 83 48 87 8 52 80 93 81 28 16 40 47 75 39 30 63 95 18 13 86 77 50 41 27 69 90 91 15 72 44 61 1 6 94 46 45 37 38 68 7 35 32 57 73 53 64 11 54 79 31 21 88 34 62 0 65 70 43 23 12 60 2 19 36 22 17 84 5 49 66 9 4 76 78 71 25 58 59 51 42 20
