73 48 79 75 54 51 33 8 90 1 21 38 29 26 80 34 42 71 14 11 16 56 64 32 45 50 19 63 85 4 10 22 15 87 66 37 92 83 58 57 89 70 77 23 44 17 68 49 72 81 93 47 7 62 82 95 76 20 86 94 12 78 61 41 74 52 27 67 5 3 59 36 13 30 0 35 91 24 39 25 9 69 53 6 43 2 18 55 88 31 40 28 65 46 84 60
26 64 23 90 52 45 15 50 57 7 60 16 31 40 10 72 56 48 86 91 82 77 68 39 58 9 55 70 37 22 5 30 71 93 61 94 54 95 46 76 78 13 83 8 0 6 47 32 51 29 21 34 14 74 28 17 88 53 62 41 20 12 87 38 66 18 4 67 42 11 43 65 73 69 59 81 85 49 63 92 24 33 44 84 89 1 80 27 3 36 2 35 79 19 25 75
73 87 47 13 94 33 91 81 10 66 92 1 75 18 6 14 49 72 4 28 40 55 89 17 39 46 69 21 56 77 65 43 7 83 8 20 95 59 51 11 85 12 24 42 74 41 31 57 44 50 48 2 16 45 78 19 37 38 90 71 22 5 61 27 53 82 58 25 88 63 84 3 67 62 76 52 34 9 36 29 80 35 86 60 93 32 70 54 30 23 64 79 68 26 0 15
30 75 76 59 55 49 90 73 0 82 26 51 24 72 36 42 65 10 41 8 11 83 29 50 32 81 54 46 57 89 23 22 91 21 70 5 39 40 92 68 19 33 13 28 44 69 27 88 34 47 78 45 94 62 20 85 3 31 86 67 15 95 25 43 61 1 38 12 93 79 18 17 14 74 9 48 66 84 35 37 64 2 77 52 71 58 56 60 6 87 80 16 4 7 53 63
4 48 88 21 72 87 27 2 75 29 93 36 3 24 1 13 20 6 67 26 28 90 61 22 7 14 80 56 32 18 50 12 91 81 60 34 59 17 84 79 38 66 49 51 54 94 30 35 40 76 53 64 11 10 57 25 19 23 46 68 39 43 47 0 8 33 42 16 55 71 5 95 69 65 52 37 31 15 89 58 83 70 77 78 85 73 92 45 63 82 86 44 74 9 62 41
39 90 62 59 4 93 7 75 32 10 19 35 55 77 53 70 6 9 69 41 43 81 25 89 88 66 80 63 68 52 28 47 82 76 79 78 37 34 11 13 45 27 91 38 87 84 44 1 50 95 5 31 36 85 21 57 16 23 3 65 71 8 20 2 72 22 58 73 51 48 17 40 42 46 94 67 29 83 0 49 15 14 61 86 33 24 18 64 74 12 26 56 60 92 54 30
61 33 73 7 3 64 29 31 66 54 59 81 85 93 20 6 18 60 24 10 38 40 9 83 17 35 47 67 58 16 48 89 12 63 88 41 50 74 94 71 84 77 82 55 70 52 26 44 91 69 14 34 86 4 57 46 51 72 95 28 78 76 32 11 0 87 1 62 30 15 79 19 42 22 53 80 65 68 45 56 27 13 36 21 5 23 37 39 8 90 25 43 75 92 49 2
90 74 30 65 14 36 51 56 66 35 67 89 9 27 31 93 64 59 8 73 60 95 69 43 54 37 70 68 29 57 23 49 2 44 0 79 53 94 33 28 25 12 4 3 87 38 21 17 78 80 81 77 76 83 63 32 46 34 71 42 10 18 72 48 41 86 45 85 22 39 24 61 58 50 1 40 82 20 26 13 88 15 52 16 11 7 75 62 84 55 47 5 19 92 91 6
14 67 86 64 3 37 76 69 27 23 6 66 65 24 94 22 9 85 31 71 47 8 26 13 81 32 21 77 61 84 43 4 1 74 59 55 0 41 36 88 5 82 87 62 68 49 42 10 80 54 30 48 72 51 78 83 73 7 89 53 56 44 20 40 34 90 28 11 79 33 29 58 2 25 95 52 35 57 75 38 18 15 60 93 12 63 46 92 17 39 91 70 45 16 19 50
22 53 24 47 54 31 88 85 61 45 25 16 39 51 0 27 28 62 59 67 1 83 34 15 42 58 48 21 69 92 66 63 12 17 55 74 35 77 78 65 41 50 46 38 84 64 72 56 6 82 23 52 79 36 9 94 20 60 4 43 49 30 81 32 40 70 7 10 80 91 93 57 13 8 29 71 3 2 33 18 26 11 5 95 19 75 87 68 14 44 73 90 86 76 37 89
26 64 81 72 46 73 25 24 1 45 65 51 7 15 52 75 86 28 16 14 36 88 53 31 41 50 39 30 17 59 55 19 78 33 5 20 95 92 94 89 57 56 71 0 69 82 60 90 18 91 3 63 2 68 9 8 47 32 13 34 12 74 10 23 66 85 49 61 70 83 76 6 42 79 29 38 4 43 11 80 48 35 54 40 93 21 44 87 62 27 84 67 22 37 58 77
34 63 41 21 9 36 67 15 37 18 17 44 40 20 94 84 53 26 28 90 73 13 51 22 89 61 60 91 47 7 76 65 70 38 66 92 48 78 19 16 59 45 88 6 25 83 33 1 62 69 29 95 10 52 79 81 35 74 24 2 77 5 50 27 46 23 72 56 32 54 57 0 42 49 8 58 12 11 31 87 3 4 30 64 71 85 80 93 55 68 86 82 39 43 75 14
73 51 28 77 69 72 30 55 16 14 65 37 24 70 9 64 66 94 35 29 45 82 47 86 42 32 68 83 89 23 92 85 52 48 13 4 79 87 46 61 31 75 40 26 10 78 41 71 62 59 43 81 74 25 2 91 36 57 93 50 38 53 8 44 80 3 17 22 33 58 21 12 7 1 95 20 54 27 15 60 67 76 63 84 6 19 56 39 90 34 88 18 0 5 49 11
9 64 93 81 79 75 30 1 3 76 68 53 46 69 84 63 70 36 41 38 13 26 29 39 23 44 18 48 15 10 61 32 67 42 37 57 4 7 94 72 73 34 56 83 66 20 2 31 90 89 8 12 51 77 71 6 33 88 22 40 47 43 78 62 52 58 65 28 35 82 5 60 16 92 49 50 85 87 91 14 25 59 54 45 19 0 55 11 95 21 86 24 74 17 27 80
48 20 36 77 16 46 23 93 28 13 37 85 26 80 30 66 74 86 22 81 87 47 31 92 8 61 45 78 59 29 43 19 17 27 39 34 56 52 65 51 32 40 55 33 12 53 1 90 50 3 0 89 24 49 7 88 71 69 57 38 94 42 10 60 2 58 79 75 91 5 54 72 63 35 73 84 95 25 83 4 64 14 15 62 6 44 67 82 18 68 41 76 9 11 70 21
24 54 67 75 25 48 52 64 29 28 94 45 57 47 10 2 41 81 51 32 33 22 83 0 37 46 13 63 86 34 31 39 60 78 92 53 35 89 93 95 11 85 9 40 36 43 73 8 91 14 55 30 49 12 76 58 17 26 42 27 77 44 72 88 15 61 56 70 19 87 3 4 5 62 69 65 74 1 79 23 18 80 16 68 20 90 7 71 38 82 84 59 50 21 66 6
17 59 90 14 9 92 11 27 62 82 87 30 74 64 61 5 23 37 56 28 49 35 51 1 52 43 79 4 41 55 83 75 18 93 78 44 40 13 21 53 58 95 38 89 6 85 48 24 8 12 33 69 91 67 71 19 70 36 26 94 3 84 15 76 31 77 54 57 80 73 47 66 50 20 68 32 86 65 10 46 81 34 39 45 2 72 42 29 16 22 60 88 63 25 7 0
31 32 42 67 37 36 91 20 60 68 53 39 46 35 93 80 7 18 1 23 30 75 92 74 84 83 63 79 29 16 76 77 47 38 86 48 44 52 94 10 59 61 55 3 4 33 57 71 2 22 25 72 40 69 70 17 12 81 85 87 89 26 8 54 64 6 51 45 88 0 43 27 24 78 50 13 21 90 19 62 15 5 14 58 66 65 56 82 95 73 9 34 41 49 11 28
6 20 74 1 83 44 67 22 33 3 75 32 15 76 7 66 71 43 46 4 82 14 40 28 42 68 0 64 10 27 54 21 31 52 37 29 93 79 55 65 62 61 78 95 60 8 11 39 91 70 25 50 73 87 47 2 26 85 88 59 56 90 63 94 24 89 41 77 51 36 30 12 86 23 18 53 69 13 57 45 80 81 9 92 84 34 38 17 16 48 72 58 49 35 5 19
2 15 65 8 78 86 81 3 79 11 60 48 39 13 0 70 72 90 47 4 83 31 87 82 50 75 73 30 27 66 88 59 54 91 42 41 57 12 95 84 7 19 9 16 74 45 85 14 93 37 6 25 29 67 77 24 53 89 36 55 92 64 94 22 1 23 62 69 32 58 34 49 52 38 10 44 20 43 46 40 28 80 21 51 63 18 61 56 26 33 68 71 5 76 17 35
72 17 19 68 21 46 37 61 35 36 45 66 74 4 88 89 30 77 95 79 11 0 38 27 53 71 93 59 8 85 2 31 49 86 51 57 70 50 16 23 90 55 28 84 29 34 58 3 52 48 13 92 6 64 7 65 78 67 14 44 40 87 41 73 56 69 47 1 80 18 82 15 33 83 9 5 91 39 60 63 75 20 10 12 26 94 22 32 25 43 54 42 62 76 24 81
29 52 90 24 5 59 79 35 2 75 88 57 42 80 47 4 40 95 26 15 73 46 78 63 70 10 8 31 68 48 6 74 41 69 45 33 9 22 60 77 58 91 18 86 51 65 71 89 54 28 83 27 85 32 11 7 16 25 53 67 12 61 66 92 30 19 84 56 39 1 21 81 20 44 13 87 3 43 49 50 37 36 14 72 55 17 82 64 94 93 62 76 23 34 38 0
1 88 13 10 40 63 59 36 86 9 16 77 64 15 39 62 34 44 47 92 93 80 8 45 32 12 4 43 72 54 49 24 27 67 28 48 51 78 25 5 68 70 46 81 57 56 18 31 82 21 61 83 6 7 58 94 73 0 37 79 11 35 74 91 22 23 90 53 42 19 30 89 14 33 75 84 76 17 3 50 65 29 95 66 38 26 2 52 55 41 60 71 85 87 20 69
36 90 25 93 64 9 57 43 40 56 77 27 13 61 54 70 95 94 50 53 84 74 45 82 29 69 30 72 12 33 4 8 92 15 75 55 48 87 10 21 14 32 47 66 46 67 18 39 86 58 51 59 71 89 23 78 80 19 16 7 88 44 76 2 5 34 79 65 41 42 73 24 60 38 49 20 37 63 6 31 22 11 35 28 91 17 0 81 83 85 52 3 62 68 26 1
75 39 27 58 85 46 32 3 67 1 49 71 19 73 60 70 65 82 76 68 89 21 20 88 40 35 15 36 74 23 28 7 55 2 38 78 47 93 10 42 61 31 87 29 41 11 79 86 92 69 13 0 50 18 95 62 81 22 30 59 43 80 6 17 8 4 26 51 91 16 14 66 52 72 53 33 24 57 64 25 84 12 45 48 77 54 83 56 37 34 9 94 44 5 63 90
41 86 51 64 11 27 36 94 60 23 43 56 0 40 17 46 88 83 12 62 58 5 21 89 44 33 85 57 48 37 38 59 68 29 71 10 4 45 52 80 79 82 9 72 1 47 39 28 13 25 81 49 8 75 30 31 55 35 26 78 54 2 63 50 19 67 90 34 7 15 93 87 20 6 69 74 18 3 24 91 42 95 76 22 66 70 16 84 77 73 92 53 65 32 14 61
92 2 94 6 60 91 4 80 31 13 35 54 88 66 37 93 27 85 65 62 73 24 75 23 10 40 30 22 19 76 5 90 95 87 57 89 45 86 55 11 68 70 18 78 0 3 9 74 82 47 36 17 12 81 32 1 83 38 63 50 44 33 15 77 25 29 28 52 71 34 21 51 49 43 39 46 56 69 61 67 58 41 7 72 26 42 14 16 64 8 59 53 20 79 48 84
91 62 32 35 0 16 72 58 73 61 81 77 24 36 76 7 71 78 63 94 29 68 47 53 69 85 38 48 86 12 10 8 49 84 52 40 67 56 41 28 33 21 31 15 25 17 70 60 82 42 14 80 88 34 66 46 23 87 26 75 4 79 90 55 65 20 59 30 9 44 22 3 6 19 43 2 54 13 39 18 57 83 1 27 74 95 92 37 11 64 93 89 45 51 50 5
4 36 3 21 9 16 75 27 20 10 8 87 52 68 0 94 1 63 76 34 39 85 40 7 53 30 47 80 93 62 6 89 12 92 86 17 83 64 78 55 26 67 24 77 22 5 70 37 91 18 88 46 2 74 11 32 33 79 14 90 45 19 57 73 48 13 60 61 49 28 23 44 72 82 25 71 95 41 81 66 69 59 43 58 38 35 50 65 51 15 42 84 29 56 31 54
51 53 68 10 21 26 8 92 62 54 17 84 80 34 18 41 20 81 44 35 7 69 48 91 88 49 33 42 78 90 70 22 32 77 36 93 45 83 46 14 94 89 23 75 2 52 79 47 27 86 0 66 16 39 74 61 4 24 55 59 25 40 87 65 13 85 82 9 38 11 30 12 29 71 57 73 3 31 37 64 60 95 28 63 1 76 5 15 50 19 6 72 43 67 56 58
68 51 24 30 50 76 82 17 1 95 23 88 15 56 19 27 39 31 33 41 42 11 86 72 5 83 36 37 79 92 57 20 84 61 85 7 75 66 22 32 12 65 26 6 44 80 64 53 73 77 25 40 71 10 90 28 4 14 49 67 47 91 52 78 58 8 21 13 2 18 70 55 0 69 60 9 46 34 89 38 93 45 62 54 63 48 35 3 81 87 74 94 59 43 29 16
82 86 74 79 12 27 4 67 34 19 29 76 52 43 90 69 38 70 81 85 87 65 8 71 23 91 6 80 17 64 16 66 30 59 92 31 56 7 50 83 54 44 78 46 61 88 35 60 72 32 75 63 33 95 24 68 25 89 9 11 84 3 41 40 21 45 93 18 55 10 2 39 37 28 58 51 0 77 47 1 26 57 49 94 22 48 5 20 42 15 36 13 62 73 53 14
37 39 68 14 18 66 58 42 85 46 48 54 51 19 40 63 31 4 56 52 43 83 55 0 82 90 26 28 79 89 87 36 9 88 80 22 35 41 94 95 1 29 44 70 23 69 74 81 5 15 92 78 77 13 30 34 65 59 71 57 93 64 76 12 47 84 20 21 75 60 45 3 62 91 53 50 61 73 49 86 38 7 17 6 32 25 11 27 10 72 33 16 8 24 67 2
74 60 33 89 8 23 1 31 66 22 15 57 0 75 52 6 7 87 17 58 62 76 42 95 56 16 72 21 48 41 19 36 82 28 49 51 53 24 12 94 20 26 34 45 73 43 18 79 90 10 67 63 54 68 59 92 9 47 39 71 32 65 46 93 14 40 11 25 4 80 77 2 55 70 29 27 61 88 83 44 5 3 86 35 84 38 85 37 64 69 50 30 91 81 78 13
90 73 91 10 84 42 33 58 25 8 45 27 22 87 34 93 13 24 39 16 59 54 53 41 75 23 55 92 1 79 3 21 67 18 32 47 20 88 95 40 17 64 80 14 46 61 9 5 44 85 63 49 12 37 29 4 69 52 60 56 19 94 74 26 48 15 65 76 0 71 57 77 11 70 68 35 7 83 86 82 2 89 31 78 66 6 50 38 72 28 43 51 62 81 36 30
49 68 93 18 72 32 11 70 31 81 80 65 64 75 36 91 67 73 85 19 26 46 92 10 69 9 16 28 82 94 95 6 0 40 1 4 27 90 29 12 89 25 3 74 38 77 37 83 53 86 63 24 79 2 76 50 87 56 47 57 7 5 13 43 23 61 33 35 21 66 59 30 88 62 51 15 34 58 44 60 17 20 84 48 78 22 45 14 55 39 71 52 41 8 54 42
49 41 75 94 51 63 44 95 12 54 21 28 55 36 0 45 85 52 76 27 89 17 73 60 7 62 67 24 31 46 9 25 48 58 33 90 59 91 15 72 74 70 64 23 92 22 3 56 18 40 71 77 42 82 5 78 39 13 86 35 6 10 88 11 57 80 84 66 14 53 34 68 50 37 16 29 2 87 47 79 65 8 61 81 32 93 38 1 83 30 19 43 69 4 26 20
58 50 26 67 55 30 34 23 24 48 19 21 74 68 42 63 54 38 95 88 91 36 47 11 13 4 76 8 14 92 29 43 65 71 16 56 51 84 61 6 93 15 53 73 45 70 35 66 90 57 28 85 81 69 17 10 62 49 80 72 7 27 86 33 31 40 46 32 5 0 3 60 1 44 41 75 59 20 94 37 83 87 89 9 79 12 2 25 77 18 64 39 78 82 22 52
30 50 67 4 1 12 83 82 25 15 35 31 75 73 80 11 69 16 62 21 40 34 60 14 77 61 84 68 86 3 7 0 41 79 71 59 49 70 38 13 52 88 19 44 37 10 72 51 87 74 64 55 8 57 63 36 90 58 89 56 93 43 46 53 9 5 2 32 45 81 18 20 92 47 66 17 24 78 54 22 33 42 48 65 95 6 39 26 76 28 23 91 27 29 85 94
6 49 5 81 89 71 80 44 83 65 11 60 15 56 35 39 84 53 7 94 69 0 86 77 12 13 2 59 3 8 85 90 62 61 66 47 91 75 88 9 37 40 1 70 31 27 46 63 74 20 21 33 29 14 28 26 87 93 41 23 18 30 10 95 64 58 55 43 79 73 4 38 50 17 19 82 52 45 72 36 57 78 42 48 54 32 68 92 51 67 76 16 25 34 24 22
61 47 1 73 39 35 79 17 20 45 42 90 15 34 83 41 12 49 62 50 95 80 59 40 71 37 64 43 21 91 93 48 30 38 5 33 31 81 52 25 0 86 9 16 8 36 53 65 55 26 24 82 76 77 3 87 44 74 10 13 70 68 11 4 60 75 85 88 58 32 14 72 89 27 78 66 92 63 18 19 57 69 22 23 46 2 29 56 84 94 54 7 28 6 67 51
2 45 95 40 0 71 42 5 90 43 36 48 79 86 21 33 46 92 29 47 81 66 19 34 57 85 75 83 51 8 3 49 38 88 13 63 93 35 37 44 53 55 50 28 31 61 89 22 64 23 80 10 17 1 7 82 65 73 74 16 84 91 9 69 14 4 20 30 78 52 15 11 41 60 58 54 77 32 39 67 56 59 94 68 25 62 72 76 26 70 24 12 6 87 27 18
66 69 77 17 55 33 41 26 28 74 75 79 14 64 60 36 39 82 76 25 6 81 37 70 56 83 51 91 67 29 20 0 52 88 32 1 68 22 45 84 50 57 87 40 54 10 19 23 38 47 92 61 78 86 12 8 65 31 49 16 4 90 18 59 3 11 30 24 7 53 71 85 89 13 93 5 48 15 27 58 95 21 63 73 80 9 72 2 94 62 46 35 42 34 44 43
19 79 46 73 63 78 29 75 53 43 21 80 49 33 61 7 83 55 39 10 48 15 86 42 87 76 30 50 45 20 28 70 90 27 24 41 9 66 11 6 85 52 36 89 91 69 2 1 57 18 23 14 82 13 67 5 77 88 71 65 93 64 32 72 68 25 74 12 22 38 35 3 59 56 16 58 95 47 92 26 62 37 54 0 8 51 44 34 17 40 94 4 84 60 31 81
8 55 74 32 49 11 22 80 14 30 27 19 68 24 41 51 16 56 77 5 57 13 70 20 21 25 35 72 10 31 17 38 40 93 67 58 26 34 3 63 18 59 95 90 66 69 61 4 33 78 91 7 65 81 60 36 84 47 92 76 52 46 43 73 53 62 50 42 48 37 29 15 71 12 79 54 75 87 1 0 28 6 94 39 64 85 82 88 44 9 23 45 2 89 86 83
24 25 70 61 39 67 33 87 30 41 36 74 47 28 73 57 4 63 88 12 43 23 85 10 52 3 26 2 71 82 37 65 91 77 60 22 29 93 53 1 17 9 18 42 59 94 78 68 31 20 16 66 34 84 56 6 83 21 13 58 32 40 5 76 80 95 15 8 35 90 86 54 81 69 75 92 55 45 62 49 89 79 64 72 38 19 51 11 27 46 44 0 14 48 7 50
42 43 54 17 84 16 89 81 27 58 7 37 78 12 91 47 40 22 25 45 57 2 64 21 62 44 52 53 30 26 18 68 4 48 35 90 46 60 76 59 24 95 51 9 28 75 10 93 15 36 0 13 74 79 56 94 87 55 70 20 11 39 29 63 3 6 41 31 85 83 19 88 72 14 80 82 49 77 34 33 71 86 66 92 23 65 32 5 38 73 67 8 50 61 69 1
11 95 74 58 63 16 46 40 68 38 35 91 13 60 45 23 14 27 52 51 39 26 31 12 41 86 53 70 8 87 81 93 7 77 66 2 73 83 17 50 19 55 89 85 36 78 15 67 9 28 5 24 69 33 59 76 71 84 64 1 18 32 80 48 75 10 34 88 94 44 62 49 79 42 54 37 0 25 6 65 92 20 72 43 57 47 30 61 3 82 29 56 4 21 90 22
2 18 49 92 79 10 44 4 78 47 6 26 61 69 11 53 1 90 9 58 89 31 48 73 41 51 86 28 71 21 25 72 8 20 29 52 84 57 40 54 0 63 59 34 82 13 80 33 74 50 24 65 94 3 17 91 35 77 93 56 38 83 23 14 67 19 70 30 75 85 15 66 7 42 5 45 43 62 37 81 32 39 87 95 16 46 88 12 60 68 76 55 36 27 22 64
11 8 53 16 42 49 84 28 36 22 85 5 94 26 44 29 64 21 61 72 7 67 14 6 60 68 73 75 31 93 89 74 25 24 55 32 66 95 46 9 30 20 40 19 41 38 45 62 88 58 39 56 70 65 83 77 91 54 37 50 43 86 12 82 90 23 47 71 79 92 69 76 13 27 33 3 57 80 35 52 2 10 0 51 1 4 63 18 48 15 34 59 78 87 81 17
81 58 70 7 17 22 32 44 76 19 1 31 26 16 33 51 82 95 24 63 12 55 27 20 28 84 71 18 21 59 77 14 49 43 87 86 89 52 62 41 72 67 54 90 10 60 68 25 40 4 79 37 34 78 45 93 69 85 15 36 47 83 8 2 73 35 9 75 92 64 0 53 50 61 91 3 38 74 29 56 66 94 46 13 6 57 88 65 5 11 42 23 80 48 39 30
22 40 76 94 43 62 13 1 81 67 3 59 41 26 89 54 65 39 91 11 78 85 82 84 7 58 6 29 9 56 10 24 2 86 20 69 42 38 35 64 5 15 80 87 0 77 30 14 57 17 75 21 4 48 66 74 33 79 88 68 92 25 61 63 44 37 34 95 60 46 53 12 51 70 71 28 90 72 8 32 23 50 27 73 18 47 55 83 49 19 93 45 31 16 36 52
12 2 81 11 51 83 32 78 8 6 79 69 41 68 1 80 25 86 92 90 70 31 59 50 87 18 15 85 29 14 64 23 52 46 4 39 35 84 93 73 16 0 71 47 43 58 94 24 36 21 33 17 13 72 91 20 27 60 10 95 5 89 7 53 42 22 34 75 61 45 63 62 26 74 55 57 66 30 88 9 76 19 77 48 38 67 28 65 37 44 56 40 82 54 3 49
52 95 5 72 50 62 49 30 89 87 44 10 63 67 76 55 28 34 57 65 68 46 74 41 1 22 21 2 47 42 37 83 53 51 86 69 77 12 58 85 27 82 61 4 93 71 32 78 73 54 91 70 92 25 84 80 64 48 3 18 8 40 16 90 35 31 33 11 20 19 0 56 39 17 59 38 60 26 36 43 45 23 66 14 7 75 9 13 88 6 81 24 79 15 94 29
15 25 11 81 5 53 9 65 76 73 82 71 56 29 64 89 63 19 7 52 14 75 79 58 80 51 17 88 26 62 34 84 78 36 66 83 60 37 77 6 27 94 90 35 39 4 28 38 85 57 13 21 12 32 33 31 40 55 70 8 69 45 20 59 22 87 44 86 30 91 18 16 47 68 41 67 1 48 72 42 23 95 92 2 3 10 74 46 54 61 43 0 93 50 49 24
43 28 13 73 53 42 48 86 58 63 64 82 61 7 47 35 30 14 22 31 46 80 44 84 79 17 56 66 81 9 12 89 68 29 76 60 85 3 71 38 4 18 36 95 25 37 67 34 55 52 8 15 0 26 91 65 54 74 49 6 83 2 51 19 92 87 5 70 93 50 20 39 45 72 1 69 94 88 90 59 33 41 32 21 78 27 10 57 77 24 11 62 23 75 16 40
17 2 10 39 3 22 14 7 81 49 94 72 51 91 12 24 34 35 68 73 89 86 18 11 77 76 37 33 64 65 23 20 45 4 47 67 56 92 52 28 31 83 50 19 48 29 8 87 53 75 74 69 30 42 60 66 27 55 54 43 38 15 32 88 90 82 36 0 95 84 79 57 78 85 21 1 70 71 6 62 26 16 63 5 93 40 41 80 61 25 46 58 9 44 59 13
10 71 59 58 75 3 83 43 60 72 61 12 36 17 31 69 40 20 87 55 33 67 93 46 37 57 28 13 64 29 19 86 34 74 50 89 85 82 35 38 77 95 7 90 14 26 92 0 62 23 32 78 54 15 44 1 27 65 56 84 88 47 24 81 53 94 6 22 21 68 25 9 79 91 48 30 18 80 2 11 8 42 5 73 52 39 76 45 66 4 70 63 41 49 51 16
2 27 68 76 39 25 44 41 55 3 95 50 69 88 71 48 15 86 92 82 16 64 65 32 10 7 53 34 45 37 66 1 0 93 17 12 83 36 18 5 38 52 63 61 35 9 67 23 22 81 51 75 94 13 19 77 20 42 73 49 28 54 26 62 31 4 59 30 58 14 43 89 90 11 6 72 56 24 74 21 33 87 29 84 85 91 8 57 79 60 46 47 78 40 70 80
59 90 53 94 9 21 33 78 32 17 87 2 45 67 73 23 20 60 44 62 39 88 76 10 81 31 79 7 72 95 51 70 48 34 4 86 61 93 77 15 47 56 84 43 35 71 58 38 19 28 89 57 69 6 80 83 3 30 49 8 42 11 52 41 63 29 1 18 22 36 46 37 26 74 5 66 92 24 55 14 85 64 12 75 82 65 25 0 50 27 40 91 54 16 68 13
93 42 79 20 89 95 19 54 78 72 41 16 63 66 52 47 30 4 46 17 28 23 91 83 22 92 49 3 18 53 31 24 80 69 62 76 43 33 70 77 90 73 67 35 37 45 86 1 36 57 87 21 5 39 38 7 88 29 9 75 48 40 56 85 81 10 68 8 34 71 61 51 27 25 58 59 26 64 84 0 15 13 2 74 94 55 6 65 32 60 50 82 44 12 14 11
41 91 18 29 4 78 61 59 57 75 53 49 88 71 77 32 74 9 28 50 38 30 81 65 55 84 68 10 85 3 31 86 80 60 48 24 8 13 95 21 92 14 34 25 63 93 22 5 36 47 44 72 12 66 67 79 70 19 40 17 58 82 94 23 52 26 20 33 7 1 62 11 15 35 43 64 56 42 73 89 87 39 90 76 16 6 45 46 27 2 83 54 0 37 69 51
72 88 3 78 90 86 13 62 52 57 79 66 29 73 65 11 68 33 91 19 64 6 15 82 70 42 31 69 89 22 41 44 60 23 74 61 30 9 59 55 48 49 10 43 75 34 46 92 16 47 35 93 24 54 53 17 32 87 76 12 71 81 37 83 50 2 94 77 80 21 8 67 4 84 40 38 56 51 95 20 5 28 36 7 0 85 58 18 14 45 25 1 27 63 39 26
25 41 11 33 23 31 0 68 16 65 83 53 88 20 30 6 84 80 79 17 61 57 91 86 46 89 62 19 82 13 74 12 4 14 51 56 2 47 37 75 40 69 44 77 34 94 92 9 29 8 64 81 27 10 3 32 15 71 42 76 55 70 59 90 73 7 39 87 45 43 48 26 28 50 18 63 72 54 60 21 36 78 66 67 5 22 35 93 38 95 24 1 52 49 85 58
45 75 32 48 34 68 67 84 58 13 7 63 39 72 42 12 33 88 27 44 28 69 56 79 65 20 66 86 31 8 51 85 47 93 94 74 0 4 18 38 50 24 15 62 22 71 46 25 77 57 29 35 59 5 92 80 52 91 54 17 1 89 36 87 90 53 26 49 40 10 70 61 60 14 83 81 11 19 41 64 76 73 21 55 3 43 6 78 82 30 95 2 9 16 23 37
12 26 95 6 94 76 75 64 51 83 84 65 44 91 7 46 53 22 34 40 43 20 32 28 50 24 92 81 86 10 16 21 42 49 54 79 71 67 38 3 47 89 59 74 48 73 80 61 72 33 90 8 56 68 2 58 88 70 36 62 63 17 78 23 93 39 85 9 55 15 52 77 13 41 11 5 57 69 35 25 45 29 27 60 30 82 1 4 66 37 31 87 19 18 0 14
90 37 68 50 85 62 0 48 39 29 86 47 79 9 5 33 55 81 92 63 23 87 58 71 93 84 78 2 66 77 18 41 1 27 59 36 26 53 14 40 56 65 17 3 88 46 70 89 73 12 49 21 94 42 52 15 72 32 24 4 11 10 51 76 7 43 25 54 35 67 19 8 80 60 95 82 13 45 31 30 38 34 61 20 83 22 16 57 6 69 28 44 64 91 75 74
58 94 24 50 90 82 77 69 49 29 28 72 36 74 41 88 93 44 26 34 91 52 65 73 48 5 61 31 30 33 9 83 84 4 15 14 45 16 81 53 42 32 35 68 79 75 80 59 39 46 3 47 55 57 87 76 0 71 10 40 78 51 89 38 17 85 19 18 70 2 37 27 43 12 67 8 7 23 11 13 21 20 95 62 1 86 22 63 25 60 66 6 64 92 56 54
43 25 75 33 35 53 32 12 11 84 26 77 8 4 15 79 58 28 51 65 46 90 91 47 72 73 81 39 88 7 2 34 3 27 83 30 50 92 40 87 19 85 24 61 18 67 93 70 76 68 38 13 31 86 74 20 66 37 69 63 64 29 55 21 48 62 60 5 10 44 45 56 95 52 14 59 94 0 16 71 82 54 9 42 89 36 1 78 17 23 49 22 80 57 41 6
40 36 37 19 61 17 21 60 25 16 62 71 82 77 26 28 54 70 73 52 47 81 68 6 88 30 79 39 50 8 4 55 45 58 67 94 53 56 35 49 74 91 32 87 90 57 80 85 33 46 11 44 93 38 92 95 43 63 86 64 84 51 31 10 72 75 89 2 69 27 20 22 7 66 9 3 48 65 12 29 83 5 76 42 13 15 23 18 78 24 0 1 14 59 34 41
61 70 63 78 40 84 29 66 46 76 20 88 48 62 56 35 93 15 86 34 42 94 3 91 13 26 10 32 31 53 9 6 14 25 21 79 16 52 65 23 18 83 8 22 24 68 75 82 41 27 39 73 43 90 85 55 45 7 69 92 11 89 2 38 47 80 4 12 44 77 67 71 28 81 95 5 51 87 57 30 64 36 17 54 58 50 74 19 1 37 59 0 72 49 60 33
78 35 38 31 13 29 52 7 1 28 87 32 65 15 2 63 66 74 95 8 75 40 55 77 91 6 27 39 61 71 69 37 51 12 58 47 92 36 9 18 33 76 48 60 0 50 10 41 79 30 70 5 84 11 49 53 73 56 80 17 43 72 83 24 44 54 67 88 22 64 34 45 81 68 93 14 25 46 90 94 4 23 86 16 89 3 57 62 20 85 21 19 26 82 42 59
64 37 77 29 39 75 13 66 71 21 3 52 23 41 51 89 50 72 28 93 34 92 40 74 12 16 48 65 69 68 27 46 24 33 90 83 73 54 19 22 62 53 10 8 30 49 70 42 58 87 43 11 57 7 18 84 9 55 0 79 82 78 45 91 95 5 25 36 56 88 14 67 59 32 35 85 4 2 81 15 94 1 60 6 80 20 86 47 63 61 17 76 44 26 38 31
22 72 6 88 45 82 29 49 10 19 84 20 95 38 36 12 59 74 37 62 43 63 86 1 80 87 9 68 94 54 34 16 15 21 85 93 58 40 17 67 64 13 83 27 77 65 7 90 66 0 30 55 28 41 25 69 8 35 76 78 24 14 31 73 61 57 81 51 18 70 75 26 44 42 32 89 92 60 47 71 5 50 48 3 52 56 23 2 53 79 46 11 4 91 39 33
48 51 0 79 35 77 43 32 14 40 2 22 19 12 20 75 66 44 27 61 70 50 13 72 23 10 90 60 64 4 8 83 41 85 93 33 56 5 31 82 38 68 36 84 92 1 28 34 39 71 52 30 46 89 91 69 45 25 47 67 74 78 81 63 11 3 59 57 37 87 55 29 53 42 7 88 16 62 80 65 49 76 21 24 58 15 86 18 17 95 73 26 54 9 6 94
76 82 57 48 74 6 69 15 25 7 93 91 52 84 54 27 75 26 44 13 66 88 8 24 10 0 35 50 3 41 22 58 70 43 5 94 34 16 40 14 19 9 71 46 33 1 92 80 21 89 51 78 23 85 62 4 67 39 30 17 11 86 53 42 31 95 63 72 87 79 18 32 77 59 65 68 28 49 45 73 90 60 20 2 12 56 29 64 37 81 61 55 38 83 47 36
74 93 6 24 42 25 43 8 85 86 47 57 45 34 84 9 32 22 21 49 81 55 51 62 68 66 67 13 16 64 58 30 44 14 70 59 75 19 83 18 92 35 38 78 23 87 71 60 27 88 94 37 65 2 89 61 3 53 52 0 80 48 79 28 72 95 91 4 10 90 63 41 36 82 12 29 17 50 40 5 76 56 39 7 15 46 1 11 77 26 54 31 69 33 20 73
37 77 45 32 39 15 67 62 42 56 12 92 84 80 55 4 9 20 19 60 91 76 31 53 47 34 75 82 70 35 3 65 86 41 33 52 85 51 0 61 44 71 14 95 49 78 8 29 23 88 28 81 74 59 24 18 94 83 22 7 93 26 54 5 87 40 68 73 10 57 64 46 13 89 48 16 36 66 11 79 50 27 72 25 43 69 30 38 6 90 1 21 2 58 63 17
15 82 93 24 49 71 8 90 54 13 76 63 94 66 37 52 81 72 80 2 92 9 62 85 58 22 34 78 10 95 39 43 32 77 50 11 44 67 68 23 20 26 65 56 40 53 16 35 46 91 36 38 88 28 14 70 60 30 89 74 27 61 84 17 69 86 6 19 3 47 42 0 55 25 21 12 87 73 57 64 1 29 45 75 79 31 51 41 4 83 5 18 33 48 7 59
95 67 77 54 39 83 89 10 60 8 78 50 19 15 38 43 84 88 82 11 44 35 57 71 12 74 25 20 87 31 47 36 13 27 26 49 6 80 64 34 86 9 45 90 62 32 18 48 14 24 2 41 16 75 61 76 30 55 17 79 46 68 81 72 21 63 22 40 42 85 56 73 3 58 66 4 37 51 59 69 7 1 70 94 33 0 52 5 53 93 23 65 29 91 92 28
84 88 81 72 80 49 68 94 34 44 6 10 89 73 28 78 30 18 14 32 31 12 87 56 26 3 7 59 53 11 82 15 85 70 50 66 48 24 57 52 69 36 22 42 16 37 54 19 23 76 58 13 93 77 27 55 71 25 83 1 62 21 20 9 47 61 2 75 65 67 51 91 46 74 41 86 92 45 17 63 43 33 35 29 8 79 64 95 60 38 5 40 4 39 90 0
14 78 38 23 61 76 12 1 36 35 24 18 92 77 49 16 11 5 82 37 6 17 53 40 33 84 4 86 74 46 42 88 58 45 15 63 22 51 10 43 66 69 55 67 2 56 8 83 34 94 89 80 29 81 91 95 93 64 39 44 52 90 87 47 79 3 72 60 57 19 21 30 70 71 0 26 7 13 65 54 75 20 9 62 50 85 59 48 32 41 68 25 73 27 28 31
46 78 39 36 52 68 67 30 85 87 83 8 38 22 80 12 14 61 56 69 33 79 77 19 41 82 10 11 65 62 74 18 43 5 35 31 6 13 75 44 40 66 59 60 54 1 45 73 49 94 37 34 20 72 7 57 89 17 47 15 29 48 26 9 23 51 84 32 0 24 88 71 55 21 93 3 63 91 92 64 76 95 16 2 53 25 70 58 27 86 50 81 28 90 4 42
5 66 74 8 92 37 50 21 70 76 85 31 93 55 11 71 65 64 49 86 27 91 4 57 72 30 46 48 7 79 38 68 84 3 51 53 39 78 59 35 80 95 17 56 94 20 41 24 89 19 13 58 43 62 0 12 63 9 1 88 67 16 22 60 34 14 33 29 83 28 61 82 69 44 45 26 52 75 54 2 18 77 36 15 47 23 25 81 6 10 32 90 42 73 87 40
48 4 44 60 39 76 88 87 82 11 36 35 67 69 78 62 94 64 13 10 86 54 74 93 26 83 90 46 1 84 23 18 42 53 47 55 50 30 21 6 81 0 49 34 95 37 79 68 16 92 80 52 20 17 31 9 63 24 61 15 41 89 25 77 14 72 70 12 28 29 33 8 27 40 5 66 19 75 91 43 51 38 7 32 3 57 56 71 45 73 65 59 2 22 85 58
19 91 95 39 83 80 27 52 48 59 75 65 3 1 50 10 53 43 21 77 82 54 28 88 2 41 79 78 34 72 12 57 35 0 93 74 64 73 29 85 44 92 40 62 45 56 4 25 9 26 5 51 81 61 30 89 63 84 49 31 7 13 94 90 23 6 11 24 32 8 68 70 38 37 33 20 17 15 86 66 71 47 76 16 67 22 87 69 60 18 58 55 36 14 46 42
29 90 44 43 62 18 7 93 20 57 5 6 68 8 38 69 34 88 85 4 30 23 21 35 47 60 45 95 61 48 54 19 37 84 73 63 76 81 16 40 89 39 52 33 74 71 2 28 25 22 66 82 80 91 12 70 64 0 67 31 3 86 72 77 58 17 24 1 94 27 65 53 14 32 42 56 41 92 50 15 83 79 49 26 78 55 46 13 9 36 10 59 87 51 11 75
41 21 84 42 34 2 94 40 23 17 54 82 64 51 80 13 65 73 68 36 3 7 81 48 6 95 92 76 70 71 11 52 24 66 32 72 43 10 86 33 53 20 69 59 46 58 50 16 79 14 8 35 57 87 5 26 55 83 15 85 27 90 44 19 18 12 30 91 67 22 88 31 61 29 49 75 38 45 63 93 47 9 62 74 37 56 77 78 89 1 4 0 28 25 39 60
72 93 24 81 44 7 45 11 51 61 3 57 69 90 25 12 86 4 95 59 82 49 15 26 33 38 87 2 66 9 17 39 18 77 20 65 42 10 48 23 70 75 43 85 13 55 52 63 16 88 78 76 53 84 35 62 40 74 79 68 89 58 1 37 94 91 0 64 6 30 46 32 67 34 5 29 50 36 60 92 83 21 54 14 41 47 80 22 31 8 19 71 73 27 28 56
73 91 56 19 59 82 47 78 76 95 84 44 85 15 49 64 50 57 8 18 13 45 25 52 88 61 89 87 37 27 70 41 74 22 51 83 79 42 69 4 0 6 16 9 90 24 32 75 12 35 68 86 30 39 1 40 77 29 58 7 36 2 62 67 93 33 92 31 28 94 63 65 34 60 80 66 3 26 71 5 11 38 46 54 23 43 21 48 55 20 17 10 81 72 53 14
80 82 81 53 65 85 62 21 3 95 73 1 49 78 41 24 38 15 4 12 67 27 37 7 17 10 32 45 52 40 93 55 61 30 6 88 92 34 83 16 60 69 26 22 42 68 8 89 5 64 59 31 72 25 18 54 28 2 43 0 23 70 20 19 29 13 47 46 9 94 35 75 63 87 91 90 86 58 74 48 36 79 84 66 50 77 51 33 39 57 11 14 44 71 56 76
14 76 33 94 43 66 20 42 28 1 73 2 54 6 12 90 55 44 95 32 82 40 56 52 71 93 0 77 11 47 84 78 13 59 86 50 62 36 88 49 51 53 4 38 3 64 5 67 61 25 16 79 83 45 26 7 68 17 41 70 72 65 48 85 57 80 27 34 19 89 75 8 22 92 15 69 24 39 10 81 30 60 46 9 31 87 35 37 29 58 74 23 63 18 91 21
60 39 89 84 67 37 83 82 24 15 69 88 79 10 35 16 47 45 58 52 46 9 17 90 33 56 61 7 27 91 51 26 36 71 92 14 94 2 1 53 6 23 29 43 74 68 57 50 49 80 64 42 81 11 62 85 12 32 65 0 63 40 44 31 93 19 30 95 59 22 20 8 18 76 73 72 21 54 25 78 70 87 34 4 3 55 38 41 75 28 48 66 5 13 77 86
49 36 52 56 74 79 47 44 29 33 69 48 50 16 38 66 25 3 20 26 68 10 77 14 60 93 84 28 73 94 12 19 55 90 92 4 41 45 9 34 85 72 58 1 32 37 63 83 5 57 59 88 7 76 91 0 42 39 78 64 46 75 62 8 67 17 30 54 82 6 15 23 24 81 71 65 27 51 70 35 61 40 95 21 80 87 13 2 18 22 86 43 11 53 89 31
66 18 5 47 60 77 10 84 73 49 52 24 63 11 62 68 3 32 37 30 7 94 15 39 34 71 22 57 35 38 50 28 91 65 19 88 56 51 64 16 2 40 81 13 25 1 20 33 74 86 80 27 17 70 85 82 53 43 83 0 23 75 12 36 72 48 8 95 21 46 93 92 61 4 90 45 26 42 29 58 6 31 76 59 54 87 9 14 44 69 67 55 78 79 89 41
49 15 90 7 37 80 83 8 20 38 13 5 35 43 87 21 77 41 76 78 9 30 29 73 61 59 95 79 56 46 19 69 92 88 34 74 32 1 91 6 55 24 93 66 12 67 31 75 45 3 72 26 10 68 94 57 47 89 22 52 36 50 58 40 18 2 70 84 82 65 44 14 85 54 42 27 71 4 53 16 25 86 0 64 63 60 81 33 17 28 39 11 23 51 62 48
58 95 54 50 21 59 23 66 84 20 28 32 43 14 67 0 62 29 65 78 85 9 25 8 80 17 88 31 91 24 35 45 41 89 56 19 33 52 77 69 12 87 63 22 47 49 44 46 6 94 15 82 39 75 42 71 2 64 5 13 18 40 83 27 74 79 16 51 4 76 48 57 36 30 55 92 26 73 53 86 61 68 37 93 34 10 70 1 90 72 7 11 3 38 60 81
75 25 36 53 65 72 93 74 19 62 69 5 92 42 30 50 63 23 95 70 67 28 20 71 37 9 66 80 21 94 41 0 77 12 46 35 38 81 4 91 1 51 3 85 8 64 26 29 54 89 61 88 52 27 24 82 90 33 2 22 40 83 45 84 16 59 86 49 79 44 56 57 18 13 32 76 47 55 15 7 48 43 68 17 39 78 60 11 58 73 6 31 34 87 14 10
46 43 42 74 19 56 85 18 15 72 64 76 52 36 6 65 7 29 59 50 57 79 3 47 23 51 63 12 20 71 94 84 95 4 21 40 41 37 34 38 39 92 73 78 28 30 53 89 22 62 45 44 0 55 58 67 27 8 61 16 68 49 69 90 77 88 60 80 5 24 75 35 87 2 1 14 66 48 83 93 11 13 32 26 54 70 17 9 10 31 33 86 82 25 81 91
25 76 7 61 46 64 47 73 39 57 28 22 41 50 95 80 42 30 14 66 12 11 26 89 88 3 36 24 68 65 43 84 91 17 9 35 92 77 56 81 78 51 10 15 62 48 38 52 45 29 44 18 83 55 74 67 21 40 37 86 53 33 34 20 90 19 94 31 5 2 79 85 4 6 93 59 13 82 54 27 71 75 0 72 49 32 23 16 63 70 1 69 8 60 87 58
11 4 77 10 69 0 54 68 44 24 28 7 62 37 61 26 33 46 94 45 79 65 49 82 56 48 20 81 90 22 66 31 43 23 19 93 36 52 47 41 74 76 15 14 83 88 57 60 17 63 8 89 70 42 87 53 75 16 32 30 80 3 92 58 35 25 21 59 91 85 18 71 27 38 86 12 50 95 67 78 72 6 34 40 55 9 39 51 84 64 5 73 29 1 13 2
61 10 53 3 25 64 86 39 12 7 68 42 56 9 73 60 8 81 19 59 66 79 63 80 89 94 90 83 18 78 84 36 38 40 28 47 33 32 95 21 91 82 57 76 27 58 75 62 74 2 71 46 24 49 72 43 55 44 52 14 17 20 54 29 88 13 48 5 0 1 34 30 35 23 16 11 31 51 69 93 22 45 41 4 77 70 65 87 26 37 92 50 15 85 67 6
39 20 94 43 87 10 52 45 15 34 4 51 86 31 90 44 13 79 47 92 18 2 77 26 38 32 69 40 59 27 19 83 62 57 95 11 74 36 25 8 49 7 37 80 24 1 91 22 3 29 82 0 6 66 48 42 84 12 56 71 60 55 93 17 67 54 65 68 64 14 30 61 53 21 33 72 50 9 23 76 63 41 88 16 70 28 81 35 58 73 46 78 5 89 75 85
46 19 15 54 11 71 5 51 4 72 94 26 48 25 74 9 78 69 2 36 75 89 92 21 12 35 42 45 3 77 83 43 22 67 28 27 30 80 47 13 66 84 32 88 49 65 55 85 41 61 56 82 20 50 40 7 37 52 8 76 64 90 23 59 87 33 39 24 58 29 93 68 73 95 0 38 63 34 70 18 1 60 44 14 57 81 16 17 62 53 31 79 10 6 91 86
48 18 90 23 32 41 22 1 33 2 34 59 93 75 65 89 53 26 47 28 66 5 45 57 44 29 31 9 54 8 81 42 72 63 16 88 11 77 27 20 17 70 56 95 55 85 6 74 21 87 58 83 46 39 92 12 38 76 50 25 36 15 79 4 69 13 61 91 84 51 24 86 35 37 10 82 7 68 64 14 67 3 19 49 60 40 43 94 0 71 62 78 73 80 52 30
73 47 17 32 54 67 93 89 59 18 46 28 45 44 48 41 70 0 23 95 15 13 94 50 3 40 31 21 53 52 92 57 72 38 49 25 36 16 14 27 51 76 71 7 20 30 66 26 10 11 63 74 12 29 62 34 58 75 4 69 1 42 55 78 77 6 84 80 22 88 24 33 61 35 81 64 85 86 68 2 83 39 60 87 37 8 43 56 90 19 5 79 9 65 91 82
10 33 42 86 38 87 20 93 88 49 63 31 1 78 77 69 18 34 68 83 7 91 43 40 95 92 79 73 36 72 48 8 29 2 6 74 55 61 80 56 30 14 53 66 60 46 45 71 90 62 89 51 5 44 23 3 27 82 13 28 15 11 0 19 22 50 12 47 35 37 32 70 17 81 9 52 26 54 16 64 67 58 41 94 25 21 84 85 76 24 65 39 75 57 4 59
82 17 78 34 24 38 67 12 69 7 13 93 29 73 10 6 44 47 75 50 1 35 89 90 45 55 70 18 86 51 79 49 88 22 37 80 60 41 8 31 4 53 19 15 11 9 66 2 77 58 32 83 56 27 26 63 87 40 20 23 81 33 39 62 16 68 48 42 95 74 0 84 61 43 5 71 94 52 14 85 91 65 36 57 64 28 54 72 30 3 76 59 21 46 92 25
87 84 71 0 19 80 81 73 83 89 6 48 50 70 9 22 49 93 25 30 75 21 68 76 69 72 60 88 12 64 18 11 46 43 61 14 31 56 29 52 67 4 41 34 65 63 85 91 55 13 2 36 77 78 37 94 16 33 10 51 23 92 82 66 90 26 40 54 7 17 74 3 42 53 35 20 27 28 44 5 79 15 8 95 59 32 47 58 24 1 86 57 38 39 45 62
6 61 84 54 41 3 18 89 24 2 77 14 19 4 1 30 5 42 71 13 92 44 76 88 83 21 60 66 47 20 73 87 64 49 28 90 48 94 39 53 82 57 50 38 67 34 12 17 46 65 23 8 58 86 27 43 68 10 22 31 25 72 70 79 33 78 0 55 81 9 62 59 16 40 35 74 32 85 91 7 36 45 37 75 80 15 63 29 56 69 95 93 51 26 52 11
35 90 29 41 84 74 36 55 56 18 34 73 64 79 47 25 52 24 91 8 15 85 1 48 30 83 40 82 60 86 12 16 88 3 76 78 5 32 14 57 27 66 20 67 50 37 94 92 19 11 2 81 31 44 4 7 38 89 49 61 63 59 68 70 51 95 6 23 75 72 53 10 13 28 71 9 65 33 22 80 42 46 45 21 17 0 39 69 26 77 87 54 93 58 43 62
49 91 87 30 55 66 80 1 57 10 44 58 20 40 74 34 4 14 94 95 19 76 23 16 17 73 47 2 89 3 42 39 61 12 93 18 62 45 84 21 51 36 52 77 79 25 28 68 67 6 50 5 88 32 85 60 33 48 54 82 71 7 59 27 92 81 65 83 64 9 15 35 13 46 8 41 37 53 90 70 38 24 75 43 22 72 56 69 11 31 0 78 63 86 29 26
23 88 8 42 53 84 55 2 89 20 83 71 17 24 67 85 31 54 12 5 15 19 3 35 26 36 0 68 73 14 57 49 64 7 25 30 78 80 47 32 10 93 41 76 91 21 79 18 51 39 66 6 82 63 52 58 9 77 40 59 45 87 56 50 16 1 62 90 61 37 74 44 46 29 48 65 34 60 81 43 38 33 95 92 11 70 69 27 72 4 22 75 86 94 13 28
75 41 13 77 57 86 76 64 87 90 79 16 18 73 38 8 17 83 59 72 28 82 95 27 11 61 66 58 48 5 81 51 40 88 6 15 62 93 33 29 80 43 0 35 34 69 42 30 65 53 4 91 60 63 7 24 23 74 26 46 21 56 94 3 55 71 47 45 84 10 32 37 12 67 68 39 31 50 19 89 78 70 9 1 2 52 49 14 36 92 44 22 25 20 54 85
22 63 95 39 45 28 91 51 21 29 27 54 36 44 33 77 9 86 19 57 69 0 88 7 34 12 13 46 17 56 42 62 49 55 76 93 68 65 89 94 8 66 60 59 10 92 6 74 81 35 20 82 14 52 40 48 61 67 38 2 50 58 73 18 37 75 87 24 11 72 84 3 70 64 41 4 47 78 5 79 16 80 26 71 1 31 85 25 83 32 23 30 15 43 53 90
54 76 34 89 75 72 90 47 52 19 32 26 56 82 21 28 64 53 29 12 71 22 83 36 16 5 73 80 8 87 48 0 66 62 37 6 50 46 23 7 78 91 10 27 84 45 13 43 81 44 95 74 20 79 1 86 57 59 70 55 42 14 17 49 41 92 88 31 60 40 24 4 11 18 15 77 2 51 33 93 69 35 38 63 68 94 9 3 39 67 65 85 58 30 25 61
84 4 42 15 77 50 92 74 44 80 59 76 35 5 64 73 25 48 45 58 94 54 22 34 17 8 24 90 93 46 0 19 29 49 47 28 51 89 41 85 23 60 62 12 10 83 32 68 30 69 86 57 70 14 43 82 37 78 21 56 40 79 33 66 1 18 38 3 71 52 72 16 91 36 55 67 13 61 39 81 27 63 53 95 7 75 65 2 6 9 11 26 20 31 88 87
33 30 28 53 44 1 41 37 82 21 66 68 70 15 91 78 40 9 19 52 94 36 88 23 60 24 86 62 87 45 71 34 63 95 7 48 14 3 56 75 43 18 83 17 55 85 57 65 31 54 35 10 93 22 51 11 61 67 73 12 80 39 50 64 58 32 25 4 16 26 6 81 38 89 29 79 0 77 47 59 49 8 92 42 46 76 27 5 72 2 74 20 84 69 13 90
32 74 29 77 93 56 51 41 21 50 34 52 18 11 63 40 42 69 71 43 79 87 20 30 26 49 76 78 72 15 12 13 38 70 16 58 7 36 66 46 80 68 48 4 9 53 89 25 55 2 45 60 73 24 54 31 17 5 10 27 35 57 94 85 67 95 37 14 23 64 65 88 8 82 22 92 91 33 39 83 1 86 61 62 90 3 47 28 0 84 81 6 59 19 44 75
42 4 66 13 93 61 17 75 85 3 22 80 18 83 64 33 9 34 87 54 51 16 12 45 90 25 2 62 65 76 82 6 52 7 47 57 94 14 70 27 19 88 23 63 5 29 49 92 8 79 35 73 71 31 28 38 20 48 43 78 89 41 68 55 72 77 67 39 37 69 36 95 40 30 46 1 15 74 26 81 10 59 44 86 60 24 21 50 0 58 53 56 11 84 91 32
64 87 82 26 78 15 53 28 34 29 14 69 7 67 92 8 58 93 10 43 47 65 40 85 73 66 32 41 91 20 90 11 54 9 63 77 36 83 27 62 12 86 51 79 71 31 88 13 68 60 19 59 84 3 2 5 17 0 30 75 39 57 49 89 24 45 18 16 56 50 44 80 48 61 37 52 21 22 74 95 70 23 76 72 42 4 46 94 55 38 25 33 81 1 6 35
84 57 80 51 9 39 25 48 79 89 53 19 2 14 92 31 28 54 50 63 87 67 21 70 61 0 78 69 16 30 72 76 6 85 27 95 12 47 90 20 66 91 3 46 81 13 23 5 15 24 49 33 41 35 18 37 55 22 68 77 29 56 44 38 93 17 62 94 11 10 52 75 58 60 64 34 74 65 82 8 73 86 1 26 4 40 71 36 59 42 32 83 88 45 43 7
94 69 31 44 66 2 32 78 28 45 79 6 88 90 82 9 22 93 5 81 50 8 54 17 3 10 21 18 7 1 41 95 58 57 40 53 76 60 30 85 33 83 36 91 46 26 62 51 19 61 12 71 49 37 23 84 47 73 14 11 13 20 16 27 89 42 56 63 70 77 25 39 65 80 0 68 52 55 92 86 29 38 75 72 4 48 34 59 15 74 24 64 87 35 67 43
60 17 32 57 52 30 16 55 22 59 31 87 28 77 13 79 89 67 50 56 83 72 91 58 35 45 65 33 68 19 36 66 62 76 85 14 92 5 12 1 41 49 11 29 75 43 40 70 94 7 44 8 78 74 93 80 71 6 34 63 61 46 0 26 27 47 39 23 54 4 95 73 82 90 3 53 2 69 10 25 20 42 15 48 18 88 21 37 24 9 86 81 64 38 51 84
48 84 36 90 19 15 95 70 64 23 22 5 62 68 52 37 92 89 76 25 3 30 11 55 4 33 12 18 49 20 60 85 27 40 71 53 2 61 46 45 82 39 21 66 13 9 32 6 41 93 67 51 26 81 16 83 42 65 28 63 58 57 56 34 75 87 35 31 86 73 29 24 94 72 74 80 77 7 91 59 47 50 17 43 38 44 1 54 88 0 14 78 69 79 8 10
40 23 2 48 16 61 54 89 13 51 92 12 7 5 35 69 81 50 71 75 91 38 86 49 64 57 72 87 42 10 90 22 78 14 59 58 6 63 36 28 0 76 15 85 41 32 66 73 20 37 9 94 88 93 80 3 47 55 34 53 1 56 82 27 65 24 45 84 83 43 17 44 21 79 31 19 70 67 29 39 26 4 95 11 68 60 74 25 62 77 18 8 33 30 52 46
17 24 95 64 43 37 5 31 15 68 88 90 56 38 7 32 62 14 25 66 80 30 12 59 23 81 74 77 94 48 45 65 18 85 50 11 54 89 28 16 53 51 6 21 4 3 26 35 76 13 58 55 40 27 22 91 84 39 33 75 8 1 57 36 79 82 86 47 46 44 72 60 83 19 73 52 93 2 61 87 34 71 42 78 29 41 9 20 0 69 67 70 10 63 92 49
31 72 75 83 82 62 69 29 52 79 64 49 10 63 77 8 30 61 58 87 32 19 84 36 1 70 92 47 3 24 15 90 80 56 60 43 11 4 94 22 37 57 0 5 23 6 78 25 28 26 66 27 34 33 86 89 55 45 67 16 18 54 2 14 51 91 35 42 73 59 17 71 21 65 95 39 76 93 48 88 20 44 85 38 53 46 74 9 41 81 40 50 12 68 13 7
29 22 4 71 86 60 78 1 66 90 79 38 26 9 94 12 52 69 85 3 59 51 30 41 64 75 50 54 74 16 11 15 88 81 33 28 23 25 58 77 91 32 10 39 40 43 80 20 83 48 93 57 89 63 70 36 72 56 35 17 31 42 73 95 7 49 92 27 18 24 44 68 8 65 46 6 84 62 14 76 67 53 61 21 82 37 2 55 45 87 19 5 0 47 13 34
94 68 8 82 19 92 1 24 87 69 71 75 26 31 38 14 6 11 88 61 51 27 85 74 22 5 48 72 54 84 29 30 18 17 28 15 73 13 76 66 89 93 23 49 25 56 10 45 36 52 46 42 34 47 67 65 63 3 4 81 70 59 35 80 58 91 33 41 53 32 50 78 9 37 95 16 12 0 55 20 90 43 2 7 21 83 44 40 86 39 79 62 64 57 60 77
72 95 66 4 93 45 79 58 14 36 15 21 13 59 51 19 0 52 30 67 22 76 82 6 75 53 49 47 25 81 89 91 27 11 43 1 70 48 17 68 64 37 60 18 32 77 74 62 65 61 7 9 26 88 34 29 78 2 24 85 71 42 5 39 46 41 8 40 54 31 38 20 28 80 44 63 73 10 56 90 16 3 84 12 86 35 94 57 33 87 92 50 83 55 69 23
84 21 56 45 83 15 80 51 62 66 59 89 7 79 6 33 8 71 49 2 32 30 85 61 39 14 65 50 28 69 60 52 40 47 38 72 16 48 34 24 78 13 27 53 42 70 90 93 11 3 77 64 58 41 22 17 73 37 95 92 81 91 67 29 35 87 54 94 1 63 0 20 26 55 19 4 88 46 57 82 31 36 10 25 43 18 76 5 68 9 23 12 75 44 86 74
80 61 12 38 40 92 54 77 24 51 84 78 87 37 71 83 50 82 70 68 1 48 74 29 79 43 16 45 85 66 0 88 28 56 81 89 46 55 60 22 65 53 39 19 27 67 11 2 17 33 14 36 52 76 59 30 4 63 8 3 64 62 95 42 5 86 13 69 47 35 94 31 91 73 72 20 41 49 57 26 93 90 9 6 7 21 58 18 10 44 32 75 15 23 25 34
80 70 59 35 63 66 57 1 9 0 62 56 19 89 6 30 65 23 2 88 52 22 93 11 49 40 61 82 4 85 55 16 10 58 8 20 39 51 86 25 36 60 5 33 78 31 50 32 87 24 68 45 14 91 77 90 64 28 3 71 29 26 76 38 81 43 41 74 37 27 48 94 44 17 73 84 79 34 72 21 47 46 83 67 95 42 12 7 75 15 18 53 92 54 69 13
94 46 91 70 15 76 48 87 9 86 56 29 11 67 57 85 93 40 60 26 42 24 3 73 4 13 68 19 95 80 88 71 52 22 12 2 6 23 45 90 1 84 38 79 62 17 78 61 0 82 54 89 47 25 77 7 27 20 36 72 30 5 21 32 28 43 33 49 59 65 44 10 50 8 35 63 16 37 34 39 14 53 51 41 83 81 69 74 18 64 75 66 58 31 55 92
27 23 41 91 78 20 6 14 4 94 88 43 29 42 34 49 90 13 25 28 19 54 55 45 3 63 36 62 51 86 61 12 60 52 58 39 47 7 84 92 57 56 33 71 5 89 2 10 93 65 83 68 21 79 67 48 81 77 73 50 74 72 53 8 69 70 32 31 87 9 1 85 30 24 26 82 22 64 35 15 80 66 38 18 40 76 44 0 59 46 11 37 16 75 17 95
78 8 38 49 56 54 42 19 77 39 72 85 62 45 48 22 86 79 0 67 21 59 84 16 9 75 20 92 35 36 64 90 93 15 70 4 55 66 12 17 81 3 50 68 1 73 52 37 95 2 46 94 76 24 5 87 43 41 31 60 29 14 32 23 80 11 30 91 27 13 65 6 63 82 57 47 25 34 89 28 71 53 88 58 44 33 7 83 69 61 26 10 40 74 51 18
22 51 83 50 66 25 2 40 57 76 60 34 84 21 36 31 0 11 69 95 86 55 32 81 94 35 41 61 62 46 92 63 23 64 72 73 30 15 68 42 19 8 88 89 3 75 44 91 53 85 87 28 10 27 65 7 13 37 49 48 26 4 29 12 78 14 70 54 47 59 18 90 71 58 38 24 39 82 6 56 52 79 5 17 20 74 33 45 93 77 43 9 80 67 16 1
9 93 86 13 43 7 2 79 40 41 49 26 25 68 69 61 88 59 70 36 12 83 56 73 29 19 20 54 22 3 27 35 64 39 46 15 91 34 52 90 75 55 37 74 95 71 23 76 58 5 47 48 78 53 0 31 85 21 28 72 77 63 14 16 1 45 80 18 60 24 66 51 8 4 44 50 11 62 10 65 84 87 82 81 89 32 94 17 38 6 30 42 67 33 92 57
49 58 21 47 54 92 24 76 71 78 48 59 67 0 32 70 26 3 51 60 88 2 28 37 36 7 73 57 72 13 17 27 86 90 52 30 82 18 74 38 5 23 85 65 61 94 14 8 29 39 45 55 41 93 11 84 62 50 4 15 91 44 66 16 81 19 79 53 1 77 31 42 12 46 22 87 25 6 89 83 10 33 35 63 43 56 34 75 64 69 80 20 95 68 40 9
83 80 74 23 48 43 73 0 92 52 44 49 26 10 14 33 71 62 79 64 50 3 69 6 34 47 12 27 25 57 94 56 51 38 31 37 95 16 72 7 55 36 30 29 90 39 67 82 13 75 53 59 22 45 24 28 86 76 60 63 40 58 93 5 9 1 61 15 35 85 19 65 68 91 70 11 42 32 54 20 84 89 78 17 88 2 18 77 8 21 46 66 41 4 81 87
37 86 47 58 55 5 29 6 0 64 51 11 84 95 14 3 90 7 35 40 81 63 27 54 62 49 17 57 60 22 70 88 8 2 45 42 36 43 69 56 66 71 19 74 10 93 23 21 78 26 16 85 68 39 87 92 79 59 76 25 94 61 20 67 4 83 1 80 15 13 44 12 48 9 31 91 46 52 75 30 41 82 53 77 65 33 24 34 89 28 32 38 73 18 72 50
51 74 59 9 86 95 32 93 46 26 29 1 35 67 89 69 27 92 19 14 34 47 6 91 17 54 21 7 20 28 36 24 31 75 2 42 8 77 78 61 37 84 10 25 90 18 65 39 94 15 64 53 13 72 11 4 22 71 68 56 83 38 58 60 43 16 57 79 62 12 52 55 82 48 44 49 23 63 80 76 45 73 30 81 5 40 41 33 70 3 50 66 87 85 0 88
81 66 69 93 87 70 64 3 91 85 51 77 4 7 60 54 6 78 19 59 40 79 75 49 55 48 53 11 56 83 68 45 9 30 61 37 63 47 67 20 32 39 73 34 35 28 33 8 0 76 24 44 25 94 2 57 14 31 15 88 36 58 65 26 17 90 43 74 12 38 5 1 84 16 62 18 92 89 71 23 10 46 41 27 42 50 80 86 22 21 82 72 13 52 95 29
90 73 51 46 37 16 56 66 89 58 22 23 7 38 2 85 61 6 21 40 71 25 62 27 63 76 5 64 14 30 50 4 81 59 17 28 93 41 32 52 8 80 57 24 53 86 10 72 18 55 15 48 84 70 60 87 68 11 54 36 65 44 34 3 67 45 29 43 26 0 42 74 31 92 69 35 12 77 91 19 39 78 1 13 33 82 75 9 83 47 79 94 20 88 95 49
32 58 52 57 76 20 5 29 33 71 51 69 23 26 43 92 55 72 75 50 79 89 12 22 35 4 41 82 24 65 21 28 91 8 60 46 7 88 73 66 61 13 53 64 74 36 84 9 42 95 80 34 14 94 27 37 90 93 38 78 86 40 3 87 49 11 81 83 6 16 0 2 59 17 19 48 47 85 54 70 62 30 1 56 44 10 77 67 45 68 39 25 15 63 31 18
80 39 3 51 91 69 62 86 81 95 70 17 44 22 29 45 10 25 38 73 27 68 92 87 42 67 21 90 9 84 33 46 31 12 61 24 64 47 40 85 56 58 1 6 0 77 41 8 5 79 34 13 28 89 35 16 63 82 26 50 19 53 71 59 7 43 75 37 83 30 94 14 60 52 15 23 66 55 2 57 65 18 32 54 20 11 76 93 4 48 36 88 72 49 78 74
51 1 79 54 0 60 19 53 65 14 64 41 66 48 82 59 95 6 70 90 39 91 69 21 78 63 26 37 93 47 57 52 87 31 29 5 72 11 83 42 30 49 46 33 34 40 80 86 20 10 16 45 28 27 9 44 22 81 25 61 92 50 94 36 38 74 62 24 2 17 15 13 67 77 8 71 4 3 35 23 75 55 32 85 58 18 88 7 73 43 68 89 12 76 56 84
95 48 40 73 41 31 12 53 87 92 19 8 82 13 66 26 39 54 9 18 65 83 4 52 44 1 7 51 56 22 5 91 78 55 29 67 60 70 24 69 38 0 58 49 89 64 16 93 84 76 42 28 33 23 27 68 57 21 15 63 46 32 14 34 2 11 35 20 85 50 62 45 59 72 43 30 37 36 17 86 79 71 25 75 6 74 10 94 80 77 90 47 88 3 81 61
18 60 94 93 85 40 30 17 89 56 81 15 46 65 54 33 13 50 66 3 92 77 52 90 24 62 86 87 48 51 5 78 26 55 68 25 10 71 8 43 49 34 4 21 61 59 69 37 27 11 80 19 39 32 38 75 73 42 84 7 1 82 76 16 22 74 23 2 70 64 44 58 35 14 0 41 28 9 47 95 57 79 12 20 72 36 45 53 83 88 31 67 63 29 6 91
87 50 54 66 60 40 10 64 80 25 17 22 16 68 63 47 67 44 53 90 69 85 55 9 62 18 37 34 19 32 52 91 56 3 95 15 7 94 71 20 49 36 1 58 82 78 29 57 81 73 26 48 27 0 79 31 76 93 72 4 41 51 35 28 23 46 39 84 30 89 5 86 38 21 24 59 2 83 43 65 88 77 42 14 12 8 45 13 11 74 70 6 75 33 92 61
78 37 75 4 93 88 54 52 50 34 94 77 64 49 55 56 2 16 53 67 60 20 24 18 33 21 35 30 51 43 91 10 27 26 7 5 71 14 58 47 69 3 61 95 40 28 11 80 70 73 79 84 85 38 90 68 72 12 31 9 36 23 82 41 46 89 42 59 48 39 81 8 87 19 15 6 92 1 74 32 66 0 22 25 86 13 44 65 76 57 45 17 83 62 63 29
80 21 41 49 57 66 0 45 44 24 87 61 52 95 2 89 17 81 83 92 37 62 29 31 54 69 94 11 72 6 93 3 5 16 56 65 58 23 25 73 15 30 33 13 22 1 12 50 55 7 34 76 26 46 84 9 86 91 19 28 27 60 53 48 40 74 10 42 79 64 71 36 51 68 32 38 85 18 39 4 35 77 47 14 67 82 78 63 75 70 20 88 90 43 59 8
37 80 44 39 93 27 64 84 4 25 6 85 0 1 30 17 71 79 11 20 38 34 92 43 55 69 89 9 12 58 40 87 57 14 8 2 49 66 61 42 35 5 47 53 18 94 48 24 74 50 33 63 59 62 78 29 41 95 82 45 76 67 36 28 15 26 16 54 10 86 32 3 31 46 68 72 51 77 22 7 70 13 75 21 52 73 81 91 19 23 83 88 60 90 56 65
9 44 62 21 65 46 36 45 31 74 77 54 94 2 93 52 33 18 28 16 83 22 3 26 47 14 15 55 17 32 66 79 8 58 64 71 70 37 25 6 67 76 41 27 53 1 24 63 39 89 40 23 38 91 0 4 43 29 30 57 69 72 12 73 19 48 86 80 81 92 20 95 10 51 75 56 49 59 85 68 34 60 11 50 5 90 78 82 88 7 84 35 61 13 42 87
26 9 23 67 46 37 10 52 72 58 12 86 14 59 20 75 62 84 29 55 31 33 42 85 81 3 25 50 4 65 6 5 22 39 83 74 93 95 53 91 63 90 8 71 0 19 30 64 15 24 36 54 88 47 2 48 21 87 11 56 77 17 32 13 49 38 80 35 68 34 61 94 51 69 78 1 89 79 57 28 66 18 82 92 45 16 70 27 44 7 41 43 40 76 60 73
71 22 3 44 62 29 92 91 45 50 21 56 41 57 14 93 17 18 51 74 55 27 77 35 67 24 86 15 54 58 26 87 2 36 64 0 12 84 76 6 66 32 31 4 38 52 49 81 80 43 95 34 8 7 25 10 42 68 90 78 63 75 46 13 11 83 89 19 40 1 37 30 82 59 79 23 70 85 53 61 94 5 65 72 48 60 69 47 33 88 73 16 20 9 28 39
74 38 70 35 25 20 94 22 27 62 60 50 82 37 48 34 44 39 1 89 91 61 67 31 5 66 65 29 9 84 57 42 47 85 14 79 43 45 24 59 40 16 32 10 58 19 72 23 86 2 18 11 0 49 13 81 7 64 41 71 56 78 93 95 55 53 26 21 87 8 12 17 15 3 73 88 77 76 28 46 30 69 6 83 54 33 51 75 80 4 36 52 90 92 68 63
91 33 12 85 3 17 24 27 67 1 23 95 63 53 6 79 84 40 26 31 51 7 83 22 50 30 58 4 39 45 0 25 10 35 55 90 36 18 61 46 68 48 8 56 69 65 73 78 66 87 19 80 11 37 16 74 92 5 75 49 81 32 89 34 42 44 82 43 14 57 52 94 21 88 29 59 38 28 9 70 15 93 47 72 54 41 2 20 62 60 64 71 76 77 86 13
67 92 77 76 54 47 57 48 32 61 39 82 4 28 70 35 78 25 58 68 59 89 21 20 44 26 18 19 5 0 6 91 8 79 3 13 29 83 87 7 2 84 81 23 9 69 41 51 50 53 55 14 52 90 10 56 33 11 46 38 43 65 93 27 73 24 30 40 63 31 75 94 62 49 74 17 15 71 60 45 22 12 36 1 37 66 34 88 80 72 86 42 64 85 16 95
51 65 26 3 9 43 32 48 49 62 93 59 74 95 77 58 40 36 8 56 68 60 38 84 69 12 31 37 92 86 57 66 18 80 5 39 34 13 85 6 28 88 33 17 82 29 50 91 52 67 89 53 7 30 61 15 25 23 1 10 83 20 87 35 2 19 4 70 42 14 72 79 22 54 27 46 41 90 55 64 81 0 71 47 75 45 94 24 73 21 11 78 63 44 16 76
29 16 94 15 7 72 95 35 60 39 74 28 90 8 56 76 50 17 85 41 65 33 22 93 19 83 75 30 52 43 4 63 92 48 61 69 32 18 36 34 58 89 20 6 23 5 25 64 59 27 26 0 42 51 31 46 88 79 54 9 1 55 12 78 49 68 81 62 14 80 57 84 38 77 45 21 66 10 11 73 24 71 2 87 13 47 40 91 3 82 70 44 67 53 86 37
94 79 14 32 78 42 74 50 31 85 71 77 49 25 73 38 92 84 9 37 87 24 34 52 60 81 62 91 19 6 75 72 55 12 63 29 16 21 67 69 70 17 57 26 76 56 90 45 58 48 82 33 4 68 89 15 23 28 18 93 51 1 40 27 53 35 86 36 20 88 65 66 95 39 5 3 30 43 7 10 54 47 13 11 46 64 80 2 61 8 22 59 44 83 0 41
79 8 56 82 93 76 95 37 81 3 73 69 21 71 10 38 43 51 90 53 57 63 86 48 16 18 75 4 66 70 78 44 88 13 9 72 7 39 89 58 22 20 64 14 85 5 26 83 52 54 23 55 50 62 42 35 15 32 45 25 59 24 61 40 34 31 0 2 67 47 19 80 65 87 68 30 29 94 6 28 36 1 12 33 27 46 41 74 60 92 84 77 49 17 91 11
34 17 78 95 60 75 46 29 40 0 85 55 19 76 28 93 68 24 61 54 42 4 39 2 87 33 65 18 49 22 11 3 31 25 30 5 70 63 13 88 43 92 89 14 27 94 51 16 83 59 45 77 35 10 71 50 52 38 15 69 56 91 73 57 86 64 90 84 81 53 21 36 32 6 23 12 48 1 80 8 66 62 44 72 79 41 58 7 67 26 74 82 20 37 47 9
6 40 30 45 83 85 89 10 69 38 80 95 88 39 24 9 68 92 78 73 54 86 72 41 61 43 28 0 1 23 74 5 75 12 71 51 90 42 64 81 48 18 19 47 50 27 13 57 55 4 67 15 91 65 29 53 44 34 14 26 8 59 37 16 93 11 35 52 58 22 36 94 46 31 20 77 7 62 21 49 63 76 82 33 2 87 66 25 56 32 60 3 84 70 17 79
66 88 69 90 40 51 11 29 22 76 79 78 26 16 93 10 0 48 20 35 30 55 44 32 63 24 84 65 15 1 71 34 62 67 3 46 38 74 53 61 72 8 92 58 68 23 36 83 39 52 13 56 86 37 41 50 28 4 95 31 85 80 94 9 81 19 91 7 82 54 33 70 42 47 43 12 21 2 6 87 77 75 89 59 17 49 73 57 60 27 64 25 45 18 14 5
31 54 52 77 5 7 93 16 37 36 58 41 67 33 64 44 34 48 10 81 25 3 26 39 45 78 28 46 12 50 89 90 80 59 66 79 1 57 95 17 72 92 15 51 85 9 91 14 27 4 88 82 53 24 6 75 60 0 83 43 94 20 42 56 2 68 47 32 19 65 76 87 86 13 84 18 21 11 62 63 23 22 55 61 70 69 73 38 74 8 40 30 71 29 35 49
47 81 84 44 19 51 89 90 48 24 54 26 50 49 53 37 68 17 40 95 32 38 21 74 82 92 4 91 30 79 5 76 0 9 75 73 87 42 20 25 3 72 14 22 93 36 12 56 29 6 71 55 85 77 59 10 41 88 86 83 69 80 64 28 2 7 43 35 33 18 63 16 61 67 94 31 13 15 60 27 39 46 23 58 65 11 52 34 57 62 78 66 45 1 70 8
19 54 56 88 18 36 42 91 76 62 35 93 37 65 47 78 92 89 2 53 31 52 40 38 28 14 26 86 50 7 71 60 79 5 90 43 22 17 77 61 30 13 73 10 51 55 41 27 11 9 33 1 0 20 3 48 74 29 63 94 45 72 81 21 75 49 80 95 39 59 67 84 87 8 83 25 32 15 64 69 46 68 34 4 24 6 70 44 85 82 66 16 23 58 12 57
46 18 95 82 69 92 47 67 80 35 93 57 10 0 33 19 59 79 51 64 89 94 1 63 20 88 24 6 22 70 54 76 43 50 3 21 41 26 14 52 62 56 90 87 81 4 55 85 16 2 36 39 37 30 11 5 58 84 8 49 91 7 68 9 48 38 13 65 83 73 40 72 32 45 71 44 77 75 29 53 61 60 66 17 31 74 28 23 15 25 12 27 86 78 34 42
4 32 21 86 83 45 90 67 13 27 34 8 76 6 87 91 84 0 17 92 23 3 38 77 42 53 75 46 64 2 31 28 61 22 1 39 11 44 59 7 69 82 89 85 14 12 50 72 37 57 47 36 10 74 26 63 81 70 88 80 94 16 40 25 15 78 52 79 9 49 18 29 19 35 55 54 20 24 5 95 60 68 56 93 41 30 33 65 58 48 73 43 71 66 51 62
85 52 78 86 28 83 24 14 10 46 56 17 35 60 75 66 31 22 65 49 73 59 5 47 15 81 2 88 1 30 92 43 90 12 89 16 33 32 45 39 91 20 55 50 25 57 63 27 21 94 19 82 36 9 44 69 3 93 70 8 71 29 41 34 4 61 95 62 80 0 76 53 72 23 11 77 40 64 58 18 68 38 37 87 42 6 67 79 84 54 74 13 7 48 51 26
76 20 40 81 90 89 71 35 72 47 94 19 43 17 84 74 73 86 83 50 2 10 48 46 1 52 15 33 80 37 21 56 11 87 3 14 36 25 64 51 5 34 30 82 16 8 57 44 28 67 85 58 75 60 45 0 91 95 54 29 27 69 79 78 70 63 68 18 77 39 12 13 31 32 42 26 7 92 6 53 61 49 9 62 65 23 38 55 41 22 59 4 93 66 24 88
94 8 79 70 61 39 43 88 87 92 62 22 77 20 56 33 16 49 11 46 29 85 40 45 7 81 71 82 32 27 57 52 67 55 86 90 73 36 60 68 13 17 12 18 34 38 72 30 83 23 76 59 28 15 31 19 65 37 63 89 66 51 41 91 58 48 44 54 47 69 21 93 64 95 25 3 78 9 24 6 5 2 74 0 10 75 14 53 50 1 35 4 42 80 84 26
94 16 77 90 87 79 52 45 59 73 60 41 15 66 93 1 75 42 43 4 5 53 78 72 63 27 7 18 61 71 35 31 64 76 91 28 44 83 67 70 74 55 22 32 50 51 62 65 40 84 47 13 56 46 12 57 11 95 34 9 25 89 80 0 8 3 69 17 24 23 33 81 14 49 82 2 38 19 10 30 36 92 37 58 6 29 48 21 85 26 68 39 54 88 86 20
18 63 10 27 5 69 85 48 80 51 14 90 62 9 77 70 36 73 34 88 41 42 46 78 30 61 43 7 92 39 67 72 15 89 40 16 0 74 13 86 60 95 26 45 76 50 53 75 44 81 65 68 19 47 59 64 24 21 31 87 35 52 22 2 33 58 91 93 38 57 6 82 3 23 55 11 54 25 83 66 12 29 94 37 20 4 71 79 32 49 56 84 17 8 1 28
86 38 82 10 17 33 87 2 73 20 32 36 59 12 0 7 77 50 45 90 19 4 1 43 46 56 68 15 23 80 29 58 26 42 71 22 72 75 24 34 57 64 49 76 6 54 91 41 16 51 18 48 5 27 79 69 60 89 63 40 93 74 25 70 37 14 88 35 84 83 44 78 9 92 85 3 11 13 94 81 31 30 65 21 47 52 53 8 61 55 66 28 95 39 67 62
83 42 66 45 12 2 21 80 95 11 52 89 23 49 79 1 57 15 35 82 90 84 46 61 41 32 25 9 71 33 13 39 72 3 92 8 62 50 73 91 26 5 17 10 94 60 67 69 36 44 18 28 48 19 31 54 63 0 58 29 38 53 65 40 24 76 64 43 81 70 78 20 6 34 74 85 37 14 88 47 68 16 59 77 87 55 4 7 86 22 51 93 75 30 27 56
36 68 59 71 11 47 19 65 5 48 76 78 10 16 60 77 54 80 4 3 72 26 24 12 73 1 93 92 22 25 17 31 82 21 56 37 55 50 87 20 27 42 0 28 89 8 32 83 52 84 35 40 74 41 30 2 33 53 62 85 94 81 39 51 9 66 14 6 15 88 86 43 46 7 29 38 18 45 79 34 58 63 44 49 75 69 57 61 95 13 23 91 90 67 70 64
31 28 77 88 25 36 8 76 48 55 65 90 27 89 43 47 85 3 9 10 86 92 82 60 84 53 70 62 2 56 30 63 54 33 40 67 51 17 21 4 74 20 81 15 79 44 38 24 78 16 19 64 41 11 58 66 45 26 91 1 59 22 95 83 39 61 50 73 37 80 72 34 52 32 87 13 69 94 68 35 12 23 6 42 71 18 57 49 14 5 7 0 46 75 93 29
88 18 17 75 86 92 5 26 35 7 12 60 50 55 43 63 8 21 58 28 29 76 36 9 25 68 1 84 32 47 44 65 64 42 51 61 15 69 79 3 0 10 2 66 24 16 45 38 81 34 37 70 85 20 67 93 87 53 6 52 78 95 19 46 71 56 59 40 39 23 80 89 73 31 11 13 91 30 94 82 14 57 48 54 83 77 41 90 72 27 74 4 22 49 33 62
6 74 32 4 83 80 17 95 14 7 81 16 53 22 55 69 25 58 37 86 71 2 20 33 10 35 41 31 5 65 23 12 29 24 11 38 93 89 34 51 43 27 8 91 52 19 68 63 46 94 76 78 13 26 28 77 21 47 92 64 85 66 70 54 40 72 36 90 67 30 44 49 18 9 60 59 1 50 82 62 79 88 15 61 73 57 75 3 84 45 0 39 48 56 87 42
64 73 59 11 19 76 91 28 45 27 79 70 44 21 16 18 54 39 53 9 83 20 60 12 17 0 43 78 65 67 36 57 85 56 93 63 6 48 61 80 50 89 95 71 34 86 69 75 2 74 3 72 82 55 47 31 1 92 15 66 51 94 4 77 58 14 88 30 52 29 13 5 81 8 25 62 26 90 33 84 10 46 87 22 24 7 40 23 68 49 38 35 32 42 37 41
50 92 57 12 29 91 42 2 30 35 70 44 18 54 88 15 52 31 86 77 1 36 11 34 65 4 76 56 68 5 60 23 38 67 26 61 45 24 33 53 49 19 6 0 55 84 72 93 79 25 58 7 10 48 71 40 21 94 81 28 51 37 14 95 16 3 82 80 75 8 59 47 32 90 41 9 22 87 73 13 78 89 83 62 64 17 27 85 66 74 43 46 20 63 69 39
35 30 76 25 29 83 6 1 81 93 8 53 59 26 55 75 91 61 84 56 54 38 42 74 90 23 18 47 71 37 9 24 68 36 46 87 44 43 39 64 63 60 85 16 31 72 15 78 22 11 27 32 40 82 45 5 94 14 20 66 58 50 33 10 65 77 0 3 13 28 7 51 73 21 57 41 62 95 88 48 70 4 69 89 17 34 2 92 67 52 19 80 79 12 86 49
62 24 64 76 13 74 39 15 44 7 91 53 14 11 48 45 34 59 38 26 5 94 17 27 49 22 50 85 65 9 47 83 95 4 42 46 41 67 69 6 82 29 84 70 1 37 56 79 61 51 54 43 18 90 31 32 3 66 87 23 12 21 30 89 35 58 72 60 2 36 0 92 52 33 88 8 19 93 81 25 16 20 40 71 78 68 57 10 80 55 86 77 63 73 28 75
55 43 32 53 52 13 10 93 0 59 77 38 76 36 29 87 48 44 67 66 17 19 78 75 60 70 24 33 63 71 27 65 42 39 34 28 94 86 12 16 80 7 57 89 47 82 91 9 56 37 84 11 54 69 14 68 4 58 95 8 40 6 61 45 18 46 49 1 3 25 83 51 2 73 15 31 50 23 22 72 21 30 81 62 64 20 41 74 79 90 85 92 26 5 35 88
77 43 69 48 2 65 14 34 45 58 46 24 67 30 35 41 40 84 94 17 54 81 72 18 92 63 11 87 4 27 66 3 95 53 79 59 22 29 12 1 28 89 91 75 8 38 15 93 16 13 23 74 19 52 57 7 60 76 61 25 36 26 51 82 71 68 83 6 86 42 10 0 50 56 85 80 39 9 32 49 55 62 88 37 47 78 44 90 33 21 70 64 73 20 5 31
56 61 45 57 34 37 54 70 33 84 31 89 78 39 75 8 32 82 14 11 72 52 88 20 64 49 90 19 55 73 69 62 13 16 81 79 36 7 77 87 67 28 26 85 1 74 93 42 86 92 91 71 38 30 50 10 68 40 58 66 60 3 25 0 23 35 51 65 59 53 41 22 27 21 46 29 95 17 48 83 43 6 4 76 94 47 12 80 63 5 9 18 15 2 44 24
82 26 92 89 3 22 31 21 65 36 85 11 69 45 15 38 77 0 60 76 68 42 87 17 1 12 54 37 28 32 43 14 81 70 51 90 5 2 66 95 91 48 61 86 59 13 52 18 79 94 27 63 64 20 23 29 4 39 35 8 88 75 9 78 56 74 34 24 47 19 41 55 6 58 7 72 30 16 80 25 83 46 84 57 49 33 73 50 53 71 67 44 93 10 40 62
29 59 77 91 63 71 61 76 50 49 2 47 7 95 51 44 48 83 60 85 65 37 25 40 30 68 18 31 56 33 70 6 13 45 57 82 79 81 11 78 14 55 84 22 87 19 62 15 26 46 86 23 66 75 3 5 24 34 17 89 69 1 74 10 58 8 4 39 80 9 35 41 90 64 94 36 28 21 0 67 12 53 92 93 16 32 20 54 27 73 38 72 88 43 42 52
93 82 24 77 10 13 12 59 83 8 85 80 91 15 69 6 48 73 1 3 22 67 23 14 16 49 0 25 61 42 75 29 28 55 68 47 89 58 41 43 74 20 87 19 72 33 38 35 18 9 51 52 11 70 27 56 92 84 95 78 63 60 44 21 39 88 76 81 4 86 71 36 26 31 34 62 30 5 46 45 53 65 17 94 7 32 40 79 37 90 57 50 66 64 54 2
73 83 10 40 55 66 15 27 89 75 17 14 28 26 71 58 77 8 3 11 86 22 35 81 63 61 87 45 54 92 65 56 76 48 49 60 94 18 90 29 24 68 79 62 33 21 19 43 59 20 5 7 50 70 72 34 74 51 38 42 82 25 9 46 47 52 6 31 41 93 53 44 0 91 1 37 13 36 23 88 12 78 30 67 85 4 57 80 64 32 95 69 2 16 84 39
76 46 75 58 68 27 25 62 24 12 35 8 95 40 4 73 18 28 89 50 63 71 6 37 21 14 22 74 33 10 53 17 29 57 54 91 3 83 7 80 19 85 70 82 31 2 30 36 88 34 93 87 23 78 64 94 13 72 42 51 9 0 26 61 90 38 43 5 49 32 45 41 86 15 84 59 52 20 60 55 92 44 66 39 79 69 67 77 47 11 56 16 48 65 81 1
36 63 41 9 52 39 76 2 88 89 69 26 40 1 3 32 12 8 56 78 47 55 29 84 10 59 43 80 82 67 87 95 28 7 90 73 19 83 86 27 22 72 46 38 30 48 62 66 92 85 50 91 74 51 71 23 11 49 64 61 14 57 5 21 16 20 6 58 0 37 25 77 42 54 93 75 68 60 94 53 44 4 15 24 13 18 79 45 81 34 33 17 65 31 35 70
55 56 81 86 88 16 80 54 89 5 21 58 20 93 15 25 57 50 62 11 73 74 7 66 29 76 72 46 59 43 70 42 37 75 51 82 91 18 13 26 41 24 68 53 67 90 35 17 64 65 34 3 45 23 6 78 95 49 33 12 32 30 8 0 40 4 83 1 19 52 79 2 14 61 63 31 87 9 92 44 84 36 39 69 77 60 48 47 38 22 94 27 85 10 71 28
2 15 54 39 40 45 19 23 52 33 80 50 34 63 75 5 38 67 6 48 42 49 83 68 43 56 84 94 66 70 25 92 35 81 29 32 37 24 27 1 89 61 28 12 71 4 62 11 14 47 64 60 10 69 13 53 3 46 82 36 72 77 85 20 44 88 93 18 74 22 91 26 21 9 78 58 16 41 17 65 73 0 95 31 86 76 57 55 7 8 51 30 59 79 90 87
91 1 21 25 89 15 94 76 8 14 90 5 32 43 88 77 6 45 33 35 0 78 73 48 53 9 68 66 18 72 24 79 40 92 31 93 67 23 47 49 11 39 82 10 27 65 75 17 87 85 13 84 2 57 86 50 38 22 83 42 63 54 30 80 4 69 71 20 58 41 95 56 55 12 64 29 44 81 34 26 16 61 51 70 3 7 52 60 19 37 74 59 62 28 36 46
91 13 87 72 36 73 55 40 83 93 39 70 76 75 14 8 33 69 12 2 26 24 88 30 49 28 22 60 34 58 0 90 63 65 47 15 10 59 21 50 19 89 56 64 32 54 53 43 41 46 80 68 9 71 81 95 3 66 86 82 11 35 6 92 18 51 79 67 25 1 74 42 52 27 85 78 94 84 23 62 7 44 61 38 5 17 31 57 4 45 16 37 77 20 48 29
24 70 44 5 52 83 22 93 43 39 31 57 1 82 56 36 87 94 7 74 73 0 55 86 42 60 32 27 77 33 69 95 54 61 35 30 10 72 89 51 80 64 91 19 53 26 2 92 38 76 13 65 63 84 75 46 48 8 25 6 79 68 21 28 58 88 40 16 17 4 85 45 18 67 41 66 49 11 3 29 20 12 71 34 14 59 78 62 23 47 90 50 9 15 37 81
27 64 55 77 21 75 24 74 81 49 25 14 36 80 83 40 29 44 43 13 22 60 93 86 17 12 46 2 11 5 41 91 66 58 8 79 50 84 34 3 31 54 32 7 59 38 53 76 23 87 51 10 28 63 85 20 89 16 67 62 56 95 94 26 0 68 35 73 47 71 45 9 33 48 82 88 70 4 18 37 39 15 6 52 57 69 1 30 42 19 61 90 65 72 92 78
23 8 48 4 62 79 19 71 50 31 90 64 40 76 93 20 13 6 3 78 92 70 44 73 61 45 65 91 42 15 69 74 80 0 55 63 53 43 72 46 2 11 88 58 86 68 84 81 7 1 95 12 35 21 16 67 38 33 60 89 66 36 39 14 85 47 82 51 34 22 18 32 49 57 27 9 94 77 37 25 83 75 59 29 52 10 28 26 24 5 41 17 54 56 87 30
92 89 17 51 4 5 87 64 9 13 53 76 8 59 70 74 39 15 16 90 78 93 57 79 91 36 50 10 29 81 26 33 2 48 65 6 18 38 62 7 71 56 11 21 63 58 31 49 41 22 23 3 75 25 88 42 44 34 52 86 54 37 27 28 85 67 45 43 73 12 14 0 66 60 40 80 30 32 82 83 61 47 68 72 77 20 35 1 84 24 94 19 95 55 46 69
80 57 39 43 32 22 0 11 13 78 28 35 83 20 12 1 8 6 76 38 18 92 14 69 21 31 49 48 71 63 7 93 34 89 60 94 24 95 15 66 67 25 79 30 53 51 82 27 40 55 41 9 45 26 44 54 56 81 5 85 68 42 86 64 47 58 61 70 37 77 87 91 72 19 10 59 16 29 4 62 84 36 46 23 88 52 3 75 73 50 17 90 33 65 2 74
78 5 21 47 88 45 65 30 25 71 58 86 10 4 37 3 8 70 33 23 40 15 77 22 83 29 18 56 2 94 34 72 43 35 7 80 54 87 67 57 91 42 17 69 1 66 31 60 46 44 49 82 53 0 13 84 75 41 28 73 74 64 63 11 9 38 50 79 20 61 81 19 89 36 90 76 95 24 52 68 93 51 14 39 48 6 92 27 55 32 26 12 16 62 59 85
55 24 77 72 49 37 23 80 16 9 7 50 53 84 56 91 74 21 45 1 68 58 73 60 61 69 34 70 95 29 93 38 59 22 63 3 76 0 10 36 79 33 86 57 31 17 4 2 28 26 75 85 64 19 40 20 25 71 47 94 88 67 27 92 62 78 32 83 5 43 6 87 66 51 30 54 46 14 89 48 52 44 90 8 11 41 65 39 82 35 18 42 12 13 15 81
84 12 69 75 41 60 94 31 64 77 5 22 47 7 1 4 27 26 35 87 52 39 54 74 62 29 53 91 20 10 73 90 17 59 37 57 83 38 58 0 89 72 23 56 70 81 92 8 68 46 9 51 82 25 30 80 71 19 88 95 78 33 67 63 76 36 18 79 44 55 45 28 43 34 85 13 86 48 40 61 50 93 66 21 65 3 2 42 11 16 14 6 24 49 15 32
73 70 16 71 17 55 35 18 34 76 9 23 44 95 61 66 28 37 46 69 78 14 49 87 64 65 48 8 51 75 29 74 58 19 22 52 53 57 33 67 60 79 5 88 15 40 38 24 3 7 26 36 42 54 83 91 59 45 56 39 81 86 62 47 63 89 32 20 13 25 10 41 27 11 1 85 72 92 93 4 31 82 68 43 12 77 84 0 2 30 50 94 90 80 21 6
89 66 84 70 85 26 69 81 55 63 39 48 75 67 11 94 50 76 47 54 91 1 90 77 9 35 62 3 87 44 51 59 21 33 22 88 32 34 25 40 0 41 73 17 45 57 29 72 80 18 14 20 82 93 31 38 49 83 43 2 79 4 27 42 5 95 74 56 24 52 30 60 6 46 8 92 64 86 7 12 68 36 65 23 71 58 13 78 61 10 37 15 19 16 53 28
86 50 14 34 1 6 8 83 3 51 56 77 47 72 73 11 5 26 39 28 66 35 84 46 25 12 40 52 45 9 81 37 55 17 42 18 57 54 67 16 58 80 59 91 64 85 49 63 27 38 88 21 68 7 19 75 0 87 43 15 82 94 23 90 71 44 53 48 69 29 89 4 65 30 92 74 93 33 31 95 36 78 62 13 76 10 70 32 2 22 41 79 60 24 61 20
63 37 50 59 75 39 3 48 77 26 40 32 74 25 21 55 60 34 53 41 61 82 58 65 86 31 94 30 93 7 1 38 78 70 8 23 54 73 87 43 67 27 76 71 52 4 5 69 91 85 13 66 88 51 46 20 0 33 45 35 81 14 84 17 89 44 36 42 72 9 29 64 47 80 6 79 92 83 10 68 2 18 95 90 22 15 57 28 19 56 49 11 16 12 62 24
83 80 56 63 7 3 77 58 5 32 35 61 93 51 20 30 22 36 6 14 86 71 57 26 53 42 34 0 85 68 78 31 44 23 79 48 87 15 88 74 89 29 18 69 17 28 76 24 64 90 55 37 95 70 1 82 27 8 66 50 11 33 19 10 38 47 73 16 25 72 62 4 92 46 65 52 49 2 43 94 59 12 84 54 81 21 40 67 9 45 13 60 91 41 75 39
13 47 89 33 57 26 36 69 45 21 42 50 12 4 66 19 46 60 64 49 15 70 9 14 24 63 68 88 17 62 55 22 1 23 59 79 20 25 85 72 28 32 30 29 71 5 16 80 54 94 73 76 3 8 41 90 58 53 84 93 39 83 0 91 65 38 48 52 10 27 31 51 61 44 34 87 35 18 40 7 92 81 6 43 78 74 11 86 77 95 56 2 67 37 75 82
62 65 16 81 24 88 20 56 48 11 72 76 75 21 93 30 46 84 47 90 29 92 12 42 69 10 95 44 13 70 8 61 86 5 83 1 54 35 40 94 2 82 68 17 6 28 36 26 59 51 18 80 74 19 41 31 57 49 78 87 50 15 89 52 67 14 60 85 34 66 25 91 4 39 63 79 22 64 7 9 38 37 27 71 55 0 3 23 45 53 32 77 43 58 73 33
17 84 30 75 83 88 38 92 39 25 64 53 35 26 33 11 32 81 40 91 78 95 14 10 58 49 3 21 89 28 20 70 69 37 52 4 13 15 19 54 41 76 0 45 94 51 60 24 93 66 59 22 87 1 16 65 18 46 57 27 86 77 8 73 90 48 62 5 67 74 34 29 71 72 43 7 79 9 55 36 80 2 12 68 82 23 42 85 61 56 47 31 44 50 63 6
55 1 22 50 90 89 74 37 17 67 66 41 54 85 69 87 25 80 77 2 19 11 75 92 42 3 72 33 95 39 83 31 60 5 61 34 21 20 29 7 14 94 38 13 71 73 51 91 18 53 10 16 45 9 23 93 0 63 40 58 35 49 64 47 6 44 8 84 26 68 56 59 52 79 78 46 27 24 36 4 28 82 65 81 12 43 30 86 62 57 76 70 88 15 48 32
44 84 93 80 45 25 3 67 1 71 22 42 77 65 52 13 28 29 0 89 62 5 57 38 41 39 94 70 12 78 37 43 9 33 60 51 68 73 76 64 48 74 49 83 85 23 7 34 17 32 27 55 40 92 24 31 46 61 63 21 88 14 95 90 75 79 56 81 11 69 36 10 20 87 4 19 35 8 30 18 47 86 66 2 6 58 26 54 15 72 59 50 91 82 16 53
0 45 6 29 49 5 15 68 34 58 44 75 2 72 62 56 80 46 22 66 73 41 27 7 4 42 8 52 95 28 14 74 21 36 57 83 12 17 64 87 16 23 92 11 38 59 67 94 40 53 25 48 50 37 18 76 54 91 26 82 47 69 65 85 39 13 1 10 88 9 70 63 77 86 31 51 3 93 24 33 43 32 55 60 71 84 81 20 30 61 35 90 89 19 79 78
13 57 28 59 41 21 71 18 56 70 3 31 53 33 64 68 54 15 14 88 24 45 69 35 29 34 50 9 73 47 25 16 83 8 92 63 0 77 36 81 76 26 49 17 89 75 91 65 40 32 85 48 52 42 82 46 60 74 2 86 44 84 6 94 79 12 51 66 43 10 78 7 27 39 37 90 22 20 1 11 58 19 72 62 95 23 30 5 67 55 38 61 4 80 93 87
73 86 18 81 14 43 17 50 51 89 9 52 45 87 16 6 78 33 59 93 49 80 22 55 92 1 64 23 91 7 20 72 90 19 3 37 4 58 62 25 29 28 66 24 40 13 12 85 35 42 54 88 48 38 71 60 30 83 27 76 63 31 75 34 8 79 47 44 53 36 39 77 65 2 95 11 0 67 21 56 26 10 74 15 84 70 68 94 46 61 69 5 57 82 32 41
83 6 57 81 88 52 82 85 1 5 42 67 93 18 89 29 72 94 61 41 45 34 15 58 39 24 31 12 86 35 21 26 17 49 50 73 71 33 48 32 30 38 84 13 19 37 22 68 3 66 91 70 20 46 69 65 28 80 53 40 10 47 87 95 92 75 55 25 56 4 76 8 16 51 74 90 79 2 64 36 59 0 60 11 23 54 43 7 62 27 14 44 63 78 9 77
29 67 5 51 85 62 15 60 0 87 88 64 24 50 89 55 18 63 7 10 74 8 77 94 95 31 66 79 80 38 19 3 53 68 21 25 78 48 57 11 32 92 4 69 12 86 30 6 41 90 46 72 73 13 61 42 76 58 20 22 65 54 43 52 44 27 56 71 1 82 16 17 81 39 83 26 35 36 37 33 45 23 91 34 59 49 9 70 14 2 84 40 75 47 28 93
78 83 15 9 31 90 7 41 22 32 11 62 69 74 75 36 40 66 1 12 18 64 47 3 73 93 28 82 86 20 56 49 35 72 58 46 55 17 71 27 43 94 42 91 89 70 61 63 16 39 76 79 84 80 81 52 54 77 60 29 38 5 53 87 19 50 57 48 34 51 37 8 68 14 26 23 30 4 0 25 33 85 95 92 2 65 67 6 10 88 45 44 59 24 13 21
71 19 28 87 67 16 34 94 35 6 63 54 24 44 13 60 25 47 37 48 14 73 11 84 77 86 17 26 39 9 2 52 95 43 46 1 29 76 72 92 27 69 20 12 57 32 85 45 38 80 49 5 93 41 31 22 10 8 82 18 21 81 33 62 3 15 56 78 91 58 51 50 42 0 53 55 74 88 79 59 61 90 65 68 23 36 40 66 7 83 70 30 89 75 4 64
16 78 81 54 46 50 9 41 73 21 53 51 72 82 44 49 28 69 12 76 95 85 23 58 3 35 93 8 70 13 59 24 34 80 5 64 91 87 62 65 88 38 84 29 2 4 10 42 94 39 27 55 89 25 0 6 90 31 57 75 71 67 19 74 14 63 79 83 22 40 68 92 61 32 86 48 37 15 66 33 52 11 18 30 56 26 60 20 7 36 45 47 1 77 17 43
9 50 75 89 30 86 2 8 69 95 66 84 26 41 79 6 21 92 7 62 59 18 16 11 67 74 71 28 77 56 13 64 5 33 42 90 37 43 91 51 10 80 15 68 0 63 29 31 82 12 24 35 57 83 61 36 44 60 20 55 58 45 3 76 70 94 52 47 49 14 34 93 87 1 17 53 48 32 25 72 40 73 81 22 85 46 39 78 65 23 4 38 27 88 19 54
68 7 82 25 65 23 15 57 92 31 90 53 33 48 46 54 51 80 86 91 49 61 4 2 55 6 66 29 5 22 73 59 56 62 17 1 76 60 88 64 95 34 42 43 12 16 94 32 75 18 45 21 27 79 36 89 50 39 14 3 70 85 47 38 67 11 69 71 26 41 40 93 52 87 10 8 9 63 30 81 77 83 58 20 0 78 24 28 19 35 13 37 84 74 44 72
44 38 18 92 90 50 65 85 11 60 71 29 95 42 86 89 34 72 33 77 61 14 69 76 82 1 87 9 26 41 57 64 28 63 6 78 17 5 15 12 25 35 40 48 59 54 75 83 37 67 10 93 16 4 20 73 79 21 19 51 81 52 47 74 27 94 91 36 7 8 62 39 58 70 45 56 49 0 84 88 80 30 66 53 23 68 31 3 22 55 2 32 24 46 43 13
3 45 5 78 92 65 31 80 23 20 19 46 22 1 69 94 84 87 30 44 53 89 26 82 56 72 88 70 8 57 83 77 36 74 86 43 95 47 33 11 64 55 29 68 59 66 42 0 90 7 32 13 76 58 37 93 39 85 35 79 52 16 49 17 91 61 71 21 4 10 15 12 34 40 62 14 63 18 54 41 24 38 51 48 25 60 27 6 81 2 67 50 9 73 75 28
26 59 10 47 29 3 64 58 81 27 48 45 34 23 53 70 56 92 20 51 76 33 67 55 87 31 69 73 40 68 61 65 5 16 14 88 79 4 8 35 38 11 75 44 83 43 78 13 94 28 66 17 49 86 15 91 72 36 84 89 77 90 50 7 52 80 63 0 42 2 71 60 82 21 95 62 30 25 54 41 22 32 24 39 93 19 85 37 1 12 74 46 9 6 18 57
89 34 94 83 1 88 78 33 90 41 28 86 35 3 26 95 92 4 50 69 0 19 79 18 30 38 23 29 42 65 61 55 49 14 11 48 57 75 74 40 32 22 54 6 71 91 44 81 64 85 2 52 13 36 56 43 58 51 8 73 46 15 10 39 67 72 63 62 20 21 37 9 25 45 5 16 47 80 59 12 68 27 93 76 70 7 82 77 87 60 24 17 53 31 66 84
62 11 88 25 5 51 28 6 3 1 7 83 20 43 94 45 38 74 69 2 81 21 26 19 93 24 31 59 75 84 66 15 89 17 72 46 54 61 44 36 42 4 71 49 37 57 92 55 34 80 40 70 90 58 82 0 10 33 91 22 64 23 50 77 27 8 18 85 52 60 79 68 13 73 53 16 67 39 41 86 95 9 32 47 12 35 29 14 56 30 76 78 65 48 63 87
92 83 62 69 40 52 93 11 35 68 5 34 6 66 12 76 8 23 7 94 59 15 18 78 45 0 74 9 27 41 30 90 61 36 57 70 39 46 77 20 32 16 85 24 63 88 73 10 4 2 47 75 48 80 81 72 37 87 13 84 3 79 51 58 29 91 1 50 55 49 71 67 44 38 60 17 82 25 19 43 65 22 26 54 14 64 89 53 86 56 21 31 28 95 33 42
35 84 19 74 31 1 91 89 7 73 81 68 78 64 21 8 60 26 11 6 40 16 13 62 88 65 83 85 70 28 57 39 24 67 38 17 2 86 36 12 79 66 10 25 50 49 54 90 32 94 43 37 76 46 48 63 53 4 27 42 33 93 5 52 77 72 55 23 87 41 44 51 22 30 56 15 71 14 59 29 3 9 18 75 58 47 92 82 95 0 45 61 69 80 34 20
35 27 62 1 72 70 20 11 49 43 39 38 42 51 2 56 68 80 88 59 85 10 34 55 66 32 16 48 54 94 78 77 17 45 21 19 82 5 31 4 89 84 26 30 23 60 7 13 52 91 87 73 58 74 8 57 14 24 93 47 75 0 44 63 33 46 15 90 67 41 6 64 81 50 61 22 29 9 18 71 83 53 36 65 69 37 3 92 12 86 95 79 76 40 28 25
37 90 50 54 32 20 89 11 1 15 35 69 8 72 22 88 68 94 46 81 79 59 83 38 48 64 95 29 91 93 53 80 34 49 62 76 31 84 52 30 41 2 60 25 27 77 82 7 39 5 61 47 45 66 87 0 71 14 63 85 16 19 18 28 33 43 36 4 51 42 12 17 10 70 67 44 3 78 75 56 9 74 40 92 26 13 58 6 21 86 73 65 57 55 24 23
37 10 93 31 79 27 63 17 1 59 22 5 77 45 2 12 4 89 34 87 40 28 68 6 41 14 94 24 71 92 42 56 65 18 3 0 72 67 9 76 13 7 78 83 62 25 29 82 66 58 48 84 21 35 33 11 90 43 30 8 50 69 44 91 16 32 80 15 36 75 20 53 26 47 49 74 52 73 88 85 86 51 70 61 39 57 19 64 60 95 23 46 38 54 55 81
60 17 0 11 55 25 27 70 33 79 91 94 53 6 45 46 4 59 21 84 44 42 83 57 49 3 64 43 5 9 67 62 26 31 48 52 80 90 36 8 71 56 95 51 63 78 28 16 13 29 65 24 22 87 7 12 81 10 14 58 66 18 50 93 68 1 69 34 39 30 77 23 20 54 82 41 38 76 61 15 37 92 19 47 73 85 35 74 2 32 88 72 75 89 40 86
0 88 23 4 5 55 47 22 56 67 11 90 16 89 73 76 62 6 54 51 29 27 24 52 43 61 60 86 58 69 71 28 57 72 79 21 77 32 93 84 80 74 2 17 92 59 34 68 36 53 18 63 94 83 12 87 75 19 70 81 41 42 31 35 33 44 15 30 46 9 37 66 64 10 3 25 85 20 7 38 65 39 48 40 49 45 82 1 26 8 14 50 95 78 91 13
83 92 12 71 69 37 58 43 38 23 8 54 61 49 52 59 42 25 80 0 68 11 34 9 85 75 27 29 22 7 6 79 56 26 21 45 13 3 89 44 33 55 36 64 15 50 74 84 24 63 87 66 78 94 40 51 93 90 19 57 16 31 47 76 48 17 81 95 88 4 86 65 32 41 39 2 5 35 82 14 77 60 20 73 91 18 1 72 46 53 30 10 28 70 67 62
58 75 8 41 4 91 63 45 6 7 53 43 22 10 47 55 90 92 77 71 81 85 94 35 89 21 46 76 87 73 31 74 82 80 68 78 66 30 24 20 28 54 56 65 23 14 18 67 62 15 70 44 83 38 13 48 39 19 36 37 69 72 9 2 52 1 59 51 57 5 16 12 42 60 95 64 29 86 27 84 32 79 50 61 26 33 25 88 11 40 34 17 93 0 49 3
24 51 21 63 75 91 41 54 61 45 10 23 60 34 82 36 56 35 78 5 77 85 7 8 40 92 73 6 62 50 27 29 81 11 83 39 30 2 43 94 95 89 86 14 57 87 72 71 4 38 79 25 53 3 66 64 65 37 58 70 0 59 52 80 47 19 46 32 20 88 1 18 69 9 93 28 16 55 12 17 49 26 67 68 33 42 76 48 90 31 15 74 84 13 22 44
26 62 89 4 34 85 84 57 7 83 30 92 18 12 9 35 53 6 1 24 13 74 3 55 40 82 95 78 46 41 38 54 91 42 15 0 22 72 11 16 36 73 76 27 19 79 63 60 51 21 50 43 90 28 25 48 31 58 87 20 88 56 47 10 59 61 70 77 37 44 93 71 33 75 14 2 65 17 64 45 80 66 39 29 81 86 69 67 49 32 52 23 8 5 68 94
34 12 95 87 1 63 72 40 57 3 74 14 37 52 77 89 24 11 85 50 7 82 65 4 94 22 66 46 10 39 80 13 83 18 71 41 49 58 60 48 84 81 54 33 47 55 75 91 36 64 6 78 61 68 53 92 76 31 38 2 17 79 30 28 73 0 19 59 62 70 56 35 45 20 88 32 5 86 26 15 90 93 51 16 29 42 69 67 43 8 9 23 21 25 44 27
37 25 68 2 42 38 30 17 40 66 20 48 47 54 12 24 1 92 44 26 91 63 6 81 80 95 16 5 84 88 83 4 23 43 28 39 13 45 94 65 60 73 58 19 49 3 22 55 52 53 41 50 46 89 57 21 90 61 36 14 18 32 82 75 15 72 56 7 64 62 59 69 71 34 85 31 86 35 27 8 77 51 0 70 76 79 29 93 74 11 33 9 10 87 78 67
72 29 94 77 56 51 76 19 10 37 45 68 18 23 50 84 95 9 31 53 16 49 36 14 87 12 43 67 93 88 78 85 90 75 32 92 46 54 89 66 57 24 61 30 55 74 15 83 58 8 28 65 63 38 26 4 1 71 48 0 34 91 27 13 44 6 52 5 82 20 73 3 62 47 41 59 17 64 7 21 35 60 39 25 86 11 80 40 42 33 69 81 70 79 22 2
89 33 66 51 57 5 36 86 2 81 53 38 68 94 90 15 18 47 43 48 7 64 26 8 58 75 71 70 39 76 9 32 92 24 31 19 30 62 52 82 41 95 72 6 22 1 28 25 46 67 13 55 60 73 88 0 49 87 44 91 42 23 83 63 40 79 14 85 3 61 17 37 16 10 20 69 56 27 11 59 4 65 54 78 45 74 93 12 35 34 77 80 84 29 21 50
39 35 15 91 88 57 80 36 3 48 29 46 5 24 87 31 58 61 85 7 79 92 41 14 64 77 22 17 23 25 19 4 16 55 10 95 42 47 73 60 69 9 59 43 1 44 32 30 68 11 83 93 62 34 20 8 74 26 75 63 40 50 27 81 90 76 54 52 51 49 78 6 37 89 2 0 67 21 72 28 84 86 45 70 82 94 66 13 56 71 53 65 38 12 18 33
54 48 32 3 18 47 59 82 38 27 66 86 1 58 73 61 84 85 30 26 21 69 15 53 13 81 57 33 24 70 87 8 46 78 71 0 39 6 44 43 88 17 91 83 76 29 40 49 52 94 11 64 62 19 74 7 34 22 20 41 14 5 80 4 55 31 92 10 37 51 79 90 23 36 63 35 89 9 95 2 45 72 56 60 68 50 25 65 12 42 67 75 93 77 28 16
19 56 23 28 95 43 60 1 4 63 39 77 83 64 49 40 50 13 35 93 16 84 90 59 70 38 12 20 88 29 67 44 14 54 9 86 11 5 53 27 33 10 68 74 94 8 81 21 61 48 71 75 89 42 34 55 17 18 65 87 36 58 15 41 0 37 45 92 72 76 6 91 31 30 57 7 25 78 52 51 66 24 62 46 32 3 69 85 79 80 47 22 26 2 82 73
51 45 79 36 17 15 24 90 80 3 21 55 6 16 37 35 69 39 59 65 62 4 20 8 41 33 19 38 94 29 49 78 14 28 25 63 74 67 84 31 27 93 12 61 52 60 91 2 92 72 56 70 34 13 26 77 75 73 53 46 10 7 30 43 5 11 89 85 71 42 22 68 82 83 44 0 81 87 58 48 50 64 66 88 47 1 86 57 76 23 54 18 32 95 9 40
44 20 60 10 37 69 55 31 40 89 61 49 27 56 64 42 8 18 21 0 51 88 32 72 70 36 52 87 90 24 26 5 17 77 19 86 62 95 4 33 30 7 78 29 47 80 59 6 14 82 67 74 85 73 71 50 1 94 58 68 91 93 43 15 28 63 46 23 16 65 12 34 53 84 54 45 66 83 2 41 81 75 39 3 22 76 11 79 9 57 25 35 38 48 13 92
15 78 71 52 60 69 74 84 7 2 18 80 5 94 50 20 41 44 24 79 90 57 25 87 62 29 93 64 11 59 27 61 73 39 76 82 4 46 23 70 54 32 36 13 75 85 30 86 92 55 66 88 95 22 47 89 68 81 63 65 1 19 12 16 83 48 56 43 34 33 6 67 91 8 40 28 10 37 51 0 35 9 31 53 3 38 49 14 77 21 45 17 42 58 26 72
56 55 34 1 35 93 27 21 41 13 81 17 39 94 83 91 76 64 52 15 92 20 28 8 31 38 80 61 62 69 36 57 95 77 89 65 22 7 60 24 72 2 18 37 84 90 63 67 9 32 12 5 78 74 86 50 4 59 49 53 51 6 42 19 68 73 46 10 45 26 87 33 71 30 47 54 25 82 14 85 79 44 0 48 40 29 66 75 88 58 70 43 16 3 23 11
93 82 9 56 58 38 5 75 46 48 53 13 81 44 52 20 39 54 83 79 59 35 74 3 0 95 49 73 22 61 28 91 40 34 92 71 23 84 62 85 2 10 17 12 6 11 1 57 26 68 87 43 47 42 88 60 29 67 89 55 36 64 76 90 15 86 51 77 14 72 27 30 70 7 25 4 31 80 32 69 18 19 24 37 41 8 78 33 94 66 21 16 50 65 45 63
24 60 95 37 10 9 85 91 28 82 48 18 41 35 7 2 92 58 44 71 52 54 87 31 53 43 72 80 50 69 86 33 15 63 93 16 0 75 19 29 56 68 17 89 39 14 49 30 32 8 23 77 90 55 65 79 34 25 73 5 46 88 1 57 26 76 6 21 94 11 59 3 38 47 64 67 4 45 83 12 13 20 62 70 74 51 27 61 42 36 40 81 66 22 84 78
18 94 9 15 40 10 7 34 69 0 93 73 75 4 52 45 47 62 25 42 61 11 77 53 80 84 95 20 37 48 2 43 51 17 90 76 16 29 60 13 8 83 67 63 22 12 92 5 30 38 41 64 26 44 88 91 71 81 74 33 31 86 70 72 39 46 54 24 36 68 6 57 55 85 3 14 1 32 82 56 50 23 58 21 66 35 28 89 59 27 65 87 19 49 78 79
41 13 33 18 77 45 11 94 48 49 84 83 70 3 67 1 44 76 90 24 53 31 82 14 72 64 69 10 38 92 27 60 29 39 87 62 61 34 35 75 8 85 65 9 58 6 47 66 57 7 54 88 78 91 21 22 93 36 86 30 81 15 40 89 74 5 23 59 43 52 19 20 26 71 56 50 17 28 46 55 73 12 79 4 51 80 95 2 0 16 32 68 37 63 42 25
9 64 93 83 77 51 1 45 70 44 68 23 50 33 67 78 42 82 3 18 59 26 58 61 57 20 47 84 15 86 6 13 71 2 81 76 7 74 72 53 90 55 91 5 73 62 79 52 36 25 63 85 39 16 56 48 80 8 30 21 10 69 22 43 66 89 11 19 37 41 60 14 54 88 95 92 34 46 31 0 29 40 4 24 38 17 65 94 87 12 27 75 28 49 35 32
55 34 1 78 81 23 72 46 12 84 10 39 5 7 85 59 36 40 15 6 82 79 76 0 75 71 74 3 28 31 93 73 68 32 22 57 42 66 62 47 87 30 52 26 18 90 41 17 50 53 64 37 69 4 27 60 67 95 49 9 20 58 14 94 24 48 21 88 86 38 91 65 89 45 70 13 8 25 51 83 19 80 43 63 44 16 54 2 77 92 61 33 35 11 29 56
82 49 24 15 91 90 75 3 86 80 74 92 93 85 77 56 58 54 89 17 88 22 69 10 84 32 2 5 48 44 12 57 40 23 33 11 31 64 46 76 21 51 35 81 47 9 14 29 65 0 42 27 30 19 53 36 16 39 55 71 63 68 25 52 38 6 67 60 37 50 59 70 13 78 7 72 87 83 41 79 94 34 95 18 45 73 43 1 26 66 61 4 62 8 28 20
54 66 73 18 59 63 27 92 2 87 79 93 29 40 65 47 75 70 48 68 74 50 58 82 83 78 52 49 34 77 53 6 36 41 25 12 44 26 84 35 94 38 37 45 51 89 56 20 90 9 28 22 23 15 19 64 67 33 16 0 42 5 3 95 7 81 72 88 76 4 17 71 62 10 8 55 80 13 57 61 21 30 46 24 86 39 60 85 32 43 91 14 31 69 11 1
95 5 94 11 38 42 57 72 54 19 18 33 51 3 56 14 46 9 1 65 52 74 63 48 86 30 50 68 69 28 61 87 93 37 10 82 92 36 76 39 27 64 23 24 47 84 21 60 88 8 43 4 81 75 62 29 34 16 7 0 73 85 44 20 53 78 32 13 80 26 70 71 22 15 6 77 35 2 31 49 59 89 66 90 41 58 79 45 17 40 55 83 91 12 25 67
77 68 50 9 37 71 85 91 23 29 65 10 61 22 26 48 3 15 1 51 82 28 20 94 39 49 59 79 87 56 70 72 43 5 95 69 45 47 88 64 84 31 36 53 18 8 60 14 78 89 7 41 83 66 17 93 80 75 27 6 13 63 24 21 58 62 67 74 0 2 33 30 11 44 4 25 16 73 81 34 19 35 12 40 46 38 90 42 86 92 55 32 54 52 57 76
87 76 29 42 16 93 88 35 86 41 66 49 71 51 81 23 17 83 9 8 50 85 27 10 20 37 47 70 77 15 56 62 69 26 55 73 22 82 53 58 60 91 6 80 0 61 28 45 72 59 65 90 48 94 46 7 64 95 63 38 43 13 19 52 14 67 31 39 36 21 89 12 2 5 84 57 1 44 74 33 34 11 78 3 92 79 32 30 24 25 4 75 54 68 18 40
95 61 21 35 71 27 20 91 16 53 78 25 5 26 7 73 77 49 89 1 44 6 75 12 72 17 38 68 67 64 10 22 70 28 83 37 2 80 82 58 85 74 65 81 40 18 92 51 33 47 24 23 50 15 79 29 45 59 69 30 36 63 62 56 54 19 86 94 32 43 66 39 55 11 48 93 31 57 9 34 46 41 42 14 3 90 88 4 8 84 87 52 76 60 0 13
89 20 1 45 29 17 22 53 67 42 37 58 11 16 80 66 77 55 56 90 31 36 59 49 82 48 33 91 81 19 38 14 62 88 43 51 24 83 92 41 47 52 21 2 93 86 27 60 25 44 54 10 57 40 78 12 87 76 50 18 30 13 46 73 26 9 84 95 39 15 74 0 70 28 69 71 68 7 35 94 34 65 8 5 32 79 75 72 64 63 6 3 23 4 61 85
92 95 51 84 56 66 81 90 14 35 49 80 85 0 10 86 30 26 67 44 61 4 60 71 64 12 54 57 47 74 93 5 76 9 25 16 24 83 38 88 55 34 43 3 91 72 32 8 33 73 50 2 11 22 82 40 79 58 77 29 75 37 94 6 41 46 78 18 59 53 21 13 68 20 7 28 1 62 19 65 15 45 89 52 70 36 42 31 39 48 27 63 23 69 87 17
52 93 29 10 21 35 61 24 16 59 73 19 87 31 6 42 79 27 23 5 85 7 32 53 18 8 71 68 47 57 62 66 50 38 75 17 15 0 37 60 36 26 45 90 25 13 56 76 44 43 12 51 46 72 80 94 91 49 65 33 84 81 89 11 78 3 14 58 69 41 1 86 55 40 4 28 70 92 54 83 48 2 20 64 95 9 88 74 67 82 30 39 22 63 34 77
63 49 77 43 74 89 85 2 35 68 75 42 29 91 15 56 37 30 10 94 13 16 12 81 90 78 84 48 88 93 64 82 8 54 26 19 79 50 21 7 65 59 4 70 9 86 60 55 33 73 46 52 62 41 25 3 28 20 72 39 24 57 67 51 5 23 80 32 83 36 6 40 76 66 22 45 69 34 31 38 1 44 18 95 58 87 71 17 53 27 11 14 47 61 0 92
18 38 55 37 89 5 49 0 76 13 10 8 7 73 88 33 92 91 84 50 42 15 80 20 93 90 83 34 51 25 31 66 59 45 94 28 21 69 48 68 47 65 19 71 77 4 78 35 14 61 62 67 12 9 41 70 74 43 79 22 82 29 3 81 44 40 72 30 23 6 39 87 54 17 27 56 85 24 86 53 26 32 2 57 11 95 75 46 16 63 52 60 58 36 64 1
29 12 10 1 78 31 88 45 73 25 68 92 21 2 71 15 28 61 16 50 84 46 30 6 51 32 36 20 53 35 34 95 93 59 24 43 14 82 0 72 38 49 79 3 85 55 86 40 94 9 80 48 74 81 17 5 41 37 69 23 64 90 83 70 87 7 33 39 65 63 8 58 75 76 42 22 57 11 60 62 26 67 52 4 66 56 89 47 13 27 91 19 44 18 77 54
60 22 38 54 87 37 90 47 40 88 4 59 33 80 56 35 12 36 13 79 2 52 8 93 5 14 19 50 27 46 64 48 92 63 91 23 70 76 82 85 10 62 1 3 69 68 24 74 65 15 21 86 95 81 20 28 57 89 45 26 18 30 49 77 7 78 41 39 75 17 73 55 16 71 58 32 61 43 6 44 11 25 9 34 84 0 42 67 51 53 31 72 29 83 66 94
40 32 36 20 63 62 67 51 49 78 6 16 48 55 65 77 31 7 25 17 91 88 71 13 12 64 59 22 89 90 81 19 56 66 29 18 11 72 8 84 79 86 10 85 42 75 54 23 57 87 69 39 44 37 43 14 26 46 0 30 70 38 73 27 82 45 15 52 5 53 95 3 2 50 94 76 4 21 93 41 24 74 47 80 68 83 9 58 35 28 33 1 34 60 61 92
35 84 94 87 1 68 50 28 80 79 16 2 12 95 31 39 42 22 76 24 56 44 60 26 21 37 40 49 93 10 90 73 5 83 14 57 58 59 81 9 13 18 67 23 75 55 77 52 91 74 20 48 46 65 69 54 15 51 41 32 88 19 27 86 29 64 62 72 17 47 8 38 71 34 92 63 61 33 3 36 85 66 82 70 11 45 4 43 0 6 78 30 7 25 53 89
50 26 17 35 31 79 95 71 28 84 65 30 92 87 6 89 64 53 63 25 23 11 4 59 86 82 69 55 42 58 77 0 15 40 32 81 80 27 68 22 18 76 29 54 12 93 36 34 72 46 70 39 9 75 1 94 56 10 3 33 21 38 67 49 44 8 14 20 62 24 45 37 16 90 57 52 85 7 19 5 60 83 88 2 66 78 48 47 91 61 74 73 43 51 13 41
17 26 84 61 82 20 11 31 47 71 32 22 92 63 62 51 35 9 74 28 65 81 52 78 45 58 93 91 2 8 64 70 14 56 69 15 86 55 46 30 34 13 41 57 76 80 36 19 1 54 5 6 59 25 38 60 7 89 75 73 0 66 72 16 39 3 44 83 49 42 12 33 50 53 68 90 37 24 85 27 95 88 40 10 48 77 21 87 43 29 94 18 79 23 4 67
29 53 40 22 32 56 44 9 69 5 17 42 18 41 81 27 34 85 38 65 24 16 94 78 26 80 66 23 57 71 15 70 54 21 4 13 19 76 60 77 93 11 47 14 61 48 83 59 67 92 1 74 64 82 91 72 43 58 12 2 46 10 95 30 28 35 52 39 62 55 7 37 75 87 84 51 73 20 45 68 25 63 8 50 36 89 49 79 6 3 33 0 88 31 90 86
4 31 73 45 29 83 59 47 82 11 3 53 50 46 92 33 44 5 37 48 72 40 2 68 7 84 28 78 81 57 70 39 89 66 65 32 95 38 74 23 56 75 79 35 8 12 87 9 36 94 0 62 14 91 13 10 51 77 42 69 80 19 18 64 1 17 20 49 21 22 16 67 60 61 88 90 34 71 93 76 30 86 27 24 54 15 55 26 43 25 6 63 85 52 58 41
93 87 2 21 66 23 74 51 69 55 19 4 47 90 43 5 72 29 65 22 95 52 68 11 48 37 36 67 64 9 73 18 24 79 1 44 3 49 31 20 78 10 91 63 84 76 54 56 6 32 53 50 33 86 38 77 83 26 39 70 17 28 35 89 14 41 60 40 15 81 92 45 30 88 34 42 80 82 25 16 75 57 13 71 85 46 58 8 27 62 0 61 94 59 12 7
83 36 67 89 23 86 62 42 68 79 80 81 93 35 91 27 46 60 94 25 5 29 50 38 87 95 69 24 88 15 40 55 2 54 20 76 26 19 41 45 61 71 0 77 32 17 78 21 30 3 49 47 28 65 18 44 53 84 10 66 85 90 82 9 43 56 92 75 11 39 64 16 34 57 31 8 58 59 37 74 14 33 73 7 13 72 22 51 63 6 52 12 4 48 1 70
46 18 16 26 87 6 57 13 93 41 95 80 42 79 1 75 40 9 52 44 29 14 92 37 74 83 15 62 17 60 50 39 67 33 38 71 70 59 90 5 55 7 72 76 51 36 81 34 84 21 19 30 27 88 68 85 61 64 25 10 53 28 35 45 86 23 82 91 66 24 0 32 77 4 89 73 63 22 94 56 31 54 20 47 43 69 78 8 12 2 11 65 3 49 58 48
93 72 82 50 18 66 64 73 90 76 61 35 85 14 47 10 22 37 84 81 83 52 68 80 53 70 79 95 20 3 87 38 89 51 1 42 44 78 34 48 55 9 16 91 25 57 92 62 30 26 23 11 75 33 67 17 71 46 27 5 6 28 36 24 31 49 74 59 19 54 63 39 56 86 88 13 2 40 32 8 94 60 77 12 7 4 69 41 45 29 65 43 15 58 0 21
16 84 44 55 10 56 58 80 0 52 60 7 73 38 67 18 81 28 49 13 25 91 32 61 31 43 42 29 35 14 22 5 36 45 2 88 86 41 82 65 79 15 53 50 69 51 54 4 72 92 68 6 90 93 77 34 1 62 17 24 11 70 3 9 78 83 59 76 27 30 12 21 87 85 89 95 66 40 47 37 64 48 71 39 74 57 8 20 23 46 33 26 75 19 63 94
34 62 53 68 85 88 93 31 82 6 3 83 23 64 89 11 47 14 95 2 24 16 28 87 90 48 4 58 57 32 13 76 56 78 17 35 22 54 79 27 19 0 1 33 75 74 15 67 55 20 50 61 46 41 40 81 59 94 63 5 26 29 92 70 7 18 86 52 39 44 38 80 91 37 66 72 25 73 77 42 60 84 43 45 51 49 65 30 12 36 9 10 21 69 71 8
87 79 44 40 18 3 33 93 67 72 16 31 81 6 86 84 26 94 47 39 1 52 66 13 59 29 7 48 77 45 51 9 78 92 25 23 36 0 49 95 34 50 91 76 30 32 14 43 61 90 60 62 73 38 20 58 4 15 54 88 63 56 74 64 75 89 80 5 2 46 17 70 83 21 42 10 65 82 27 19 71 41 69 53 22 55 12 8 57 28 68 11 35 37 24 85
72 27 45 88 32 13 54 31 41 90 24 26 81 94 84 1 51 86 40 36 14 0 79 42 21 15 6 89 29 57 73 35 38 69 56 70 47 55 76 33 28 4 48 59 62 92 53 82 78 65 30 87 11 5 93 60 50 16 80 18 66 43 19 37 71 39 3 9 68 75 52 74 20 63 49 77 44 64 91 17 12 2 67 8 83 22 95 25 58 7 34 85 61 10 46 23
60 61 92 33 48 27 54 77 46 5 67 76 25 24 19 36 90 73 2 85 81 59 83 47 63 84 18 64 52 69 88 13 26 35 74 37 14 95 87 53 56 38 8 51 71 49 58 28 93 66 12 45 0 68 7 32 4 31 55 20 16 21 9 57 22 79 17 91 11 34 6 72 80 15 43 1 50 3 42 78 44 30 82 94 75 70 40 89 10 86 23 29 62 41 65 39
93 46 12 49 39 38 19 69 8 78 9 35 54 11 18 2 29 77 13 3 14 44 23 59 79 6 47 34 37 52 92 53 33 67 85 64 55 25 68 86 48 24 40 74 15 76 71 94 66 0 22 21 63 60 91 81 16 45 43 36 88 73 17 65 80 87 82 75 7 30 61 28 57 84 10 62 5 20 41 32 95 4 83 1 70 31 89 56 51 58 27 72 42 90 50 26
20 45 62 28 6 93 57 11 66 40 24 47 16 65 86 54 89 70 13 14 51 71 46 30 32 21 8 43 72 63 3 95 52 39 18 36 7 58 17 12 41 1 92 78 5 90 31 44 69 22 73 76 55 37 19 48 42 23 34 29 50 85 56 79 2 67 35 81 91 80 27 88 26 87 49 25 10 53 75 9 60 59 83 38 15 61 33 0 82 74 94 77 84 64 4 68
48 28 94 85 88 37 69 34 1 52 80 11 27 79 20 14 18 51 21 67 46 84 62 12 45 92 4 59 75 10 49 9 87 15 32 63 57 56 93 16 74 42 71 29 24 76 68 83 8 30 6 53 95 82 54 36 31 61 60 43 78 38 91 41 26 64 35 40 70 23 58 73 65 66 39 0 55 50 44 90 5 2 86 81 19 17 89 77 47 7 25 33 13 72 3 22
38 53 30 68 18 66 60 10 64 73 16 69 44 50 92 19 51 75 57 93 54 6 13 14 29 3 24 32 17 67 45 46 35 70 1 2 12 20 52 36 27 7 55 11 49 22 81 4 79 94 0 34 90 86 82 84 28 76 91 47 59 88 40 25 62 58 31 95 78 65 89 63 56 37 8 85 48 26 42 87 21 71 41 9 83 80 72 23 74 61 33 77 39 5 15 43
10 63 7 37 88 12 48 95 26 20 3 13 71 93 21 57 69 5 90 1 24 68 80 78 40 82 43 55 32 94 83 18 92 84 36 62 15 46 39 70 41 85 86 11 79 9 77 34 19 27 0 50 42 87 28 45 22 59 56 64 67 58 60 23 8 4 76 61 30 47 81 31 49 65 72 6 17 66 2 33 54 51 74 91 14 52 89 73 29 75 25 53 16 44 38 35
5 93 1 43 34 85 23 0 66 55 71 4 11 78 26 45 40 17 36 50 16 80 32 63 95 7 70 9 12 60 69 76 33 14 56 51 84 91 48 39 52 64 88 24 81 68 62 25 46 19 35 44 49 87 41 67 13 27 21 57 75 37 65 82 59 58 38 61 73 20 72 47 31 18 42 89 22 53 83 28 74 10 77 15 92 3 2 79 54 30 29 94 90 6 86 8
52 54 76 12 77 58 50 11 10 62 57 19 86 56 2 33 79 92 25 13 69 95 5 28 18 34 55 64 24 75 51 16 47 20 78 1 60 8 71 48 21 65 42 39 91 63 90 6 88 41 0 37 29 17 67 14 32 44 61 81 30 38 74 45 35 53 26 43 73 46 4 94 85 59 9 40 83 15 70 82 36 93 87 89 22 49 7 68 72 66 31 27 80 84 3 23
66 32 25 27 2 82 38 3 81 77 93 65 47 94 59 63 58 36 17 80 43 29 61 34 35 56 28 75 78 85 70 45 31 24 23 11 71 8 1 6 84 26 39 68 10 90 73 54 67 57 42 83 13 60 30 87 0 53 46 40 5 55 62 22 79 12 76 18 91 15 51 19 52 7 9 48 41 92 64 4 44 14 20 74 89 69 16 50 72 21 86 37 95 88 33 49
21 27 43 52 80 57 8 87 33 4 71 72 81 73 48 44 38 56 23 24 18 12 53 7 42 77 82 60 91 15 83 92 40 55 90 10 65 19 51 32 45 59 75 34 22 50 93 16 17 94 63 54 31 14 86 35 69 37 49 67 30 39 47 74 58 78 0 95 85 3 28 61 2 36 26 9 46 13 66 20 25 68 79 6 62 5 1 11 89 64 41 29 76 84 88 70
93 53 27 85 10 80 31 15 51 81 33 50 5 78 45 95 58 39 65 68 16 20 57 19 73 90 70 77 0 72 61 89 62 17 76 60 3 30 18 64 14 79 25 36 28 63 69 4 32 35 37 49 8 92 56 59 48 21 44 34 47 1 82 74 55 13 52 84 42 22 41 86 11 91 87 24 46 43 26 29 40 6 2 83 67 7 88 38 54 12 94 23 9 66 71 75
28 94 27 81 43 10 85 77 46 62 88 84 64 95 67 11 1 12 3 31 9 33 86 20 19 15 55 52 82 93 68 25 63 44 41 76 30 59 36 24 92 7 21 0 70 22 49 73 53 2 4 50 56 60 13 65 42 79 45 38 47 83 14 32 69 39 72 66 57 23 16 26 35 40 34 90 54 75 48 89 71 5 37 6 74 91 80 8 58 87 51 17 78 18 61 29
83 90 63 68 22 71 21 13 53 46 78 30 80 47 10 15 43 55 57 1 92 66 12 25 29 79 39 37 35 58 74 20 9 87 26 62 23 11 0 33 38 49 93 65 18 50 86 73 72 45 16 95 42 6 61 27 91 64 76 32 77 44 67 3 5 19 4 51 31 48 89 36 69 34 52 24 56 8 60 85 82 75 81 41 7 28 59 54 14 94 88 84 17 2 40 70
49 33 20 52 89 2 67 91 56 10 18 92 48 0 27 70 69 31 41 17 8 60 93 62 25 82 63 75 80 64 30 4 68 79 57 51 84 40 39 28 58 16 66 50 44 65 34 85 76 54 12 86 71 11 88 15 19 43 5 46 14 47 7 55 6 73 42 83 53 38 90 61 37 81 59 29 72 1 9 22 24 26 94 32 36 23 21 95 35 74 77 13 78 3 45 87
69 1 45 3 10 8 75 17 82 4 41 61 68 0 84 22 95 25 63 31 43 16 34 94 30 71 12 52 62 11 77 50 23 38 14 42 5 54 9 35 40 88 90 48 65 72 51 15 85 32 86 55 76 26 21 27 89 70 56 7 18 49 24 19 20 64 66 47 80 59 2 81 91 92 36 37 29 87 57 53 93 79 28 58 60 33 83 73 46 67 44 74 6 39 13 78
0 10 90 93 2 57 89 84 46 42 63 15 86 73 14 26 87 17 56 69 25 8 32 16 53 24 18 55 35 58 30 76 4 60 45 91 74 85 27 40 36 72 22 12 92 47 59 3 43 1 41 9 78 80 62 71 81 64 79 39 83 70 19 94 67 75 54 95 13 34 65 88 44 23 61 21 68 50 77 38 33 20 6 48 37 66 11 29 51 52 5 49 28 7 82 31
69 54 27 82 91 31 2 49 24 58 47 75 0 51 86 84 4 67 53 80 68 76 73 7 39 25 35 87 26 79 66 8 34 1 85 23 92 57 11 95 59 48 32 93 6 44 15 56 16 36 81 3 19 50 89 38 40 43 83 88 9 17 22 46 45 60 18 77 10 64 90 42 21 12 33 61 20 71 55 65 74 62 14 94 70 5 63 72 78 41 13 29 30 37 28 52
44 76 46 39 10 47 72 87 6 88 61 4 70 48 55 29 83 69 71 22 31 42 1 51 53 90 81 73 0 66 5 59 28 95 21 57 82 23 68 65 13 37 64 62 94 89 36 12 34 11 84 54 92 2 33 32 25 74 41 18 3 8 77 16 17 15 9 20 80 30 19 67 93 50 43 63 24 79 60 45 27 40 75 86 49 14 38 56 58 52 7 26 78 35 91 85
48 78 46 69 67 23 16 15 42 50 38 8 5 29 66 45 40 86 1 9 56 28 93 79 44 59 0 91 41 75 27 68 57 4 77 22 73 13 65 94 24 20 39 70 87 55 19 64 43 3 18 30 2 6 92 81 32 95 33 49 14 35 11 12 84 10 60 25 71 88 74 89 34 72 61 82 7 37 47 83 51 90 63 36 58 80 62 54 17 52 21 85 53 76 26 31
0 38 92 75 3 33 30 51 22 41 8 11 62 54 89 21 44 58 18 5 61 45 15 93 95 50 64 91 56 1 86 34 2 24 94 26 19 68 4 32 76 46 16 7 42 48 12 43 59 66 49 10 36 85 31 72 70 6 77 52 73 74 13 14 47 82 37 29 88 69 84 53 71 28 40 57 80 65 20 78 63 67 27 35 83 79 25 81 87 17 23 60 9 55 39 90
31 79 17 77 59 40 67 19 45 0 71 76 13 24 80 37 41 81 66 86 2 23 32 30 89 26 90 70 72 22 21 3 57 44 78 16 88 6 60 64 93 5 83 74 7 28 94 62 35 46 18 51 54 84 36 58 10 53 27 73 92 95 8 55 91 4 34 33 9 65 14 85 11 12 49 29 42 68 1 20 47 82 52 87 63 39 15 43 61 69 25 75 48 38 50 56
93 23 39 61 28 92 18 50 81 86 60 33 79 85 80 22 31 1 62 6 42 19 4 59 37 51 43 26 45 47 63 55 41 88 90 58 0 95 66 46 68 67 8 14 7 2 57 13 34 11 9 75 77 56 49 73 82 20 16 84 35 65 24 5 36 76 3 74 53 21 54 48 44 27 10 64 89 15 91 70 29 78 25 52 83 38 72 71 40 12 30 69 17 32 87 94
26 19 85 86 58 44 21 30 37 17 46 81 67 51 28 41 69 33 70 1 16 27 50 79 88 14 35 39 78 9 45 83 72 34 71 4 10 6 11 64 7 24 60 68 0 12 54 42 62 59 49 43 36 89 23 48 40 18 56 31 65 2 3 53 75 57 90 94 38 73 15 55 32 66 8 63 87 25 95 20 82 93 74 5 47 91 76 80 84 52 29 61 77 92 13 22
4 78 15 12 86 85 41 83 59 58 68 95 39 79 16 92 91 67 71 25 82 37 24 20 34 5 69 27 18 43 77 76 8 21 72 81 62 35 22 42 33 46 89 13 49 87 11 3 53 80 30 54 14 60 31 23 47 36 9 74 32 56 6 90 1 66 65 19 2 93 63 51 48 61 7 75 40 64 94 45 84 55 57 50 44 0 52 70 17 28 38 29 10 26 88 73
68 2 28 95 37 81 94 71 86 26 42 56 93 61 76 88 18 25 73 45 72 44 14 79 23 22 55 63 12 51 8 39 38 89 48 31 36 46 33 16 80 84 92 5 77 13 19 15 7 70 65 74 1 90 58 66 43 54 10 27 40 9 85 57 29 41 17 30 83 3 75 4 20 32 60 6 47 24 35 11 21 0 69 87 52 91 53 59 82 67 62 78 49 34 64 50
68 4 54 92 84 2 5 52 20 30 82 36 91 72 35 21 67 6 11 41 64 76 59 23 70 37 86 66 14 94 28 81 51 50 27 77 47 34 85 71 39 55 46 58 75 87 1 8 12 16 10 44 93 32 45 19 26 24 95 40 3 29 48 62 65 17 60 79 31 88 83 63 15 49 73 74 61 18 7 43 42 89 57 25 22 56 53 78 90 33 13 9 0 69 38 80
14 78 92 5 30 88 72 51 57 55 50 52 21 58 80 73 19 33 76 32 48 34 2 75 67 81 16 66 12 29 42 38 36 56 35 47 1 90 79 54 9 59 91 69 22 63 4 7 8 44 6 60 43 40 65 74 64 18 27 11 13 45 83 85 46 70 25 82 61 15 89 28 53 20 94 31 68 39 17 84 26 77 23 37 93 10 3 86 87 71 62 49 24 0 95 41
17 33 9 20 89 19 15 38 42 87 94 5 74 58 45 69 68 61 18 84 4 44 41 36 77 35 76 48 46 14 29 79 90 2 59 88 27 71 3 22 53 93 83 51 24 66 70 81 75 86 28 65 50 25 67 43 23 57 60 56 11 1 34 13 12 47 7 32 26 85 91 63 55 73 30 0 92 6 78 54 39 31 52 72 64 62 16 8 10 49 21 40 95 82 37 80
25 75 77 83 21 47 41 37 70 39 89 46 28 30 7 26 79 48 60 88 65 18 24 31 40 67 74 56 3 13 84 52 57 8 38 72 33 51 73 54 11 0 27 61 85 93 66 78 71 9 76 22 19 5 63 44 95 80 45 35 81 53 23 20 62 68 69 91 6 94 50 49 90 2 43 64 34 14 12 15 87 92 59 55 4 82 32 10 1 36 16 29 58 17 86 42
77 12 85 87 46 60 48 13 15 95 55 88 33 6 2 59 62 19 0 72 38 80 30 56 24 54 92 68 1 67 10 65 36 86 34 31 69 81 70 78 73 66 90 8 63 25 29 89 4 44 75 37 45 5 57 64 41 11 14 82 43 22 50 49 93 20 71 84 51 61 18 26 79 7 28 52 23 83 58 21 35 40 53 32 27 39 91 42 47 76 3 94 74 17 16 9
29 70 23 37 28 5 26 80 67 62 16 94 13 7 27 88 32 89 6 43 78 77 30 58 4 25 33 50 73 11 91 20 21 95 86 68 51 93 83 3 69 17 74 49 72 44 54 41 56 35 39 90 36 34 12 92 85 8 24 87 2 65 63 40 19 1 64 71 0 38 57 42 31 61 55 82 48 75 46 81 66 76 9 53 15 59 60 79 22 52 10 84 47 18 45 14
11 39 69 83 66 20 88 43 67 25 76 91 51 31 40 75 19 81 61 34 42 48 93 29 53 21 3 7 57 16 70 4 56 94 80 33 78 6 46 86 2 68 27 28 10 24 64 1 8 90 60 0 26 72 74 45 32 17 84 37 62 82 95 65 15 55 73 63 44 9 47 49 36 58 54 50 77 71 5 89 52 22 79 30 23 14 85 12 18 59 38 35 92 13 87 41
