69 25 5 76 35 59 92 79 47 28 49 34 86 65 23 50 75 20 32 94 19 12 26 15 61 90 93 95 51 55 84 45 24 41 70 11 9 72 30 66 2 68 43 6 33 71 91 46 36 37 81 1 60 10 57 13 63 39 83 31 27 80 58 82 42 4 67 88 40 52 53 18 7 62 0 78 38 29 17 64 3 22 77 89 14 21 8 44 16 48 87 73 85 56 74 54
13 14 80 40 68 84 93 19 5 58 43 75 18 81 85 79 95 56 65 49 76 62 24 1 27 48 20 41 45 92 6 53 82 44 89 3 50 33 94 73 47 37 17 91 42 52 9 38 59 32 8 16 2 90 31 22 71 28 4 86 29 78 63 72 15 39 35 88 51 30 46 26 7 77 83 23 70 10 57 34 74 11 54 64 69 55 36 67 61 87 66 0 21 12 60 25
20 16 61 90 27 42 7 57 19 5 0 86 59 67 76 21 12 30 40 6 81 10 23 13 89 31 50 60 9 52 70 68 94 18 91 17 24 36 47 54 29 49 77 43 48 66 4 65 3 85 55 41 88 56 39 37 14 78 32 83 73 95 45 58 8 79 38 53 28 2 84 80 51 63 74 69 35 92 46 15 25 72 62 22 87 33 82 44 26 75 93 1 11 34 64 71
81 33 41 53 95 59 46 75 5 76 47 68 48 45 58 62 43 66 14 85 64 4 20 38 9 89 80 61 25 12 92 8 52 26 83 50 86 72 54 39 6 42 44 1 32 29 73 27 31 34 10 74 17 63 91 70 60 78 0 69 15 88 79 51 3 77 71 55 35 22 57 18 65 30 23 67 2 37 87 36 49 56 94 28 21 13 82 84 11 93 19 40 90 24 7 16
42 4 33 76 0 48 88 55 2 93 26 53 67 69 43 24 52 38 60 9 10 79 27 16 18 49 81 13 95 3 25 34 32 8 74 68 65 63 31 41 92 72 19 28 47 83 36 62 39 50 77 61 15 51 64 40 1 7 80 44 91 59 89 94 37 71 45 90 78 23 20 73 46 87 17 85 29 22 66 86 14 82 35 70 75 21 54 30 84 5 11 6 57 56 12 58
46 79 95 78 35 15 22 58 64 5 57 86 39 45 21 68 16 17 19 82 36 32 25 7 93 77 62 11 73 60 13 80 69 53 65 75 30 41 6 87 56 14 28 43 0 20 34 48 67 47 71 85 54 74 29 59 76 23 49 88 18 2 90 31 51 1 52 72 92 94 84 61 12 3 37 66 8 33 50 27 38 10 40 44 42 91 89 70 55 4 24 9 26 81 63 83
31 30 81 88 91 29 4 23 19 35 47 52 34 92 86 55 12 71 0 25 37 28 85 75 72 78 39 64 95 18 82 45 49 80 16 62 44 48 89 93 79 76 32 3 21 67 68 7 38 6 56 22 9 59 27 43 40 8 87 50 42 20 46 61 69 33 15 90 5 83 57 1 63 11 65 60 70 41 2 74 26 14 24 77 58 36 53 51 54 17 84 66 73 94 13 10
84 5 62 16 47 49 54 40 57 67 69 25 4 13 36 33 58 50 21 38 24 3 89 66 14 52 17 30 73 59 51 0 27 71 41 56 35 76 18 34 2 42 55 20 28 74 6 22 68 45 95 79 37 9 82 12 87 31 80 39 8 15 48 26 72 29 85 91 92 10 65 1 94 75 61 32 7 19 11 64 78 43 90 88 23 93 81 70 53 63 86 44 46 60 77 83
20 2 90 31 55 82 71 66 53 79 46 80 13 6 95 12 62 41 34 21 11 86 51 67 77 94 87 56 89 42 38 84 15 10 40 25 4 49 64 29 7 65 33 30 39 44 32 17 59 22 93 81 74 88 1 27 35 47 60 3 50 43 5 54 19 45 24 76 16 69 70 37 72 18 58 78 28 91 9 0 14 75 36 73 63 52 61 57 92 68 48 23 8 85 26 83
40 69 28 46 29 49 1 52 42 36 91 71 80 88 55 7 9 60 64 11 73 78 90 18 57 41 34 33 5 44 8 12 94 26 4 37 38 47 27 22 19 68 95 76 39 93 21 31 23 89 79 77 59 35 70 54 84 58 43 63 14 85 62 74 3 61 67 0 48 86 75 30 50 83 82 25 92 65 24 17 56 6 2 32 10 51 53 66 45 15 81 72 13 87 20 16
94 70 30 53 1 95 90 77 15 20 64 19 76 74 56 17 71 51 68 91 13 93 63 8 83 6 86 4 69 92 0 66 60 52 55 58 54 41 78 28 89 14 40 11 65 82 12 21 2 85 16 84 27 24 23 42 25 43 73 62 50 44 35 38 72 5 57 33 22 26 61 31 67 46 80 29 88 34 87 7 37 18 47 49 3 10 75 45 9 81 79 36 32 59 39 48
84 39 25 9 83 22 74 94 10 75 73 11 5 29 46 7 3 81 32 28 78 49 31 52 36 67 12 60 42 18 68 4 17 38 24 63 23 8 27 53 92 91 57 19 65 56 59 66 89 37 30 85 76 51 71 47 95 34 15 86 93 82 77 41 33 26 70 20 64 88 61 1 48 69 16 6 40 2 80 13 72 44 62 90 79 58 54 45 14 21 50 0 87 43 55 35
61 78 51 41 7 44 83 1 36 95 6 64 43 10 53 5 91 70 32 14 87 58 11 75 35 0 45 49 18 93 39 85 62 67 55 26 82 9 79 59 28 47 24 22 38 48 71 63 19 4 42 76 56 66 31 90 84 69 37 16 94 57 27 20 68 60 89 73 29 30 34 92 65 21 17 15 25 13 23 88 54 80 46 50 74 12 81 77 52 86 72 8 40 2 33 3
85 84 92 94 65 37 29 18 74 43 9 20 67 86 47 45 58 1 61 19 12 69 33 63 7 48 75 15 24 0 59 72 10 3 62 30 16 57 56 50 31 73 52 55 26 40 38 54 36 14 95 46 28 21 51 87 32 91 64 34 44 2 83 42 11 8 79 78 6 53 82 71 27 68 60 35 89 66 39 23 17 76 22 80 93 49 81 13 25 41 4 88 5 70 77 90
51 30 55 90 29 78 59 21 80 57 1 28 85 12 43 3 65 82 32 46 33 61 37 47 22 9 49 93 42 63 69 8 68 64 45 18 34 73 88 44 16 87 11 52 74 94 70 54 0 83 62 67 35 26 10 39 79 6 81 13 38 20 4 91 76 17 5 41 77 60 23 50 25 15 36 7 72 95 2 71 48 14 58 84 27 40 75 86 19 66 24 53 31 56 89 92
92 2 82 60 93 80 91 48 20 25 27 38 57 33 42 55 24 86 87 17 89 76 10 81 95 85 65 41 67 66 46 59 90 28 69 88 70 62 6 53 23 49 15 83 3 39 14 74 19 78 61 18 77 47 4 50 8 7 79 44 12 45 63 71 34 21 56 52 72 73 36 84 54 94 29 22 68 40 26 51 43 35 9 32 58 11 13 64 5 1 30 37 16 75 31 0
34 25 93 52 85 70 41 29 17 42 14 88 37 24 1 74 55 4 53 66 60 8 83 9 79 40 91 67 92 44 35 82 81 80 64 86 61 45 28 26 21 49 13 22 39 62 59 71 95 54 7 12 11 87 69 43 38 76 0 5 23 75 6 3 57 30 19 68 2 84 50 16 65 78 47 48 51 89 72 27 77 63 56 58 33 15 73 36 18 31 90 10 32 94 20 46
54 9 91 26 61 29 62 47 21 90 75 14 16 71 25 76 85 4 10 2 12 55 44 50 23 36 67 37 11 84 45 52 27 3 8 59 69 41 6 81 56 58 42 30 57 31 80 72 40 48 1 19 88 39 28 24 89 0 20 82 63 38 22 74 46 92 35 43 60 73 86 7 93 68 34 87 83 65 70 53 95 51 78 13 5 79 77 17 49 66 64 18 94 15 33 32
13 28 12 45 54 9 43 58 10 94 49 71 86 75 50 60 56 20 63 61 41 14 27 85 8 19 32 88 73 52 76 74 16 1 66 81 89 30 55 48 64 15 72 3 5 77 92 22 44 38 67 26 87 95 2 59 69 39 42 62 4 47 57 90 29 17 37 6 31 79 23 36 93 68 80 78 35 18 40 83 25 33 82 51 34 11 70 53 7 46 65 24 91 0 84 21
82 14 39 37 7 51 15 3 22 44 48 31 35 26 78 46 68 4 17 9 16 38 50 70 12 79 23 49 1 47 28 10 69 63 59 93 21 86 54 67 27 5 58 85 40 66 88 52 6 84 33 60 30 53 91 73 25 18 92 20 77 65 43 2 81 75 19 80 32 45 64 29 95 74 11 89 83 34 24 8 41 61 76 94 42 36 56 13 55 87 0 57 71 62 72 90
21 51 37 84 19 35 24 52 6 86 90 36 15 59 14 71 2 47 66 28 17 29 54 27 79 61 3 76 60 4 26 46 68 55 1 18 40 94 12 7 89 72 63 87 77 78 82 88 23 0 85 92 65 32 9 34 69 62 39 70 20 93 30 25 75 81 22 11 67 74 91 33 57 83 13 53 50 41 5 16 43 64 56 48 44 38 42 31 8 95 80 73 10 49 58 45
13 26 61 89 30 21 41 10 84 66 82 12 7 4 49 50 86 77 83 45 31 54 59 35 65 87 47 9 27 81 14 76 20 52 63 16 29 71 88 39 78 46 42 79 17 72 2 28 74 73 55 85 5 69 22 23 37 0 51 67 15 58 6 93 57 90 95 19 25 68 60 24 43 75 11 53 92 36 56 70 94 38 64 33 34 80 3 62 44 48 1 91 32 18 8 40
17 84 90 21 5 39 78 42 15 56 50 18 40 34 6 82 64 70 83 48 13 75 11 65 25 95 81 28 12 41 71 86 43 87 55 94 69 47 14 93 29 16 51 61 7 20 79 74 89 85 67 1 38 63 73 46 19 53 44 72 52 54 24 33 45 4 88 57 91 27 30 32 8 58 59 66 49 0 23 2 31 10 26 80 3 36 76 92 77 68 60 37 62 22 9 35
60 2 94 82 26 70 48 61 90 57 38 88 65 39 6 58 76 78 59 46 0 3 51 89 18 37 81 13 17 30 85 43 95 83 64 86 63 10 12 1 91 55 9 41 4 5 22 93 87 25 33 23 40 28 53 49 34 75 19 56 74 71 44 32 7 47 21 50 8 27 62 16 84 45 67 20 42 66 35 14 15 79 92 72 80 77 31 11 24 29 54 52 73 36 68 69
51 47 76 20 65 16 2 11 50 19 55 36 38 9 91 29 26 71 0 34 1 5 95 52 58 25 15 31 74 87 56 3 64 86 27 32 92 22 54 77 33 78 13 83 43 23 6 94 59 48 66 82 35 81 18 40 79 85 70 53 88 7 72 12 14 41 42 60 30 69 49 21 84 44 24 89 67 68 17 75 4 57 90 80 39 62 63 46 93 28 45 61 10 8 37 73
5 68 85 89 82 24 38 81 31 62 16 94 20 72 77 33 84 59 26 14 75 90 70 28 63 93 17 4 65 66 52 88 80 55 60 21 79 44 41 45 61 37 57 34 6 8 51 0 54 11 95 56 25 43 35 12 29 19 40 7 32 13 10 53 69 92 22 48 9 76 15 64 1 91 36 71 39 30 73 49 42 67 3 83 87 47 58 18 74 2 23 78 46 86 50 27
79 77 78 40 88 72 34 10 67 18 11 86 48 26 50 66 58 53 37 62 64 60 35 19 47 25 0 6 39 94 73 59 90 20 71 30 80 89 92 33 29 14 43 1 82 32 36 54 51 8 4 22 16 75 49 87 69 21 42 2 74 15 81 65 93 46 7 57 31 3 70 76 24 44 91 5 84 95 9 38 63 17 61 45 41 56 52 13 55 28 27 85 68 12 23 83
16 47 57 42 90 71 46 3 61 41 29 63 52 62 28 49 75 27 91 32 34 81 38 4 18 20 89 37 50 59 54 40 80 86 26 21 36 93 0 39 14 94 92 23 11 87 67 85 69 7 58 73 72 76 25 64 12 88 70 84 22 30 77 79 33 95 19 31 82 2 83 10 8 43 5 48 53 1 45 17 9 44 6 51 24 65 56 74 35 60 13 68 15 55 78 66
50 84 92 48 19 3 55 1 58 49 93 42 20 28 44 94 75 18 68 82 0 85 33 31 2 41 25 26 63 29 35 34 54 10 37 79 47 57 83 38 91 24 61 14 22 30 9 53 52 80 32 51 95 7 39 69 81 67 12 27 36 16 11 13 88 45 6 78 46 66 73 71 76 70 89 86 4 40 15 90 72 21 23 77 62 56 43 59 74 65 17 8 60 87 5 64
68 13 94 93 75 91 46 88 65 78 50 69 3 56 52 61 45 16 8 37 17 27 55 49 86 43 29 6 9 39 19 51 22 7 48 74 58 73 60 81 26 30 32 21 28 2 11 1 47 85 66 79 95 18 36 35 54 0 33 82 72 40 67 87 25 24 63 15 84 5 53 83 77 57 42 44 41 38 76 80 59 14 31 90 70 4 92 10 62 89 64 71 20 12 23 34
43 63 6 32 85 80 33 61 25 71 19 14 1 46 70 50 4 44 16 35 78 52 75 42 59 8 65 24 37 0 92 17 57 3 79 66 15 28 73 26 76 54 48 31 90 64 10 62 49 45 82 51 88 94 69 67 38 87 7 29 56 68 36 81 86 20 23 18 89 39 95 22 74 93 77 5 60 12 84 11 41 13 91 30 40 21 47 53 34 55 72 9 2 83 27 58
14 48 39 13 81 21 30 0 64 82 58 26 67 33 19 91 27 8 45 7 32 60 47 70 72 31 73 6 68 25 92 15 56 37 42 4 86 46 35 71 74 18 5 52 78 20 50 17 76 90 75 3 63 51 10 43 61 40 23 24 89 87 69 66 49 80 1 16 54 28 29 93 85 22 95 79 94 59 62 77 83 65 55 44 11 34 57 36 84 88 9 53 41 38 2 12
17 18 68 4 67 55 8 14 47 80 45 38 20 34 3 35 91 9 70 23 95 85 16 60 26 57 59 83 66 81 49 13 89 82 74 24 65 37 46 75 79 58 64 90 0 10 61 43 72 36 78 12 42 33 69 54 7 62 94 84 2 52 41 71 44 25 88 1 86 30 92 11 5 76 22 28 73 40 31 93 51 32 77 50 56 53 6 63 39 29 27 19 87 21 15 48
51 14 89 74 18 0 73 43 35 94 4 27 72 90 53 76 31 49 67 61 80 39 17 29 50 64 62 65 6 92 21 22 77 42 10 26 41 69 24 8 87 9 57 82 16 63 88 12 2 5 71 30 59 54 78 75 33 11 36 13 28 38 23 7 37 55 32 46 15 93 66 3 83 86 81 48 1 47 19 25 52 58 34 84 20 56 70 40 60 44 79 91 68 85 45 95
49 55 56 41 50 7 24 47 90 12 35 84 22 39 59 48 40 15 66 20 11 95 81 71 2 36 5 52 63 25 23 44 54 67 43 89 62 75 17 19 87 18 88 69 0 85 37 79 27 51 65 73 70 21 83 4 45 30 74 14 42 53 28 8 57 58 29 6 1 77 34 60 38 61 76 92 26 32 91 64 80 3 33 78 93 10 82 13 46 16 72 94 68 86 9 31
66 91 50 5 65 20 82 52 7 16 4 56 40 12 80 0 3 31 46 85 14 43 70 45 32 48 59 60 95 41 24 27 51 23 58 73 53 8 55 79 1 10 83 18 35 22 44 25 57 64 49 81 72 63 6 37 17 28 19 78 76 47 67 36 69 89 71 84 93 75 34 15 74 86 87 9 21 54 94 11 30 88 26 33 68 2 38 13 39 92 77 90 61 29 42 62
56 78 47 5 2 93 89 0 3 81 63 62 52 74 46 88 40 65 83 92 82 39 71 37 14 26 59 67 43 4 22 36 76 60 54 34 72 25 49 17 77 13 91 8 79 15 48 75 18 19 30 86 51 85 11 31 23 28 94 64 87 90 95 69 58 20 70 45 38 12 1 16 29 35 61 27 9 84 44 6 80 33 32 66 73 24 68 10 41 7 53 42 21 55 57 50
92 35 0 11 31 67 43 3 10 82 65 14 79 81 39 86 12 68 73 77 41 2 4 18 78 6 9 37 61 89 90 93 32 60 15 26 53 49 36 91 95 88 17 47 72 63 71 46 87 22 51 34 25 59 58 57 19 94 83 7 70 76 29 54 23 28 56 30 21 52 85 42 40 48 38 5 84 55 20 66 69 75 27 16 62 1 74 24 33 44 64 80 50 8 13 45
58 91 76 85 14 43 41 1 10 59 45 40 75 49 60 90 24 81 26 46 42 56 12 80 52 83 15 82 34 63 18 22 70 78 55 6 73 3 37 54 72 29 25 57 33 88 17 71 38 95 23 2 69 74 21 48 51 8 9 28 0 53 7 65 67 5 44 68 11 47 31 27 77 87 79 39 92 89 32 94 66 30 35 4 13 86 19 84 62 93 20 36 64 16 50 61
81 68 18 72 5 83 70 89 49 31 82 50 90 13 85 12 15 20 4 24 91 42 40 48 27 88 51 57 58 52 46 66 93 34 44 84 92 25 47 45 75 86 60 33 95 73 64 62 54 32 11 16 41 10 63 56 76 55 6 0 21 17 37 28 61 1 39 74 69 29 9 36 26 87 78 23 77 2 3 35 19 53 65 22 30 8 14 80 38 79 7 59 94 67 71 43
89 58 92 43 7 5 8 47 86 38 16 28 72 45 82 19 61 30 37 46 26 44 74 62 42 66 12 29 22 11 18 48 31 20 53 4 60 80 59 15 24 51 14 81 88 79 6 50 70 3 76 39 54 10 63 56 13 40 75 36 49 90 73 69 84 93 23 68 35 21 78 95 85 2 41 94 0 55 52 87 64 34 17 25 1 9 33 83 77 67 91 27 57 65 32 71
27 37 74 15 9 59 30 19 8 69 48 6 83 85 90 10 94 87 84 55 36 71 64 72 70 33 41 65 67 81 49 38 21 25 47 66 68 35 12 11 2 95 34 42 53 7 77 16 80 76 63 93 44 23 40 60 50 79 89 62 45 1 92 39 32 28 78 61 54 56 57 18 17 0 75 73 88 46 86 20 29 13 5 52 24 51 26 14 91 58 4 43 82 31 22 3
16 23 53 2 49 15 58 39 74 90 33 52 13 87 8 77 25 12 44 28 56 6 34 9 50 19 30 93 62 92 91 0 54 32 73 84 55 72 95 80 36 17 38 76 75 37 18 61 66 26 5 10 67 7 11 41 68 78 47 35 83 14 46 86 3 24 81 65 4 45 27 21 57 42 43 71 64 29 89 79 20 31 85 48 22 59 88 1 69 40 51 60 63 70 94 82
66 19 70 58 47 2 73 44 8 87 15 80 54 89 55 43 41 4 88 9 72 28 57 35 14 62 59 61 25 91 83 81 39 46 36 10 24 5 52 29 60 12 42 85 16 90 37 20 21 82 49 93 0 75 95 84 11 71 22 50 78 32 68 65 13 51 27 23 53 56 1 30 6 31 26 63 3 69 33 67 94 34 76 79 92 77 74 17 7 18 38 64 45 48 86 40
8 1 95 86 29 65 4 66 24 53 55 71 63 28 76 12 13 81 31 54 26 48 7 91 18 50 92 32 10 69 36 87 35 83 2 77 58 15 68 21 40 62 20 38 61 37 49 33 70 19 52 17 72 60 22 59 25 14 78 9 44 6 39 46 67 27 56 11 64 94 90 43 84 89 0 80 5 16 79 47 57 75 88 93 45 3 74 34 51 85 73 23 42 41 30 82
49 12 57 50 63 39 2 36 3 89 33 56 11 30 27 80 31 6 37 19 32 81 54 87 8 46 85 52 76 48 15 51 73 9 23 70 62 16 60 90 64 88 59 34 14 77 43 84 20 40 75 92 17 35 5 55 28 74 47 94 24 0 13 86 66 67 25 26 41 82 61 4 21 22 68 71 65 53 10 79 58 72 18 42 78 7 91 69 83 45 93 44 29 1 38 95
22 92 74 27 34 8 52 85 57 41 12 13 14 11 72 64 16 42 75 90 58 78 91 40 68 38 76 6 17 81 62 2 24 67 21 25 60 82 79 61 29 55 59 3 73 71 36 43 44 48 45 86 89 94 23 77 15 53 35 31 66 63 83 50 70 93 33 95 5 49 69 9 56 18 1 84 26 30 28 47 7 32 0 46 65 80 19 88 20 10 51 54 4 87 37 39
55 69 60 90 76 32 67 78 29 8 18 12 46 66 54 17 47 73 20 58 82 70 16 10 14 15 19 64 77 37 51 48 92 68 79 5 23 72 22 39 43 75 35 28 74 6 44 65 57 89 80 86 36 0 9 53 4 7 83 88 94 93 41 84 30 85 40 26 56 91 63 33 42 50 71 45 62 24 3 95 49 21 87 1 38 2 27 13 34 59 61 81 11 52 31 25
80 61 37 47 50 72 76 71 43 9 48 41 17 1 44 90 64 27 49 62 6 74 60 75 94 46 19 7 4 5 68 67 85 95 69 25 45 39 11 93 52 83 20 36 23 58 78 32 91 16 89 30 3 12 73 22 38 79 66 10 55 15 2 56 57 92 34 8 88 53 65 86 70 0 18 84 82 42 29 14 13 63 40 81 33 28 54 31 26 51 35 77 24 21 59 87
93 68 48 25 10 38 8 81 37 31 23 54 73 66 85 6 35 9 14 57 15 45 60 51 44 47 34 5 28 67 95 82 79 42 11 43 40 65 69 41 1 33 61 13 17 59 56 75 92 0 70 27 64 91 20 7 50 36 39 80 62 78 26 63 29 46 94 76 19 2 58 24 4 83 16 3 88 53 77 30 21 32 74 22 84 89 87 18 52 12 71 90 86 72 49 55
75 4 58 61 15 67 33 8 54 69 49 40 5 10 84 57 14 65 70 36 83 60 23 30 68 46 62 26 73 1 20 72 52 51 16 89 22 27 47 86 48 35 21 34 71 90 24 85 64 74 50 13 37 56 43 18 29 12 81 95 31 0 32 28 93 19 25 87 79 6 78 59 77 45 92 63 11 94 39 38 42 88 7 53 55 82 76 17 91 3 41 80 9 44 66 2
42 86 55 44 83 21 31 43 74 80 87 92 51 79 30 61 84 10 47 73 75 32 2 85 11 17 8 49 25 4 1 23 57 33 38 64 48 56 14 90 66 81 40 94 19 93 60 29 54 15 67 12 46 36 24 18 6 39 13 52 22 91 5 65 77 68 3 20 53 62 89 35 88 70 41 95 72 9 76 37 16 78 26 27 0 58 82 45 71 34 59 69 50 63 28 7
57 12 58 89 72 27 81 0 19 75 91 49 3 87 85 28 62 39 88 51 84 46 76 77 21 40 47 71 59 33 50 11 93 44 35 92 60 17 15 53 73 42 82 79 18 67 29 80 13 64 52 38 94 30 25 32 31 68 16 14 43 74 24 10 37 7 70 55 83 56 63 9 20 45 90 65 22 26 95 66 54 78 69 4 2 34 36 8 1 86 41 5 61 23 6 48
34 80 23 40 45 16 78 85 20 93 4 10 61 90 65 72 21 41 53 94 6 36 52 27 63 62 32 25 19 67 26 37 89 86 79 12 28 83 5 55 7 44 24 29 3 59 81 42 75 8 82 35 74 58 15 71 68 47 31 64 51 0 39 46 13 9 66 91 69 30 73 1 84 95 14 11 43 33 76 54 38 17 60 22 92 77 56 88 70 48 57 50 49 87 18 2
80 77 44 76 18 83 30 73 39 41 91 8 24 19 16 5 43 31 26 27 85 36 60 88 66 95 56 78 65 21 13 92 58 32 0 2 40 22 7 90 35 53 33 4 94 1 9 51 48 49 82 10 52 75 3 47 71 17 70 87 69 20 93 15 6 67 12 34 14 29 46 89 37 11 68 64 74 57 79 84 86 28 25 81 38 62 45 59 42 72 23 54 63 50 61 55
3 81 93 58 65 60 37 66 7 29 55 71 13 48 14 43 69 36 67 8 84 95 46 25 91 38 0 42 44 80 34 30 19 78 39 21 6 56 16 76 83 26 54 18 62 59 51 15 22 94 23 85 33 31 20 73 2 12 63 27 61 49 1 4 17 87 64 72 75 28 77 90 52 5 74 53 10 68 45 86 92 50 41 89 88 40 47 35 82 9 24 70 32 57 79 11
45 43 48 27 59 10 19 90 41 7 32 15 11 44 69 87 65 23 28 30 47 17 63 42 49 77 62 46 2 74 37 84 61 58 36 39 1 16 88 21 95 80 12 67 5 54 26 83 14 66 78 13 70 34 9 56 76 64 6 35 38 22 57 86 0 72 52 3 31 25 8 33 55 29 51 81 4 53 91 79 75 60 68 18 85 94 50 89 93 82 24 20 71 40 73 92
52 79 67 66 74 38 62 16 34 21 91 37 6 43 59 51 49 56 90 83 48 0 40 60 81 69 36 68 54 93 94 33 27 19 2 47 8 70 41 76 13 95 31 55 86 44 35 46 24 32 12 80 17 65 61 84 85 3 28 82 89 75 88 57 7 10 87 30 63 4 73 11 77 71 50 25 22 45 53 42 20 18 15 29 64 92 58 1 23 78 26 39 5 9 72 14
23 1 35 72 90 21 27 5 28 50 3 95 89 93 45 48 57 41 11 10 2 86 25 32 63 24 68 46 8 47 81 60 59 43 67 84 80 20 19 87 38 9 85 0 62 14 79 33 78 54 31 36 44 29 40 82 4 22 13 30 56 74 52 17 39 53 61 15 64 88 92 70 66 7 37 71 77 42 26 12 6 34 18 75 69 16 94 91 49 55 58 76 65 51 73 83
15 1 92 79 23 52 16 36 66 28 74 30 51 83 14 53 43 25 35 78 68 57 86 26 11 65 70 94 29 39 81 6 85 84 48 0 56 33 91 72 75 42 7 55 38 88 19 54 80 47 60 32 46 90 44 12 64 59 40 58 18 24 21 5 50 4 95 73 22 82 13 27 31 10 2 63 37 93 71 67 9 41 3 17 77 34 76 8 45 61 69 20 49 62 89 87
14 1 52 61 53 56 49 42 12 39 63 81 57 60 89 76 23 27 10 51 32 73 41 21 29 18 80 58 36 78 5 3 47 0 44 43 13 38 11 88 25 34 77 64 71 79 72 33 2 28 75 87 48 92 20 50 86 65 83 68 90 62 82 45 93 95 22 9 31 85 24 94 37 26 17 59 67 74 40 91 19 69 8 6 66 35 30 55 15 7 70 46 54 84 16 4
61 8 90 3 51 91 25 65 55 93 2 37 22 30 11 94 85 88 71 53 86 41 89 62 49 48 0 74 81 63 87 76 35 68 34 70 44 15 21 19 95 67 40 7 58 26 23 13 28 45 9 69 83 1 17 64 12 32 59 16 75 20 29 92 50 42 46 73 82 72 24 57 4 80 43 79 31 84 47 56 27 66 52 6 38 78 10 39 60 18 33 14 54 36 77 5
82 24 84 47 67 2 16 45 18 71 94 36 0 12 5 29 57 68 3 31 35 4 52 85 56 75 65 91 54 44 48 51 20 22 72 92 59 69 6 17 38 66 64 21 90 7 76 42 10 28 37 40 26 23 73 14 32 95 70 79 77 39 58 62 80 41 89 19 61 46 43 1 53 74 50 8 27 86 83 11 55 34 30 25 93 63 81 88 49 15 60 33 78 9 13 87
24 51 72 37 26 84 27 1 61 59 43 8 89 68 36 13 38 58 75 79 52 66 7 50 90 39 45 33 42 74 82 63 69 54 70 20 56 21 6 10 29 73 67 83 93 77 41 15 78 19 81 35 17 9 14 12 23 85 44 88 47 25 87 0 5 55 65 91 3 94 4 22 57 31 76 18 80 11 16 28 60 40 53 92 30 2 86 71 95 64 32 34 48 46 62 49
8 22 0 12 65 62 86 20 49 72 91 43 29 31 21 94 33 84 36 24 17 71 4 85 69 32 13 81 76 9 40 74 18 63 1 28 45 93 25 52 83 41 39 70 47 16 46 54 42 55 90 30 14 2 79 80 5 53 26 7 6 50 77 82 10 92 89 51 3 58 87 95 35 48 19 78 67 60 64 57 61 56 88 44 66 75 38 59 68 23 27 15 11 73 37 34
8 26 36 82 80 87 89 3 23 77 90 55 69 6 64 1 58 47 46 51 52 94 39 73 20 15 38 35 60 42 63 75 25 37 16 95 81 4 17 78 92 66 43 84 45 74 85 50 10 9 12 19 57 48 29 44 28 0 65 2 18 32 24 53 21 56 54 11 71 13 7 91 61 40 22 62 41 72 88 5 67 34 68 93 86 27 76 30 14 79 33 31 83 70 59 49
17 2 66 21 28 39 69 85 46 89 81 59 18 91 47 75 49 64 76 88 58 33 56 54 48 41 3 68 29 25 50 90 83 78 73 65 43 4 5 19 86 42 6 92 57 14 79 30 20 24 72 35 61 45 77 93 95 36 22 52 70 53 13 94 44 37 16 55 34 40 62 38 7 87 15 31 23 74 11 32 60 8 9 82 27 1 67 63 12 10 26 71 0 80 51 84
84 60 95 41 93 68 85 61 39 73 67 49 70 19 7 35 34 57 72 17 88 18 58 29 80 50 89 30 0 45 48 69 38 44 55 16 53 90 6 52 54 31 65 47 11 1 4 2 66 42 51 76 26 28 82 12 14 13 43 75 79 37 81 87 83 20 64 40 77 63 56 21 86 32 78 15 25 10 22 8 74 5 94 27 3 46 92 23 59 24 36 33 62 91 9 71
21 80 45 88 76 50 54 64 29 40 79 34 61 12 31 38 35 58 26 47 23 86 87 10 95 92 90 0 24 7 81 57 70 49 51 59 4 72 53 6 36 91 68 66 13 27 46 37 44 25 43 1 52 5 19 15 71 2 73 93 48 83 41 78 65 16 55 22 67 94 75 77 82 63 60 62 84 33 17 3 32 42 18 9 30 20 56 11 85 28 89 14 69 8 39 74
83 20 87 59 31 70 94 85 54 65 17 88 81 40 92 8 12 5 30 48 32 39 23 53 89 42 67 56 13 76 57 60 11 19 3 63 4 37 55 49 91 86 47 46 36 64 27 35 21 0 68 10 41 6 24 38 9 22 80 2 34 44 16 69 29 51 18 79 66 61 75 72 1 58 78 90 26 84 73 7 71 74 52 82 95 45 93 33 25 50 43 15 62 77 28 14
93 71 61 38 17 20 49 74 88 41 62 33 2 52 5 45 77 54 86 53 35 46 28 82 66 23 32 4 94 67 16 11 50 65 91 21 73 14 56 15 10 29 27 7 13 48 95 0 81 55 84 79 1 72 31 43 75 26 44 37 18 39 68 64 22 63 25 70 80 69 42 83 76 36 24 58 19 92 47 59 60 12 57 30 3 9 8 89 34 40 87 90 51 6 85 78
27 6 29 43 87 1 3 32 82 10 38 71 44 9 85 91 78 30 17 2 18 8 62 93 49 88 26 51 20 60 94 56 25 86 55 7 67 70 40 65 0 63 28 47 83 53 58 31 35 21 92 4 95 46 24 5 52 72 23 64 42 34 68 76 74 14 41 84 90 75 19 48 37 15 66 33 39 50 16 80 77 57 61 13 59 45 69 54 22 73 12 81 79 89 36 11
59 76 94 60 88 18 27 57 49 31 37 32 21 66 82 15 63 70 61 20 25 73 7 91 5 17 55 78 4 81 95 62 58 93 11 10 92 8 54 52 22 67 33 50 23 72 44 26 43 86 24 53 6 28 35 12 38 89 75 64 14 65 3 42 39 87 36 29 77 51 90 83 1 79 2 19 9 74 41 69 46 48 71 85 84 0 16 45 34 68 80 47 56 40 13 30
76 5 15 66 30 88 45 64 24 65 43 75 33 21 37 78 32 69 60 40 13 94 74 83 95 29 62 67 71 46 56 63 4 36 9 20 44 42 57 17 11 41 72 14 55 3 28 81 80 39 93 79 54 49 38 77 1 12 23 2 7 22 90 35 73 47 16 25 31 52 19 0 70 86 85 87 84 68 27 6 48 92 34 18 50 61 82 10 51 91 89 53 58 8 59 26
66 22 0 25 58 48 20 3 10 41 56 62 17 30 83 71 40 44 77 14 51 50 69 47 45 78 90 34 82 64 32 24 46 79 12 86 31 74 60 26 21 68 2 6 19 52 72 7 38 55 13 54 87 43 65 70 95 1 28 16 93 91 76 36 15 85 89 37 8 94 61 35 29 80 18 92 33 57 88 53 11 23 75 81 4 27 84 9 42 67 39 63 73 5 49 59
85 5 68 36 1 89 31 81 11 63 61 17 50 74 16 87 2 75 3 92 84 34 20 58 33 25 28 18 79 57 62 35 9 22 48 12 59 78 45 93 10 24 39 66 49 37 29 0 70 64 7 32 55 83 95 4 8 90 21 73 43 41 54 44 51 19 65 56 69 13 46 91 52 88 71 82 15 76 94 14 77 72 40 27 30 86 47 53 67 42 80 6 26 60 38 23
70 29 93 25 1 45 53 17 58 24 35 28 16 39 5 68 61 91 51 13 34 20 11 40 36 0 21 64 79 72 71 88 80 81 22 23 12 38 9 82 43 30 26 66 41 19 32 78 18 65 85 84 69 95 75 90 67 59 7 83 60 3 33 50 55 63 10 37 14 48 62 89 86 49 2 27 8 42 4 56 52 73 46 44 74 87 15 77 92 76 54 47 94 31 57 6
47 86 60 61 6 26 91 90 1 81 11 71 66 53 84 76 12 32 24 68 43 58 79 83 70 45 88 82 30 37 78 36 2 63 92 94 85 33 67 72 89 14 7 10 62 22 4 80 18 65 25 42 49 13 40 75 34 0 69 19 28 55 9 41 56 95 59 64 39 46 74 29 3 51 38 48 50 20 57 16 87 27 31 77 15 5 23 21 93 54 44 73 17 52 35 8
34 28 7 29 84 2 0 43 23 19 57 47 61 52 56 79 27 9 77 62 4 51 68 60 16 80 67 86 24 90 33 49 91 64 31 94 59 22 18 88 6 63 3 41 93 71 1 11 74 50 15 20 76 65 8 82 53 78 35 95 37 69 5 26 12 36 66 39 89 32 14 81 83 25 85 13 73 70 21 75 92 58 45 44 46 38 72 54 10 48 42 55 17 87 40 30
40 59 81 93 60 37 3 31 70 42 89 61 41 79 21 12 46 80 6 19 57 67 83 29 76 39 43 49 71 92 38 65 75 84 78 56 95 23 77 7 62 8 50 82 63 17 44 45 13 25 73 94 48 90 88 69 1 26 36 54 16 72 27 91 15 86 55 30 14 35 9 52 58 32 24 85 22 68 11 18 74 33 53 66 5 4 20 34 28 0 87 64 10 2 47 51
90 70 7 9 63 64 67 92 69 44 59 78 17 91 48 38 58 28 93 18 13 12 57 47 26 39 84 86 27 5 24 22 21 61 50 62 3 53 10 51 79 42 20 80 37 0 32 19 75 54 2 4 81 88 56 52 25 46 60 41 74 94 11 35 71 8 1 82 16 36 73 6 45 83 72 68 77 76 89 66 15 40 29 65 49 34 85 30 23 31 87 43 55 14 95 33
21 65 27 72 48 33 88 17 36 76 43 7 1 95 49 14 78 50 58 91 61 70 85 92 45 60 68 59 90 44 15 25 80 37 2 55 5 46 51 41 86 54 94 63 20 24 32 19 31 30 82 67 89 52 69 35 23 57 4 77 83 53 38 9 11 47 40 22 18 10 73 12 13 29 93 3 79 81 16 87 74 56 0 84 62 66 8 64 39 42 71 34 6 26 28 75
51 31 70 69 33 87 74 22 75 9 63 61 65 84 82 35 7 85 21 93 32 3 45 77 13 15 6 68 44 38 78 24 25 28 37 62 14 95 48 89 83 72 46 80 1 66 90 56 49 81 59 36 92 94 8 57 19 20 34 17 88 16 76 10 71 42 47 40 29 11 60 52 73 26 30 18 50 23 2 43 64 27 86 39 53 41 0 4 79 54 67 5 91 58 12 55
25 40 14 64 62 15 8 5 24 77 49 71 20 41 26 58 30 79 52 91 16 33 92 47 6 60 70 56 66 76 65 22 31 43 93 34 68 80 11 89 46 50 39 4 45 94 35 10 53 54 82 87 73 67 3 78 17 74 2 84 28 32 63 42 36 72 27 61 0 21 1 59 7 51 18 83 75 69 90 38 12 9 57 88 44 85 48 19 29 81 23 55 95 37 13 86
53 71 44 3 14 92 68 39 4 61 64 11 31 86 63 8 69 47 25 52 54 95 23 24 27 2 55 77 43 12 75 91 87 74 88 6 21 76 82 79 13 16 60 22 10 85 56 81 62 29 80 83 26 46 59 40 34 57 19 1 20 73 17 89 84 94 33 28 51 49 65 42 37 0 90 48 5 93 58 41 9 38 50 18 36 7 32 78 67 35 70 15 72 30 66 45
38 53 45 1 85 66 93 59 34 83 60 15 80 58 61 62 56 46 82 14 72 69 91 24 3 5 77 49 17 9 71 55 63 65 41 19 12 18 28 67 57 32 7 74 13 54 31 2 68 52 78 36 11 4 10 51 16 37 73 20 30 48 40 81 95 6 25 33 43 39 27 79 23 89 35 44 92 76 26 21 94 70 87 84 47 42 90 50 75 86 29 8 22 0 64 88
66 62 89 41 47 68 18 21 74 39 84 54 78 86 48 0 73 63 2 32 53 4 40 24 85 22 20 30 56 45 1 94 3 34 52 67 82 57 61 13 27 6 12 19 72 58 88 59 29 83 11 25 7 31 14 81 80 64 28 79 9 35 8 92 75 26 44 65 60 77 70 46 43 17 95 5 15 51 36 42 10 49 87 55 50 16 90 37 33 38 69 71 91 93 76 23
7 60 31 20 29 64 89 21 83 9 26 86 82 52 51 55 57 47 92 30 67 18 41 56 27 23 45 25 33 6 73 10 75 4 32 50 24 34 2 8 53 43 54 44 13 68 94 78 80 95 70 37 36 71 35 28 91 3 59 46 5 79 14 63 90 40 76 84 39 62 19 17 81 77 16 69 22 87 1 42 11 12 74 61 66 49 38 93 15 72 0 88 65 48 58 85
4 63 61 49 89 0 8 26 40 6 34 19 70 82 29 27 93 38 21 88 74 41 11 77 50 60 53 48 20 73 46 18 9 68 84 65 16 85 45 36 42 78 10 56 94 31 54 67 33 44 55 83 39 86 92 59 35 81 2 7 79 32 25 30 28 75 15 90 62 69 47 3 57 12 22 24 52 91 14 13 43 76 1 23 87 5 95 71 51 66 58 80 64 72 17 37
49 38 20 40 15 61 83 74 60 17 70 86 7 0 35 48 45 84 78 79 43 31 34 22 30 58 11 13 68 75 64 50 27 51 82 33 37 91 10 92 8 94 26 88 21 76 25 18 47 2 54 16 77 4 85 41 57 6 46 71 87 90 55 81 65 62 12 95 28 44 19 42 14 32 9 69 1 93 67 24 89 5 80 29 73 59 3 52 56 39 63 23 36 66 53 72
82 74 51 62 5 67 66 65 94 57 31 93 25 92 43 23 40 12 85 22 79 73 33 56 77 24 71 19 37 75 32 2 39 30 88 28 61 84 17 72 54 58 7 9 86 63 4 35 0 8 59 50 13 44 14 18 91 53 47 95 55 42 38 11 41 45 49 70 80 78 64 48 15 52 1 36 29 27 34 3 10 83 90 60 69 76 68 16 87 20 21 46 81 6 26 89
69 9 19 4 67 33 53 77 55 24 92 76 36 7 52 79 30 3 11 82 28 34 75 16 90 10 62 83 60 2 85 56 37 49 89 6 87 40 0 74 68 50 14 61 59 46 15 63 5 93 23 65 31 47 12 38 8 72 80 29 73 17 43 48 35 1 91 45 44 41 51 70 42 95 57 84 18 58 32 26 71 78 27 54 64 25 86 94 13 22 66 88 39 21 20 81
43 64 68 7 17 86 66 71 24 46 83 1 82 88 73 54 18 55 22 45 35 79 26 11 90 12 40 67 27 81 10 58 91 57 5 87 42 14 92 85 70 39 93 44 31 50 49 61 23 25 47 65 74 30 53 52 48 13 69 2 38 62 51 9 8 56 76 29 84 4 20 0 80 6 41 63 3 32 16 34 21 77 60 28 59 95 72 78 33 37 15 75 36 19 94 89
70 3 65 30 78 34 86 20 10 87 83 84 0 15 22 94 77 32 41 45 54 19 14 38 88 2 13 69 26 68 27 51 62 52 8 49 12 79 21 75 72 7 39 18 56 67 55 71 42 63 60 37 91 16 24 44 25 80 6 50 11 33 82 46 81 74 1 76 31 90 92 4 57 53 9 64 36 29 5 59 85 47 58 17 35 66 89 93 73 43 23 40 48 28 61 95
41 80 64 59 87 22 60 55 70 56 84 75 94 14 15 44 32 35 28 31 76 26 63 72 40 49 90 36 19 7 52 29 47 1 23 95 21 39 77 65 86 89 10 46 38 50 4 33 24 12 88 45 58 68 61 91 83 48 73 2 20 66 27 54 92 37 34 78 51 6 13 85 81 57 17 43 74 5 30 69 9 82 42 18 62 67 16 3 93 25 11 8 0 53 79 71
25 57 16 30 9 7 79 10 62 83 12 88 76 1 49 40 95 94 43 70 28 60 50 80 86 52 65 2 17 11 35 89 26 34 4 29 78 42 82 75 3 37 39 66 46 19 18 44 32 67 47 55 27 24 68 41 63 33 31 92 74 90 85 36 23 73 61 54 6 93 53 21 48 13 5 69 64 38 56 81 8 51 20 22 59 72 14 91 0 15 71 58 77 87 84 45
41 15 16 81 74 79 44 70 6 11 52 8 48 75 58 42 84 5 94 51 3 83 17 87 67 49 65 13 47 7 46 36 66 63 90 20 33 4 86 82 56 0 1 78 40 12 68 23 69 53 92 2 95 72 37 10 50 28 60 77 35 61 54 9 26 73 38 25 31 34 30 18 39 76 24 71 27 85 91 45 21 80 88 62 93 64 32 29 55 43 14 59 22 57 89 19
39 93 82 63 72 4 32 22 54 13 48 81 66 84 19 37 46 86 64 33 45 47 41 12 60 51 88 76 30 2 35 14 71 75 59 17 40 90 68 44 5 55 70 87 78 0 24 94 1 74 69 15 65 85 8 10 77 38 62 89 43 26 36 58 21 11 73 42 20 28 79 25 6 27 50 34 53 7 49 91 29 9 31 67 92 56 61 16 83 57 80 52 18 95 3 23
19 77 72 44 54 16 90 9 26 65 82 34 59 89 8 56 63 75 13 58 70 51 27 31 79 3 78 91 15 38 69 50 64 22 24 67 39 28 87 10 1 7 43 48 53 47 60 17 33 4 42 12 73 52 40 62 49 85 57 30 46 93 66 25 35 81 0 95 14 76 2 84 5 55 21 45 6 32 94 20 18 71 29 61 41 86 88 92 80 37 74 83 23 11 68 36
43 38 61 48 22 15 37 50 18 87 83 21 33 80 63 30 3 89 67 8 2 17 49 46 64 94 5 0 66 36 6 1 23 72 19 79 7 95 58 54 35 25 40 92 29 70 57 52 32 51 13 12 26 68 59 77 86 85 84 76 73 93 11 31 60 39 20 56 10 53 34 9 75 45 41 28 65 69 44 62 82 16 74 71 55 24 14 90 27 4 91 81 88 47 78 42
32 68 53 48 63 50 70 47 61 24 78 37 17 45 0 14 12 35 22 9 94 74 43 21 76 16 29 51 56 77 2 84 40 33 72 15 13 8 18 89 6 91 93 20 64 25 83 36 60 30 1 85 4 54 19 31 44 75 42 38 57 69 71 55 73 49 66 46 88 34 41 87 5 67 86 39 80 27 95 59 3 82 58 11 7 10 62 90 92 28 23 52 65 26 79 81
95 42 70 92 53 22 51 45 77 40 13 46 18 82 84 79 27 72 75 0 87 58 56 66 14 21 48 26 85 2 8 74 38 71 10 73 19 55 81 60 57 86 67 93 36 33 3 9 41 88 32 90 78 1 52 37 34 69 23 35 28 30 49 54 68 4 29 62 83 80 43 76 61 63 16 20 7 39 94 25 44 6 12 89 64 11 50 17 15 24 65 59 31 5 91 47
90 66 14 88 20 37 42 43 16 3 63 61 53 4 74 36 26 56 6 17 65 34 1 91 93 32 94 35 72 33 71 62 81 51 59 41 7 67 15 21 31 48 95 57 92 79 46 0 84 52 77 68 13 89 55 39 5 78 19 86 83 73 10 27 69 60 45 54 80 23 25 22 38 12 40 82 49 24 85 64 8 87 58 30 47 9 76 70 11 2 18 75 44 50 29 28
63 25 56 71 57 93 59 33 95 41 10 0 5 13 30 28 69 58 92 68 38 49 54 1 48 80 74 84 70 65 87 75 85 60 76 94 24 37 4 43 22 42 21 62 17 79 81 66 18 40 9 20 83 34 45 26 90 16 46 12 6 52 61 47 27 7 88 67 44 29 51 78 19 72 8 31 82 3 86 89 35 15 36 50 39 53 32 55 77 91 11 14 64 23 2 73
82 83 48 64 35 9 6 13 94 16 43 45 39 33 2 10 57 86 24 72 29 30 38 26 85 28 42 75 67 27 84 73 77 66 79 78 91 74 59 14 51 44 65 70 53 71 68 54 19 41 52 60 92 12 25 55 56 37 18 93 49 8 17 87 46 15 89 76 88 80 36 50 62 21 3 20 69 61 1 81 63 34 58 31 7 47 5 90 32 22 4 40 0 23 11 95
4 78 56 65 41 94 60 14 45 53 10 87 68 21 44 32 17 29 86 74 91 47 38 82 89 28 72 3 20 69 50 6 11 59 54 24 2 22 46 5 23 79 70 76 0 61 1 16 49 75 34 40 25 92 8 84 58 64 7 42 88 48 73 52 63 37 27 81 39 57 62 71 55 66 12 80 9 90 30 77 36 35 26 13 83 95 18 67 43 51 33 85 19 93 15 31
84 7 55 2 93 58 88 30 45 40 35 24 38 68 39 87 81 95 47 48 21 3 54 25 59 17 33 46 29 28 18 50 23 62 82 26 77 64 16 34 79 14 94 52 57 43 0 12 74 36 5 49 65 53 11 60 22 89 70 85 44 41 27 83 86 51 56 92 75 9 15 20 91 72 37 90 31 66 63 4 73 6 10 61 19 42 32 69 71 78 13 67 76 1 80 8
29 22 77 75 6 23 26 1 80 31 8 82 95 13 66 72 50 78 81 68 61 41 94 59 53 79 42 15 4 35 43 91 7 51 27 32 12 46 10 56 11 16 89 39 52 54 9 19 34 45 83 18 0 37 25 69 30 20 2 74 73 21 40 90 85 65 63 67 44 70 60 47 62 14 87 33 93 36 76 48 71 64 17 3 88 84 58 92 38 24 55 49 28 57 86 5
66 50 73 44 83 5 82 30 40 71 35 85 1 95 46 80 94 3 9 37 26 51 11 68 0 55 93 54 59 4 74 69 33 65 15 25 38 16 78 91 49 34 23 32 84 19 28 53 76 13 90 2 56 10 12 42 47 45 27 52 88 86 36 67 14 64 58 7 24 81 79 77 6 21 31 29 92 72 17 87 89 41 75 57 43 18 63 48 20 22 39 8 60 62 70 61
35 3 41 84 47 22 89 25 34 59 68 86 72 51 30 87 75 48 93 79 77 65 4 37 10 39 45 69 16 80 70 82 94 62 74 43 58 17 64 52 21 66 28 5 13 54 90 14 29 63 78 44 2 40 26 56 76 49 95 11 9 15 50 0 81 57 61 7 67 33 6 24 91 88 42 27 46 19 60 18 55 85 71 32 8 36 83 20 31 1 92 53 12 23 38 73
89 63 64 48 84 32 28 78 39 71 11 37 95 57 24 20 44 30 77 58 81 6 43 36 18 26 56 31 12 92 72 22 60 2 65 93 27 35 91 68 1 90 74 88 83 82 16 17 33 80 10 40 13 79 41 86 50 59 21 94 45 55 19 66 61 0 52 38 67 47 9 3 73 8 87 7 15 85 34 51 5 25 69 62 53 42 4 46 14 29 76 70 54 75 23 49
78 33 16 93 66 2 7 69 74 84 13 52 81 94 87 39 64 76 9 21 44 32 60 65 53 31 17 26 23 49 88 57 83 90 70 3 4 85 77 51 72 46 27 92 8 50 68 54 82 80 37 91 63 67 6 1 73 47 20 55 11 36 95 12 25 89 71 43 10 58 5 75 0 86 59 35 22 41 19 38 28 14 48 45 79 30 56 42 18 40 34 61 29 15 24 62
58 95 70 19 60 33 18 32 42 37 64 85 34 16 48 28 39 75 15 12 54 26 1 8 50 69 4 57 52 82 65 2 55 25 91 3 92 44 5 93 46 47 89 63 80 71 83 31 22 56 66 87 13 76 59 94 10 43 72 29 27 17 88 62 74 20 9 90 14 84 67 61 40 78 21 51 38 30 49 53 77 68 73 86 35 23 11 0 81 7 45 36 6 79 41 24
24 49 30 94 36 62 52 45 5 76 81 0 72 39 46 61 47 32 92 60 80 88 10 63 73 4 83 15 93 7 74 69 18 70 13 8 1 82 20 12 6 75 65 35 95 25 33 91 87 3 26 28 17 29 44 77 64 51 57 31 38 11 84 41 37 55 43 27 56 48 34 71 23 89 2 50 59 22 90 42 9 19 79 53 68 66 54 78 86 67 21 16 85 40 14 58
72 64 63 12 9 31 29 26 56 21 24 86 48 73 88 17 53 79 7 70 41 22 66 16 47 74 94 85 78 91 40 35 58 90 87 32 95 19 27 23 11 14 46 5 61 13 92 42 50 68 18 67 71 89 51 65 69 44 37 36 84 83 45 49 77 3 59 54 38 8 93 76 43 34 15 28 20 0 60 25 62 33 4 30 57 10 52 75 80 6 1 39 81 82 2 55
54 79 69 0 20 34 91 49 10 87 13 16 44 47 89 78 14 43 33 62 83 21 75 8 6 52 80 24 19 46 57 1 3 51 38 64 9 28 5 95 92 59 86 2 68 81 66 26 53 4 37 17 25 88 22 40 72 31 61 41 70 90 18 74 84 23 71 36 85 42 60 58 67 7 32 82 93 29 15 76 11 73 48 12 39 63 77 56 27 65 45 94 55 50 35 30
86 73 76 65 95 71 42 30 78 23 29 19 6 3 53 21 57 31 55 47 16 92 49 85 37 46 79 59 10 50 84 67 82 27 38 74 64 56 68 40 22 11 88 24 51 91 9 8 52 14 80 69 2 60 87 33 75 72 63 61 41 93 7 28 12 54 77 13 83 1 5 58 18 34 90 70 26 81 39 43 17 44 48 62 89 15 0 36 20 25 45 4 94 32 66 35
1 0 55 76 32 5 41 12 89 61 8 46 68 3 79 80 37 95 20 29 75 67 7 92 21 59 91 28 56 30 51 27 57 11 31 54 63 36 52 6 4 71 26 87 38 44 39 77 65 48 17 24 40 66 74 93 34 16 2 85 81 53 18 90 88 47 19 45 78 42 49 25 69 58 64 23 10 50 70 86 13 22 84 82 73 60 43 9 62 15 83 33 35 72 94 14
51 50 1 24 13 48 93 42 45 68 84 32 22 27 46 81 17 35 83 57 56 6 77 95 31 11 66 23 29 16 59 74 55 21 54 26 88 92 70 25 28 67 30 71 10 79 89 43 0 62 76 86 85 91 14 20 15 82 34 18 8 12 19 33 49 39 2 47 78 69 44 60 64 80 37 3 7 73 75 41 9 36 58 65 4 40 72 90 53 94 5 38 63 87 52 61
27 62 20 32 14 3 56 87 24 6 79 91 78 80 13 38 89 17 10 42 68 25 0 82 72 35 51 92 9 36 1 63 75 4 58 64 81 2 57 28 65 69 18 34 29 67 60 93 19 31 61 40 15 8 22 74 46 16 11 52 94 85 41 76 90 50 86 45 84 54 30 55 21 12 71 95 48 47 83 73 70 59 44 5 23 39 37 53 33 49 7 88 77 43 26 66
88 42 71 38 74 92 4 49 68 31 2 80 93 78 48 95 9 20 18 72 39 70 10 91 52 32 0 73 6 59 7 76 34 15 41 82 43 60 40 17 62 8 12 5 90 30 69 83 51 21 81 94 87 19 46 25 22 67 65 14 26 56 13 66 53 28 36 27 24 61 89 35 50 58 45 11 77 64 37 63 33 57 44 79 29 85 16 54 23 1 86 75 55 3 47 84
94 65 14 75 2 92 5 81 7 48 28 36 43 15 52 69 49 80 26 17 87 95 59 79 62 50 40 24 8 44 70 16 74 41 46 23 60 0 6 34 31 77 68 89 22 54 25 85 56 72 1 78 18 93 42 53 64 84 32 47 51 71 82 61 88 13 63 90 83 12 11 55 29 76 38 39 91 35 3 57 37 19 4 73 10 45 33 66 27 30 9 20 58 21 67 86
35 34 36 29 30 1 21 11 61 66 72 15 89 65 86 14 63 44 18 87 28 26 5 45 48 4 76 75 12 58 39 10 77 3 62 32 40 41 19 85 53 27 81 92 7 23 49 51 33 64 47 16 83 94 90 80 24 8 57 2 95 31 74 59 43 6 82 84 17 68 9 73 38 50 46 56 37 20 54 93 55 25 0 69 91 42 13 70 22 60 67 88 52 79 71 78
59 19 9 52 43 25 94 34 54 51 1 74 14 85 67 92 17 21 5 50 81 22 29 95 28 20 26 70 58 71 82 31 60 42 78 30 80 38 44 36 11 55 69 61 53 62 32 2 89 10 37 40 45 91 49 24 23 63 73 75 4 93 48 86 72 88 35 57 76 15 3 68 46 77 39 16 56 65 90 13 6 33 8 64 7 79 0 18 84 83 12 27 66 87 41 47
83 77 53 32 64 12 93 20 73 67 88 75 6 56 29 60 49 61 23 5 58 87 9 91 16 51 50 43 40 92 78 1 22 3 89 42 36 45 80 37 25 62 68 54 66 85 76 13 34 74 39 52 70 35 48 33 71 84 24 14 15 59 90 47 18 2 44 19 72 21 94 79 30 95 86 17 38 46 55 7 31 69 81 0 63 8 4 41 65 27 57 28 11 26 10 82
46 48 92 64 26 89 93 24 34 29 17 78 59 0 55 60 33 68 70 91 62 73 43 25 16 9 41 86 31 15 61 56 37 39 10 18 30 49 54 12 28 65 80 13 51 27 32 84 67 95 75 83 19 71 63 6 76 8 81 40 23 87 50 66 2 44 22 85 38 3 77 74 20 69 4 35 58 79 52 90 47 36 57 1 42 94 88 7 53 82 14 21 45 72 5 11
9 72 50 47 44 57 95 19 94 31 70 55 0 76 42 4 43 54 13 46 15 2 74 69 17 5 28 21 12 41 24 64 48 88 80 51 23 32 87 8 78 16 22 26 40 7 83 37 93 1 77 71 35 30 66 59 38 86 25 3 82 49 61 11 33 79 36 81 65 10 39 34 91 56 84 53 14 27 68 89 20 73 90 52 29 6 85 92 60 75 58 18 63 45 67 62
4 94 78 50 59 62 29 77 47 7 93 66 53 73 22 90 17 55 58 85 8 32 60 27 33 39 54 5 83 68 20 30 37 45 34 76 40 81 24 43 28 67 25 11 80 36 42 63 56 41 79 16 65 57 87 44 13 89 21 14 31 1 12 9 23 0 48 69 38 46 75 2 18 71 88 19 3 61 84 95 35 64 86 15 82 6 74 52 10 51 49 72 92 91 26 70
14 81 64 44 57 12 0 53 19 15 82 46 91 4 60 31 37 79 94 69 73 17 63 1 23 85 83 18 49 30 59 76 26 10 80 75 77 89 20 61 66 13 48 50 47 56 2 8 11 68 65 36 24 27 7 62 71 45 43 88 70 3 54 58 86 16 93 52 5 22 40 33 41 21 25 42 51 90 32 38 29 74 95 39 92 78 72 84 55 34 9 67 28 35 87 6
89 36 77 76 92 25 86 19 60 69 84 21 58 29 74 32 61 57 95 59 47 48 72 39 50 63 8 88 13 12 14 73 80 67 51 90 46 43 82 71 35 40 11 38 16 42 55 28 18 49 30 17 91 94 2 75 45 22 20 52 26 70 4 31 87 44 65 5 9 93 53 62 56 24 37 85 3 0 41 6 79 66 34 33 27 54 1 7 64 81 23 15 68 10 78 83
52 86 53 13 28 54 4 71 35 42 26 93 94 69 6 59 63 46 43 24 33 60 25 44 89 92 50 58 8 45 68 88 81 72 56 12 82 61 0 19 55 18 9 39 83 91 40 85 67 51 22 3 57 70 1 32 76 87 66 47 14 36 23 65 90 79 34 95 84 37 80 29 10 62 7 20 16 73 31 27 5 48 78 74 17 41 49 75 15 77 64 2 30 21 38 11
17 7 59 68 69 58 46 57 26 27 84 92 12 18 71 39 29 74 86 42 23 13 89 32 60 3 5 21 51 87 66 47 67 24 72 91 1 95 70 14 15 83 64 8 20 10 28 34 11 9 56 25 48 30 93 45 54 63 94 49 36 22 43 6 78 16 19 79 44 31 40 55 90 52 35 41 65 80 2 61 50 62 4 77 73 82 75 38 0 88 33 37 53 85 76 81
65 92 75 58 46 31 67 6 78 80 19 39 33 29 17 81 27 20 15 95 9 22 5 30 68 66 72 40 37 38 44 83 14 50 0 74 24 90 77 18 11 53 21 1 82 3 87 84 71 4 76 23 2 16 13 28 59 56 25 64 85 48 70 34 93 32 62 63 12 79 51 45 42 26 35 43 47 94 86 60 55 7 49 91 54 36 57 73 52 69 10 8 61 41 89 88
41 72 56 11 24 62 38 75 54 60 33 69 48 0 28 68 57 66 16 18 17 87 79 52 26 14 55 88 8 6 23 65 15 5 86 46 63 7 58 67 44 36 64 3 71 30 89 49 37 31 40 34 53 93 39 12 78 22 45 1 61 76 47 50 25 91 13 59 42 70 92 84 73 81 19 77 43 9 90 83 94 4 82 74 2 10 29 21 27 80 32 85 35 51 95 20
1 23 10 76 77 59 91 33 85 68 49 31 48 74 29 87 58 2 63 90 5 24 78 61 83 70 73 95 43 72 71 15 57 16 21 28 19 6 69 4 22 7 39 27 32 41 45 65 47 40 55 20 52 12 53 82 0 46 89 81 17 34 88 38 14 54 35 18 66 13 51 94 42 86 9 62 64 80 50 3 36 79 93 84 37 60 25 92 30 26 67 44 8 11 75 56
67 45 54 34 58 30 85 17 41 9 81 50 92 53 6 38 28 31 2 21 75 69 26 80 56 27 20 88 82 65 7 12 66 25 60 40 95 22 15 52 33 13 47 24 77 94 90 78 11 36 0 93 8 76 14 42 70 72 43 74 18 29 84 86 1 48 89 91 83 49 23 73 39 10 87 5 4 68 64 57 44 63 79 37 59 19 55 61 16 51 35 46 32 3 62 71
0 60 83 29 92 30 86 70 55 80 20 35 74 63 26 13 68 76 49 47 57 38 69 22 81 19 67 8 10 44 17 51 11 28 23 65 52 43 1 62 7 37 16 75 27 59 48 39 85 2 3 14 41 58 61 36 73 40 82 71 56 45 21 91 54 93 53 78 50 32 89 33 25 88 84 34 46 95 18 4 66 5 94 12 72 64 77 6 42 9 24 87 79 31 90 15
10 50 77 40 25 1 8 62 82 26 44 68 11 73 71 53 20 39 86 90 58 31 23 42 57 51 85 12 93 15 63 76 75 13 60 78 70 19 5 38 33 83 43 95 9 74 48 81 14 84 59 80 17 61 52 37 22 94 21 29 54 16 2 64 91 6 3 32 30 35 92 24 65 66 79 7 27 46 72 41 18 36 89 0 56 67 69 47 49 87 45 88 4 34 55 28
15 8 20 11 45 2 81 48 52 47 56 41 74 33 49 95 59 76 70 13 91 43 86 93 29 82 28 23 72 84 31 94 92 7 3 32 55 51 44 53 88 83 17 63 73 78 21 30 85 39 80 67 0 61 12 58 79 46 38 14 36 57 26 24 71 27 69 54 22 34 68 10 1 77 40 65 50 90 5 87 19 9 66 37 6 89 25 60 75 18 4 16 64 35 42 62
71 36 70 35 19 60 38 34 37 66 8 44 52 42 25 5 17 91 53 16 79 24 46 40 45 0 95 86 87 50 57 54 92 1 12 32 68 7 27 88 65 89 94 75 28 11 49 33 84 55 23 69 59 13 85 67 51 63 73 14 93 76 81 90 4 22 83 72 26 78 2 15 43 48 74 56 39 10 3 58 30 62 47 64 6 82 29 9 41 18 31 61 21 20 80 77
81 67 31 5 26 18 58 8 94 11 1 61 85 20 36 87 2 30 64 41 73 6 33 63 69 12 93 56 55 21 91 32 28 52 24 75 53 80 92 19 25 7 84 0 49 50 60 39 45 48 77 40 38 4 70 86 35 79 37 14 71 42 9 46 78 68 15 95 47 89 66 16 59 43 27 44 51 74 76 72 57 65 88 23 3 10 54 83 29 17 22 13 82 34 90 62
37 79 73 65 38 90 32 59 93 72 77 81 11 82 76 58 0 9 2 46 35 52 22 68 56 55 3 24 34 13 43 51 41 31 20 85 8 49 16 1 33 23 80 66 19 62 42 25 44 4 95 75 15 89 94 45 92 57 64 84 40 60 91 12 87 61 5 53 27 74 26 7 83 69 28 29 67 36 78 54 71 88 21 17 48 30 50 14 86 63 47 6 70 39 10 18
3 53 45 51 6 10 77 56 25 92 13 46 7 76 24 22 70 82 18 73 1 52 43 2 84 78 71 8 67 29 42 31 48 34 54 68 89 14 86 83 40 20 74 58 75 63 4 90 55 30 95 47 19 81 57 21 65 64 61 12 26 87 62 91 66 85 36 88 80 49 5 35 50 44 60 11 39 17 0 94 27 15 72 9 23 69 33 79 32 28 37 38 93 59 16 41
6 26 77 4 39 22 60 64 0 20 37 28 76 89 79 49 43 85 51 38 2 34 3 45 55 92 12 15 1 7 32 14 50 59 71 70 95 41 29 72 88 61 74 68 31 58 40 86 84 48 53 66 25 13 90 44 27 67 91 23 73 75 21 30 18 94 33 47 69 82 56 62 54 24 5 10 65 83 36 52 78 42 81 57 35 46 17 19 9 8 80 11 63 93 87 16
20 87 42 46 63 79 43 57 47 6 88 40 36 41 54 4 65 56 66 8 48 82 18 68 19 58 28 75 67 39 59 84 60 10 44 3 30 0 26 1 27 62 91 21 31 71 51 92 74 7 35 22 24 81 32 94 16 50 2 25 70 77 13 33 80 64 9 69 55 90 15 61 34 5 93 29 17 49 72 37 76 23 89 14 85 86 78 11 12 38 95 53 52 73 45 83
94 51 55 0 40 70 87 1 4 59 92 46 31 82 25 39 6 12 45 75 65 19 18 20 91 33 54 93 86 38 17 29 95 79 57 47 72 30 26 66 41 24 73 3 14 21 56 81 35 69 80 90 71 5 83 2 58 37 27 84 77 15 52 49 44 10 64 48 11 36 9 7 43 68 34 13 78 23 60 62 74 22 8 32 88 76 42 63 85 89 61 53 50 28 67 16
9 32 37 39 16 3 12 75 65 90 6 0 73 87 67 45 13 34 58 74 93 23 92 18 71 81 22 72 62 31 29 59 88 26 51 69 7 91 36 40 66 42 5 1 28 8 47 35 60 10 4 30 2 14 85 41 19 94 33 64 82 21 77 80 55 44 83 68 79 49 20 52 50 63 15 89 56 86 11 53 25 54 84 78 76 38 95 48 57 27 24 46 43 61 70 17
51 43 22 33 47 53 42 49 83 25 8 9 2 54 63 76 55 34 93 81 89 20 75 40 16 14 17 78 39 45 15 95 72 32 62 12 61 13 6 77 80 67 36 37 11 90 48 21 50 4 29 60 91 23 5 56 65 71 41 68 87 0 69 70 46 18 28 52 66 85 86 3 7 79 38 59 84 10 35 94 26 74 82 88 19 30 73 27 31 64 57 1 24 92 58 44
95 62 36 30 40 7 76 4 25 20 84 28 50 64 90 45 57 67 5 18 44 65 16 54 13 80 81 56 58 19 2 32 23 71 68 78 10 26 31 86 91 59 15 94 93 77 69 88 3 29 70 39 27 85 22 12 37 92 51 89 9 75 53 60 79 47 21 83 82 43 42 6 34 49 46 35 17 74 55 41 14 52 66 24 73 33 0 1 63 8 72 87 61 48 11 38
49 31 87 67 15 20 73 10 45 56 58 52 90 88 74 33 62 16 38 72 35 60 71 24 8 68 6 4 32 80 54 64 25 39 82 94 0 19 13 85 63 27 95 5 69 3 40 84 30 18 28 65 23 12 2 48 75 53 42 37 44 11 93 41 79 89 55 47 7 77 22 17 50 36 59 66 43 76 86 21 91 81 14 83 51 57 34 92 1 70 9 78 29 46 26 61
30 94 93 10 52 75 87 72 36 62 28 56 3 21 74 71 48 57 84 32 34 17 69 89 55 42 35 70 29 78 0 26 13 46 68 50 31 25 65 95 51 60 38 37 90 18 73 39 27 77 33 23 82 14 8 4 16 1 6 88 45 11 92 59 24 86 54 7 61 20 49 41 40 19 91 5 44 22 53 67 9 63 66 76 80 15 43 79 12 47 85 58 64 83 81 2
81 87 33 41 66 60 23 50 65 2 57 94 25 37 77 19 78 16 80 58 7 5 88 59 89 39 51 43 83 92 34 11 79 82 14 76 10 9 26 64 47 49 53 32 21 74 70 44 30 62 84 61 55 8 46 20 68 85 29 48 15 86 71 73 31 69 12 75 72 3 67 4 17 18 90 6 36 91 22 13 95 45 52 1 42 0 56 54 40 24 38 63 93 35 28 27
91 16 79 62 56 75 52 73 93 92 51 17 90 86 88 25 48 15 29 32 9 82 50 38 66 65 95 13 30 61 44 64 63 84 8 4 68 10 77 20 42 59 53 1 78 58 55 49 35 36 18 57 3 54 14 23 89 22 5 27 83 70 7 41 33 40 85 19 6 67 26 21 31 28 12 74 72 80 69 60 24 76 0 43 81 2 39 71 11 94 34 37 47 87 46 45
66 31 78 60 27 80 70 18 54 82 72 90 22 12 94 46 55 73 21 86 25 10 26 71 35 91 87 16 63 11 56 77 75 24 58 7 34 15 93 23 74 41 2 36 44 28 40 47 95 48 62 65 29 59 43 53 92 84 83 20 76 85 39 57 67 4 19 5 3 45 32 13 88 51 79 52 64 38 37 17 30 14 89 68 0 33 42 81 61 49 50 6 69 8 1 9
23 41 38 81 84 14 90 39 46 37 78 6 56 50 29 60 44 33 63 16 74 4 94 21 54 87 15 10 88 19 52 66 35 86 80 11 49 92 89 62 91 1 95 30 69 28 3 61 45 70 73 51 22 31 32 18 75 71 13 5 68 64 40 42 25 27 82 0 77 8 24 7 83 53 85 47 26 67 12 55 2 9 76 36 79 20 59 93 72 43 34 48 65 57 58 17
62 63 6 18 61 36 38 46 30 83 4 84 90 43 27 75 92 60 93 37 64 53 47 67 80 72 55 31 21 44 85 13 91 24 35 59 5 66 73 68 57 32 58 14 70 87 23 52 12 88 8 95 81 3 17 51 33 16 77 10 56 79 65 50 40 42 9 49 69 45 25 82 29 74 94 48 7 28 19 89 54 78 20 15 86 41 11 1 76 22 71 39 26 2 0 34
19 81 12 27 60 59 91 53 84 13 32 16 3 43 5 48 67 6 1 24 52 4 54 68 66 80 15 25 79 71 42 17 92 65 11 34 86 26 74 31 21 14 39 56 82 46 10 38 83 45 89 73 35 90 40 23 62 49 61 75 22 37 63 18 20 58 95 2 50 9 36 44 28 8 78 93 57 87 7 47 85 0 41 70 72 64 88 51 76 55 94 30 77 29 33 69
47 46 18 66 53 39 63 7 93 77 5 49 45 32 21 52 50 72 36 60 27 4 89 29 48 88 13 24 31 9 85 94 90 92 84 3 62 16 44 70 87 19 95 30 83 59 64 34 42 76 10 17 56 54 69 79 11 26 1 23 58 38 22 33 81 14 37 12 20 78 25 41 74 61 0 68 80 28 15 2 8 40 57 82 65 35 75 71 86 67 43 6 51 73 55 91
39 37 36 42 49 88 6 24 82 29 76 3 18 93 51 81 2 89 60 62 8 25 77 15 10 56 63 34 20 74 16 75 90 66 72 27 4 57 59 0 65 9 83 70 11 19 21 69 43 61 78 41 44 67 32 7 84 1 58 86 48 22 87 91 55 31 64 17 79 85 68 28 45 12 47 46 26 33 13 40 73 92 35 14 23 52 54 38 50 80 5 95 71 30 94 53
15 89 83 57 59 79 44 48 32 40 16 74 25 88 12 10 7 55 87 85 84 38 42 11 93 53 67 82 91 80 33 81 3 13 5 65 66 31 56 70 30 41 37 2 92 50 35 71 26 8 68 75 0 45 54 64 94 23 20 21 27 6 86 78 90 19 61 77 47 14 73 72 17 24 34 9 28 69 51 39 18 76 60 29 43 22 36 62 95 46 52 4 63 49 1 58
38 48 64 81 40 4 15 32 89 42 28 74 37 53 45 85 3 33 44 65 90 55 31 86 11 22 50 24 29 67 77 12 87 30 82 62 41 56 91 83 16 47 52 92 27 76 75 39 23 54 6 18 93 60 58 14 94 71 34 46 68 1 61 13 49 84 8 25 5 43 51 26 17 66 36 2 19 9 70 57 88 80 10 79 72 7 59 63 78 73 0 69 35 20 95 21
15 95 84 31 83 63 39 50 5 48 34 47 72 93 12 25 59 0 21 61 91 89 79 80 30 82 58 19 13 65 76 64 38 54 90 70 6 23 86 55 20 68 2 71 43 29 74 14 11 60 77 40 35 24 88 4 10 17 33 22 67 8 7 28 69 16 45 18 36 46 85 66 53 75 51 52 42 26 92 62 9 27 94 41 57 1 3 37 44 78 56 81 87 32 49 73
74 25 58 31 40 59 15 80 63 73 85 82 24 90 9 48 70 89 53 13 92 43 64 42 79 83 46 71 44 12 61 18 39 78 38 35 1 20 29 72 30 55 5 86 2 47 60 65 0 87 68 75 21 41 76 51 3 16 34 91 81 77 33 22 37 28 45 7 8 52 57 54 32 23 84 49 93 62 50 10 66 56 4 17 67 6 19 26 94 14 69 95 36 27 88 11
24 95 20 84 63 17 18 79 46 33 11 67 68 44 5 26 70 91 77 2 31 88 69 92 32 59 29 14 89 80 93 83 86 15 57 82 66 39 8 50 23 55 94 12 0 47 45 13 16 53 51 42 62 35 40 27 28 7 3 87 75 25 76 4 72 41 85 36 37 56 9 38 73 1 52 49 48 21 6 34 65 61 74 71 58 22 90 54 30 78 10 19 60 43 64 81
48 50 74 2 65 3 30 89 27 85 22 60 71 95 94 7 40 87 90 55 13 34 16 36 9 59 20 33 15 88 46 64 6 91 19 41 28 43 80 31 70 57 62 18 66 38 51 92 5 0 58 47 76 69 81 14 37 68 32 93 11 1 39 45 52 25 17 42 35 44 77 8 26 61 86 83 78 63 84 21 29 23 67 12 79 75 72 49 54 24 4 82 73 10 53 56
20 35 24 49 55 75 89 34 77 8 46 45 91 27 85 6 38 57 17 40 92 22 82 80 70 78 64 43 58 65 33 73 69 53 36 59 3 72 9 37 4 67 26 28 14 30 79 87 1 19 25 56 68 16 88 47 2 39 13 21 60 81 29 63 23 52 54 11 42 50 66 31 61 94 83 18 15 7 90 71 12 10 0 48 84 76 74 32 5 62 51 41 86 95 93 44
12 66 18 21 11 51 82 14 90 36 92 24 77 94 64 70 29 31 2 1 48 46 72 23 38 95 50 27 61 28 76 55 20 49 69 3 37 13 84 34 40 68 30 65 17 6 25 7 9 16 88 81 59 53 60 39 87 19 4 22 74 8 33 15 54 71 5 0 62 35 56 41 86 45 44 42 91 80 67 73 93 79 58 83 78 57 75 26 89 52 47 32 43 85 10 63
31 7 15 78 3 35 54 87 32 27 8 82 19 59 74 13 16 81 10 72 79 66 65 5 25 64 24 41 23 86 88 36 58 40 11 37 45 83 1 46 71 50 2 4 80 44 77 92 9 49 29 30 21 14 56 70 39 33 57 20 85 48 94 42 62 69 17 89 75 12 93 84 38 90 95 28 34 47 51 43 22 53 91 26 67 63 6 76 61 52 18 0 73 55 60 68
92 42 52 45 28 79 49 78 83 73 2 77 67 64 13 63 87 91 76 43 17 44 90 24 19 23 93 58 82 6 21 56 72 59 33 35 29 95 68 10 85 36 38 57 75 34 60 37 27 25 11 20 65 22 46 69 5 62 26 47 4 88 84 48 32 12 80 81 50 8 70 41 14 94 3 15 40 16 7 86 51 54 74 55 39 89 1 30 61 0 71 9 31 53 66 18
48 39 16 90 51 82 9 79 17 83 62 89 38 59 67 57 92 30 12 80 74 2 68 27 93 50 25 37 76 44 42 35 65 5 10 69 91 58 34 3 71 64 4 78 55 19 52 49 75 86 77 46 14 23 94 53 8 63 1 7 72 54 26 0 21 13 95 41 73 32 84 45 87 60 70 31 24 20 22 28 88 15 11 66 47 43 81 56 40 33 18 85 36 6 29 61
64 65 57 23 71 36 27 19 80 83 14 10 43 72 87 34 39 18 9 30 61 46 49 63 62 69 68 16 86 22 35 74 85 11 42 15 6 91 75 60 56 70 45 77 2 4 40 28 88 5 24 7 76 0 66 58 78 94 51 38 81 73 59 93 13 20 89 54 21 44 55 8 67 1 33 37 31 82 90 53 79 47 29 84 95 26 48 25 41 3 32 52 50 12 92 17
91 0 66 23 20 62 80 13 71 24 76 15 63 8 11 58 46 82 56 10 5 84 93 79 81 77 50 18 34 4 6 28 39 67 31 29 51 54 45 33 32 27 43 9 12 59 42 7 37 48 88 19 92 90 70 47 87 64 57 26 55 38 35 22 1 74 72 60 30 73 75 83 85 16 14 61 53 36 78 89 17 44 41 86 65 68 2 94 3 25 40 69 49 95 21 52
27 59 23 33 66 83 67 91 89 45 81 47 95 24 49 61 79 68 37 56 50 80 48 62 14 72 40 1 63 76 71 94 26 92 31 42 58 75 39 2 11 78 6 9 22 64 73 16 69 4 70 20 77 90 30 65 44 28 13 84 93 25 88 36 55 74 41 7 34 0 51 10 43 12 85 86 3 29 32 35 82 21 38 52 57 46 17 19 54 18 5 53 15 60 8 87
54 62 59 10 42 87 81 91 52 67 65 19 75 29 25 1 31 82 66 23 86 44 64 11 92 50 94 70 18 83 57 77 20 38 37 84 9 47 88 2 71 6 32 58 51 24 28 93 22 26 3 13 34 0 30 5 85 95 35 90 79 74 39 16 63 78 48 41 33 55 12 61 45 60 36 14 15 72 7 89 68 40 4 46 80 73 56 27 69 21 43 8 53 17 49 76
42 35 68 57 92 13 51 12 7 3 73 47 93 16 15 75 44 83 67 8 69 88 80 71 25 31 70 29 87 19 82 6 45 9 26 86 81 53 28 60 46 59 91 2 61 85 11 39 40 78 41 30 33 1 0 72 5 38 22 62 66 23 74 50 95 64 14 89 49 20 32 84 56 94 18 63 4 52 79 37 43 21 27 34 65 24 54 76 36 48 55 10 90 58 17 77
87 10 13 21 39 6 19 30 85 45 35 32 93 1 90 46 73 8 40 77 67 12 88 84 62 20 28 70 66 2 37 4 0 51 47 57 50 14 75 36 83 55 29 71 59 41 89 80 18 81 49 58 61 15 23 26 9 53 74 54 92 33 38 42 60 94 24 3 48 22 44 52 86 64 91 76 27 72 25 69 43 34 82 79 95 63 17 56 7 5 65 11 16 68 31 78
81 28 6 5 84 8 95 92 31 22 32 41 74 68 26 18 72 14 85 78 29 65 47 4 9 37 17 15 69 63 56 40 10 60 48 94 91 79 90 55 49 87 13 2 1 43 59 16 3 0 34 82 19 88 51 93 20 67 73 24 54 46 44 11 58 77 89 66 30 38 27 61 75 39 23 25 83 57 70 33 86 35 50 21 12 53 71 42 80 7 45 36 76 62 64 52
42 22 49 31 35 11 27 82 90 30 52 46 9 28 40 91 71 69 13 57 45 60 48 37 65 43 6 18 19 54 10 58 83 38 55 26 4 63 67 7 47 33 0 20 17 92 85 14 66 79 2 3 8 80 39 24 75 86 25 78 21 68 16 95 64 74 94 93 76 84 5 15 12 32 23 1 50 70 44 88 62 72 61 41 53 56 87 51 34 29 77 81 36 89 59 73
54 94 73 85 14 86 3 52 57 92 56 24 20 40 87 93 63 15 75 11 32 1 66 51 38 60 18 69 41 23 6 61 88 0 36 55 70 58 21 91 81 71 2 28 47 59 9 37 76 22 48 10 82 27 67 30 65 16 44 62 39 35 17 46 8 7 72 43 74 5 12 42 84 45 25 19 83 79 78 34 13 26 95 90 77 68 49 64 80 29 4 50 33 31 89 53
26 0 40 56 23 31 55 67 3 4 86 49 59 80 65 89 36 48 7 81 39 78 15 72 14 83 45 64 1 38 37 32 61 33 58 88 94 30 79 76 43 87 10 22 69 46 11 5 66 52 91 9 13 73 16 35 85 92 27 63 21 47 29 71 62 20 8 51 42 28 70 12 82 2 77 41 25 93 68 95 17 34 84 19 53 74 54 18 6 60 50 90 75 24 57 44
61 12 63 53 31 37 43 66 32 95 67 3 23 4 10 40 64 33 19 34 47 21 29 38 76 88 78 2 54 65 30 6 28 14 44 39 49 72 73 36 5 57 86 46 35 69 8 25 77 89 93 83 41 26 90 87 59 42 68 50 80 56 71 27 79 22 70 45 92 81 18 1 75 52 13 62 17 0 24 60 85 16 55 84 51 9 48 82 11 7 74 94 58 20 15 91
15 6 32 8 89 27 28 60 42 80 3 76 81 26 34 86 54 49 21 66 11 74 33 20 1 36 31 9 93 22 44 68 37 90 19 39 62 38 14 70 48 88 53 10 46 16 84 7 61 5 71 52 47 63 4 12 73 43 64 67 92 78 75 35 40 83 57 24 55 94 72 79 85 50 18 65 29 45 77 41 2 56 59 23 13 17 87 51 0 30 82 58 95 69 91 25
74 54 24 57 59 69 26 61 95 85 87 34 14 44 52 51 79 3 8 33 17 20 89 94 56 5 67 43 63 42 88 60 75 1 12 38 55 11 21 37 36 41 45 92 66 50 90 31 71 6 46 9 13 39 78 4 23 62 49 22 18 29 72 58 7 83 93 25 80 15 91 70 68 77 2 0 30 64 86 27 35 82 40 10 19 65 16 73 28 81 76 32 53 84 47 48
78 47 31 50 83 5 56 63 41 84 79 14 7 16 22 77 0 51 25 75 90 8 68 72 94 71 10 59 67 15 37 95 65 73 45 36 48 93 38 44 46 12 23 2 74 61 35 55 85 17 11 21 19 32 27 3 92 82 81 28 4 13 64 40 58 91 42 33 39 88 49 20 29 76 26 43 89 30 70 52 1 9 60 6 53 62 34 86 87 69 66 57 18 24 80 54
84 28 44 23 89 86 82 68 17 15 72 11 94 1 42 20 21 95 56 43 8 78 73 77 25 57 18 50 49 46 66 41 10 5 16 26 6 0 4 30 51 40 59 52 9 36 33 39 27 63 90 70 2 92 60 3 12 19 45 7 75 22 35 83 93 65 47 58 61 80 32 71 38 69 31 13 48 79 55 34 14 91 54 88 24 81 53 64 85 76 87 62 29 37 67 74
42 54 31 45 95 15 14 2 7 79 47 59 52 39 93 46 4 35 76 30 53 64 26 75 37 58 11 67 6 63 23 91 16 38 21 29 57 50 43 32 49 65 28 12 9 3 73 68 20 87 86 70 90 18 62 44 69 89 77 19 48 83 27 92 84 85 71 25 72 88 55 80 61 40 36 74 0 81 82 1 22 56 24 5 33 94 78 66 10 51 17 41 8 13 60 34
4 61 22 51 47 27 93 30 79 12 17 86 11 19 70 9 36 42 38 29 15 64 55 75 73 95 58 72 81 76 63 87 78 7 31 90 20 35 28 68 16 23 43 53 46 59 34 65 77 83 2 91 21 52 40 33 67 66 0 69 85 57 50 80 1 24 84 37 48 18 8 88 5 82 44 54 56 3 13 62 74 49 89 45 71 41 14 94 39 92 10 26 25 60 6 32
82 0 87 90 34 79 73 42 6 74 62 81 25 59 77 35 64 68 49 44 56 67 78 53 93 33 29 69 95 17 48 39 57 40 55 58 54 92 88 60 28 80 4 20 12 72 8 84 86 89 14 83 24 22 31 85 63 1 3 9 36 43 37 16 45 18 41 30 70 47 15 76 51 13 91 2 26 7 75 32 52 5 71 46 27 19 94 61 11 50 66 21 10 65 38 23
52 14 63 13 15 36 55 87 25 23 4 64 93 11 34 72 33 82 60 70 8 44 58 18 76 19 59 47 67 7 81 71 75 26 20 17 28 80 1 66 94 43 50 9 53 38 12 84 22 89 29 48 6 74 40 21 77 27 3 0 69 30 51 79 5 54 92 85 42 78 90 86 62 61 95 45 10 16 32 24 65 56 73 31 2 88 68 41 49 37 35 46 39 83 91 57
70 65 25 85 35 95 20 90 2 12 79 76 94 32 10 21 91 41 0 16 60 22 42 26 24 50 69 6 89 74 84 4 59 71 18 43 86 48 45 36 28 9 53 56 3 51 52 55 81 80 64 5 83 82 7 58 34 13 72 29 17 62 37 44 68 31 63 47 77 27 66 19 1 49 73 54 46 38 8 15 23 87 88 61 30 78 92 57 14 67 39 11 33 75 40 93
38 83 14 5 19 59 79 4 7 66 6 2 1 21 52 64 50 22 88 78 56 84 74 77 93 40 29 89 3 46 73 85 94 34 68 76 0 12 37 9 33 80 8 63 62 92 36 15 90 72 51 61 67 48 31 30 27 81 49 32 75 65 53 24 69 25 41 18 26 87 20 86 28 35 47 23 11 42 43 57 55 45 91 71 10 58 70 13 39 54 16 82 60 95 44 17
55 25 32 22 30 42 38 34 85 0 24 14 23 2 64 47 13 44 1 11 57 71 63 76 93 6 9 50 31 19 56 92 45 88 7 82 53 95 65 16 35 81 3 90 28 80 40 49 75 12 60 68 27 15 39 74 29 41 72 20 4 21 89 91 87 69 5 17 94 8 10 54 58 37 66 77 78 36 79 59 84 51 26 67 83 73 33 62 48 70 61 86 18 46 52 43
84 95 22 63 30 71 51 7 78 17 39 52 70 8 58 37 12 38 40 47 34 41 25 89 86 28 87 42 61 21 53 81 57 43 14 23 69 82 24 46 64 50 66 74 85 32 26 77 68 49 9 15 36 48 91 20 60 54 31 65 1 94 0 88 18 93 27 62 59 6 16 76 33 19 3 83 4 72 11 45 35 55 73 75 29 79 90 80 92 5 13 67 44 10 2 56
87 86 16 73 6 50 49 63 75 21 91 74 62 93 70 56 45 44 68 41 4 66 83 55 10 77 20 11 22 42 69 19 59 47 36 88 81 28 51 46 94 89 43 33 71 17 25 3 13 15 0 37 31 5 78 27 12 32 48 72 8 64 26 85 76 92 1 30 34 58 60 24 53 61 54 52 23 57 84 95 29 18 82 7 79 14 80 35 38 9 90 2 39 40 65 67
88 33 35 55 17 54 86 94 92 3 43 93 67 52 26 73 8 46 57 47 77 37 63 72 76 56 70 65 7 64 5 78 1 16 48 81 6 20 10 21 83 51 34 12 23 50 75 91 32 89 13 28 61 40 2 59 71 30 68 25 19 22 45 36 60 49 90 85 31 38 0 29 4 69 24 95 15 41 74 14 53 27 80 18 62 58 9 44 87 84 39 79 42 82 11 66
68 26 5 7 31 3 12 64 73 65 53 0 62 54 27 92 57 86 22 49 60 4 18 78 21 76 63 13 74 42 36 20 2 32 10 1 59 51 37 95 93 45 28 11 85 71 61 80 17 47 35 91 38 75 90 81 44 66 77 15 8 87 41 52 84 67 58 34 55 94 83 48 72 19 24 39 46 14 33 43 29 82 88 79 89 16 50 9 6 23 30 40 69 25 56 70
2 9 13 26 64 82 72 58 78 59 92 95 18 43 45 48 57 17 10 7 68 31 47 21 24 33 50 49 3 28 32 54 11 40 6 70 30 4 35 93 90 34 65 15 88 63 61 44 46 86 41 29 66 62 73 51 84 22 12 69 8 38 60 25 83 81 1 87 79 39 23 77 16 56 52 94 80 55 71 14 89 85 53 0 76 91 27 36 37 42 19 5 75 67 20 74
72 14 33 93 69 49 81 55 54 92 15 86 10 42 9 6 73 61 48 51 74 22 32 37 89 85 91 38 16 19 43 39 56 13 71 58 84 45 88 2 65 52 82 63 29 34 53 26 28 18 77 23 95 24 83 4 7 80 68 66 25 44 70 30 40 36 27 5 87 60 64 57 31 35 21 8 20 46 50 94 47 76 3 75 17 11 0 12 90 41 59 79 78 1 67 62
27 31 61 2 25 19 7 20 44 17 55 23 8 54 66 9 64 70 36 15 37 22 0 47 50 26 10 41 75 42 88 49 13 6 67 89 85 5 34 86 12 57 3 77 60 71 74 58 43 32 94 1 46 16 53 18 52 24 93 38 40 35 81 39 59 51 92 78 45 91 29 62 69 48 79 87 68 4 14 73 76 82 63 11 21 83 80 28 56 72 90 95 33 65 84 30
77 39 83 29 72 40 95 42 59 55 14 46 92 54 24 78 48 70 22 82 68 1 52 33 16 17 88 60 25 91 58 64 80 50 21 8 89 79 53 45 3 86 34 49 18 9 20 69 6 51 11 57 87 26 63 56 43 4 81 19 47 74 66 37 94 5 12 93 61 15 38 30 75 13 2 84 44 41 62 36 71 76 7 85 31 28 0 32 73 27 23 67 65 10 35 90
54 49 38 28 68 74 53 22 88 40 42 17 26 3 16 80 8 44 64 66 6 69 33 57 29 10 95 15 87 55 2 34 21 50 39 27 73 63 75 25 51 13 43 72 92 48 5 59 65 62 37 52 90 76 61 81 84 24 31 9 86 91 89 56 14 94 85 11 47 32 20 1 18 7 19 41 12 23 78 82 77 70 60 67 58 35 4 79 71 30 93 45 36 83 0 46
25 17 36 55 14 72 85 47 6 86 49 19 78 16 0 9 15 56 35 39 83 23 73 33 82 75 58 11 18 27 26 95 4 29 22 62 77 13 91 1 50 80 59 34 51 21 48 43 8 12 67 40 5 88 68 61 46 90 45 87 37 79 7 65 89 32 54 63 10 70 69 93 53 42 44 64 2 60 3 20 66 92 24 84 38 76 94 41 71 74 81 52 57 30 28 31
22 53 21 68 88 91 2 11 4 76 79 66 41 5 56 52 63 34 72 27 33 16 47 82 78 69 77 23 46 85 51 31 87 59 80 64 24 71 19 7 67 37 1 14 8 18 48 12 81 25 20 74 55 49 13 6 70 75 40 0 45 3 28 42 89 60 57 29 61 95 43 17 32 92 39 84 62 83 65 90 44 36 35 86 73 30 15 54 9 38 26 50 58 10 93 94
92 91 24 50 81 85 59 7 33 90 45 56 80 28 0 64 71 12 20 38 41 1 3 66 17 72 62 35 86 23 77 67 93 54 15 87 84 82 26 68 63 18 95 34 79 48 5 30 19 60 14 40 94 49 42 74 88 47 65 8 52 55 78 73 9 46 21 37 43 10 61 76 57 53 25 16 70 44 11 69 29 83 22 2 58 51 27 6 13 31 4 75 89 39 36 32
95 40 70 1 48 42 29 52 30 61 89 93 50 37 67 86 18 78 44 27 39 20 73 38 53 49 2 81 80 85 90 46 76 63 8 66 91 13 69 59 84 10 64 45 36 9 60 26 23 4 14 68 41 6 43 51 57 32 74 7 22 65 71 56 3 15 28 72 77 34 92 33 16 55 19 47 24 21 12 88 31 62 94 83 11 54 75 25 5 35 82 79 17 58 87 0
77 4 24 31 39 55 58 91 38 81 66 8 82 30 9 52 10 62 23 20 57 35 53 73 83 40 36 27 33 48 37 49 68 3 67 46 15 76 6 69 1 88 22 14 71 50 41 28 74 7 94 92 19 11 32 18 16 60 47 85 5 59 93 78 26 42 0 90 61 79 45 84 65 89 56 25 75 17 54 63 95 2 44 29 51 43 86 13 70 34 80 64 87 12 72 21
60 46 18 74 3 51 5 47 95 41 45 25 92 68 21 53 77 12 13 81 30 11 93 39 85 62 26 9 10 15 89 55 29 27 63 66 43 86 22 73 79 6 76 56 32 35 40 82 44 57 80 31 75 34 52 8 50 71 19 1 28 23 78 7 61 2 48 16 24 54 38 4 65 87 33 84 64 20 42 69 0 17 36 83 37 91 88 58 90 49 70 94 72 59 14 67
11 15 14 50 28 73 18 24 76 38 47 19 80 2 35 6 60 48 7 88 4 59 33 84 36 13 45 17 87 69 41 70 82 12 56 0 31 86 16 23 46 62 57 61 1 66 67 39 93 42 77 71 64 68 51 81 26 75 8 54 92 30 25 10 78 65 83 89 43 20 53 49 3 9 34 29 94 79 90 5 52 85 63 32 72 44 22 95 55 74 40 91 27 21 58 37
4 48 52 5 19 53 87 86 83 67 60 12 14 20 22 80 1 27 69 65 66 58 72 84 40 82 90 7 73 18 21 0 63 43 55 49 28 59 71 76 64 92 17 2 42 70 24 57 77 75 38 78 46 44 89 50 23 81 47 54 33 37 13 9 15 79 74 93 41 62 95 10 91 16 34 32 68 51 29 3 6 35 85 25 36 31 88 56 39 61 30 94 45 8 11 26
54 85 11 77 28 69 78 42 43 2 62 49 19 83 14 37 55 40 51 84 73 68 59 50 13 46 53 7 20 17 18 95 67 45 9 1 79 15 48 21 60 34 89 8 70 4 10 16 65 87 52 35 22 91 26 76 80 71 94 81 61 63 30 29 44 75 5 23 39 12 0 74 33 82 3 41 56 72 90 92 32 24 38 57 86 64 6 66 25 27 58 88 31 47 93 36
6 2 67 1 46 78 15 25 30 61 75 57 72 16 65 40 18 42 56 64 88 7 4 26 38 53 0 76 8 54 90 41 89 58 66 37 62 47 51 27 84 21 73 92 60 83 71 48 77 95 28 63 59 50 49 69 12 35 82 80 13 55 9 70 68 36 3 39 43 85 32 31 52 22 79 44 94 5 14 17 19 91 10 33 81 29 24 74 11 87 34 23 86 93 20 45
33 84 62 53 39 88 42 29 2 67 93 78 87 26 43 81 64 66 69 57 40 19 95 38 71 74 24 41 31 9 34 23 82 85 4 65 6 70 73 76 15 83 80 77 8 52 58 44 63 56 28 91 5 36 45 30 49 54 1 3 22 79 13 7 10 25 11 46 35 51 92 89 0 59 18 12 37 48 94 20 60 27 50 55 68 47 72 14 61 17 16 86 32 90 21 75
22 69 46 4 38 48 65 30 40 70 92 91 12 24 90 29 49 61 53 17 93 16 1 41 45 80 5 73 86 20 43 28 60 37 50 56 52 14 75 59 36 62 0 44 84 26 83 10 68 51 23 72 87 13 76 18 34 67 21 3 77 39 94 63 78 74 85 15 64 95 66 9 35 11 31 42 8 2 27 58 57 89 81 25 47 79 82 32 33 7 88 55 19 54 6 71
60 67 44 26 90 11 24 91 14 70 37 82 35 3 23 47 25 83 49 43 93 10 7 61 80 75 31 1 20 42 9 50 52 22 17 15 76 27 29 6 32 57 59 92 62 54 85 13 66 12 87 21 77 64 5 30 41 4 51 2 95 40 78 55 69 63 28 36 33 56 19 38 94 16 73 48 74 18 8 72 89 34 58 84 88 39 68 79 46 45 81 65 86 53 0 71
6 5 28 21 53 64 31 10 41 55 94 73 7 15 26 51 57 72 68 42 66 11 77 83 93 47 32 69 12 76 39 20 4 63 43 29 91 16 58 87 36 74 86 75 9 1 3 90 60 82 35 17 45 62 33 46 70 92 88 84 27 38 0 65 2 71 40 81 22 44 48 50 49 67 59 61 89 18 13 30 95 19 8 52 23 25 85 78 79 54 56 80 24 34 14 37
93 61 60 13 30 54 27 39 73 82 51 87 16 68 71 85 69 0 34 7 89 37 66 4 95 15 6 42 2 25 48 3 67 31 9 56 72 33 10 1 90 78 21 40 19 94 28 50 63 53 43 75 35 22 49 12 24 17 74 11 14 58 38 5 32 29 23 64 88 92 46 91 84 57 76 80 52 47 20 86 36 41 65 45 62 70 8 83 77 44 26 18 79 81 59 55
27 37 94 4 46 83 76 35 63 54 88 85 8 14 3 40 22 45 12 58 68 32 65 81 91 11 64 95 66 25 1 2 31 17 49 23 82 72 38 29 93 70 92 84 20 39 73 10 60 78 36 77 28 90 34 79 30 61 56 67 33 48 53 86 51 80 89 43 71 19 18 47 52 59 0 15 55 62 42 24 7 13 75 6 74 26 41 5 50 57 21 16 44 87 9 69
40 54 28 72 55 14 25 36 18 58 15 93 8 42 45 30 21 84 51 70 46 3 80 39 43 33 60 94 48 1 17 59 52 6 57 38 88 63 92 0 74 89 24 13 53 2 56 76 10 19 34 32 44 35 71 77 91 95 47 82 62 4 64 66 68 22 12 65 41 20 85 81 50 7 87 27 9 69 83 67 31 78 73 61 49 11 37 29 16 26 86 5 90 79 75 23
82 35 61 19 22 7 2 54 0 72 85 70 30 60 36 55 31 46 4 20 94 41 43 44 83 3 28 33 8 64 21 12 49 71 24 14 53 5 26 13 15 66 37 91 51 57 52 50 69 59 65 38 63 45 29 76 48 92 86 1 73 78 39 34 56 18 9 47 11 84 67 25 89 58 17 87 32 62 68 16 93 81 23 74 90 77 42 27 6 75 40 10 80 79 88 95
31 87 12 17 26 33 25 18 72 37 86 84 56 70 16 28 10 15 30 34 64 43 22 27 76 40 91 36 74 50 9 60 49 14 44 7 82 92 21 13 42 23 57 54 78 55 53 89 75 11 6 63 93 0 45 79 88 48 47 8 71 58 81 20 3 52 62 24 77 68 46 38 29 73 69 90 83 32 80 66 1 51 35 2 5 65 39 67 94 41 95 4 59 19 85 61
92 44 15 14 66 35 11 50 65 8 16 46 28 61 32 73 24 63 41 3 20 78 7 53 33 75 17 58 6 29 2 93 12 54 71 10 67 38 47 89 79 55 51 1 72 62 88 94 81 34 19 52 25 27 22 95 40 80 43 60 85 21 74 37 30 68 9 39 83 86 57 69 70 64 82 59 49 23 42 77 48 18 5 90 26 87 13 45 0 56 36 76 4 91 31 84
28 68 20 57 58 43 21 87 42 8 82 64 60 75 80 29 93 30 74 18 41 52 31 63 83 62 85 19 67 27 86 39 77 84 45 38 15 12 0 59 54 48 23 50 90 92 88 11 26 33 2 14 56 72 61 24 49 7 66 47 51 5 34 25 65 1 53 55 78 46 81 22 13 91 76 36 10 89 95 16 3 6 44 73 4 79 69 17 37 70 35 9 40 32 71 94
62 72 89 92 88 4 94 30 31 41 22 33 17 70 95 56 64 57 68 3 39 80 6 14 85 11 49 87 47 82 78 18 34 48 52 69 36 58 37 67 0 74 43 32 93 60 71 79 38 61 8 63 28 24 15 45 84 13 77 27 73 5 81 50 25 65 75 29 35 59 7 20 23 2 90 1 44 10 54 12 66 9 42 19 26 91 83 21 53 46 86 51 16 55 76 40
83 36 44 56 45 13 91 70 67 32 51 59 61 87 65 37 18 52 22 1 90 14 5 68 15 39 80 77 60 47 46 7 17 35 55 0 29 33 38 76 10 20 63 19 88 78 31 3 79 34 92 89 57 25 30 81 24 86 41 43 73 62 23 48 66 69 71 21 28 2 26 6 75 16 50 85 4 74 11 8 42 93 95 40 84 94 72 27 82 9 64 53 12 54 58 49
83 79 80 89 76 4 91 93 92 56 55 88 46 30 58 57 41 2 18 16 66 38 71 77 65 85 45 59 61 42 39 36 48 49 0 24 43 1 81 44 67 7 70 47 53 86 5 22 33 54 52 94 69 40 29 95 21 90 78 23 87 3 73 50 32 51 27 28 19 17 34 25 9 35 37 26 13 15 12 68 31 11 10 63 14 6 84 72 64 60 74 20 62 82 8 75
15 76 30 61 72 75 52 19 6 55 24 69 36 84 31 4 81 86 11 88 25 12 29 39 49 85 71 35 58 51 32 53 5 16 27 43 8 56 28 90 42 10 63 45 7 13 64 38 79 67 89 78 94 68 62 1 59 70 66 0 65 17 26 57 46 33 9 14 82 77 34 2 23 54 37 73 87 83 92 22 74 48 93 44 20 91 95 3 60 80 41 18 21 40 50 47
82 11 29 93 74 84 17 61 58 28 78 56 72 43 53 5 30 77 36 41 7 10 52 14 35 40 0 89 22 21 62 80 3 75 19 42 50 94 39 65 67 16 88 90 47 23 63 24 68 27 49 81 57 6 20 18 32 15 37 44 92 1 12 26 54 86 45 46 85 34 8 69 70 76 13 87 25 64 2 31 9 51 73 71 60 33 79 38 95 55 48 4 66 83 59 91
32 83 65 46 88 66 56 69 70 51 84 47 60 78 28 43 37 3 48 17 4 79 44 31 29 85 53 63 20 93 25 21 18 57 38 75 90 82 49 52 86 6 54 74 11 42 1 10 62 72 13 5 30 45 73 40 8 15 81 39 27 2 77 34 59 76 95 92 22 58 0 33 26 87 64 71 14 94 80 12 9 55 67 68 89 41 91 35 36 19 7 23 50 16 24 61
9 22 28 46 27 1 17 44 47 42 11 93 66 53 0 87 92 86 50 5 58 10 18 19 71 34 29 64 49 23 24 67 12 51 38 85 78 4 54 6 16 95 56 81 88 84 13 57 30 15 41 21 55 79 83 70 8 90 72 52 74 3 63 77 2 82 62 36 69 26 43 45 20 37 76 61 68 73 14 94 7 40 91 35 31 75 60 89 48 59 33 25 32 65 80 39
44 29 91 11 56 52 81 18 45 40 42 34 46 55 74 19 20 43 82 38 30 9 88 85 8 92 7 36 65 48 2 14 15 80 22 50 47 0 31 77 17 72 33 61 79 24 41 53 86 35 90 28 62 75 39 66 59 3 63 4 70 87 69 58 57 10 60 13 95 6 84 51 32 54 89 83 23 5 16 71 68 93 25 1 76 37 26 12 27 94 78 73 64 21 67 49
15 59 75 28 9 91 50 69 64 45 71 94 25 83 80 5 31 90 33 34 40 26 3 12 56 95 42 73 65 18 82 44 14 1 87 23 57 38 88 52 35 29 30 32 37 11 81 60 70 68 85 93 17 55 36 53 48 39 77 66 61 27 21 22 10 84 24 49 0 16 51 20 58 74 47 54 19 78 13 86 89 46 62 92 4 72 2 7 41 8 6 76 79 43 67 63
74 12 44 64 57 5 82 56 83 36 45 85 75 61 22 76 87 42 10 21 29 70 6 35 46 62 3 43 23 95 63 2 48 11 71 38 89 34 84 47 51 17 31 69 41 66 91 78 25 14 20 92 1 90 93 52 60 7 37 40 0 88 81 8 53 80 19 28 58 50 73 55 27 30 67 79 94 39 86 15 72 9 33 77 16 18 4 49 59 24 32 54 68 65 26 13
72 63 28 3 13 37 80 73 1 76 70 67 77 44 69 17 59 5 68 91 93 8 42 90 21 38 47 24 43 74 45 75 26 23 4 35 2 33 88 78 81 49 79 54 20 83 57 18 25 29 19 71 31 85 65 89 84 82 51 32 92 86 62 46 14 36 94 9 30 16 12 61 66 58 0 40 10 55 87 48 6 41 95 11 27 34 15 7 56 60 22 52 64 53 39 50
40 13 10 82 7 32 18 4 33 73 74 85 21 78 31 36 84 20 83 11 15 28 94 62 89 51 26 57 8 0 25 47 61 38 90 22 35 64 37 49 46 63 9 19 30 24 2 23 27 80 77 56 43 52 16 45 86 71 81 66 68 1 91 75 44 65 3 5 34 41 88 29 60 92 53 67 59 12 79 69 42 87 70 48 39 54 93 95 76 72 58 6 55 50 17 14
54 95 83 21 12 30 22 53 78 43 6 13 26 88 35 47 8 46 24 5 77 72 48 10 31 7 90 68 1 37 81 39 23 69 4 87 0 64 19 94 51 2 79 62 55 67 38 49 40 11 63 92 91 20 57 59 85 89 76 80 58 36 56 61 86 75 34 16 41 66 25 93 9 33 27 45 52 82 73 42 70 32 74 44 18 71 65 14 50 15 17 3 60 29 28 84
92 11 12 4 87 82 20 31 64 76 3 14 28 36 24 18 22 51 8 86 79 69 75 78 46 77 39 54 41 74 65 80 30 56 37 27 57 40 26 13 66 2 33 32 25 17 48 83 9 15 71 5 62 68 44 29 50 45 10 7 91 59 43 6 35 85 49 95 88 81 90 93 34 72 53 70 19 47 61 73 23 21 60 55 52 38 89 67 84 0 42 63 94 1 16 58
17 76 0 43 1 74 20 52 42 23 4 92 77 14 13 65 34 24 40 3 58 53 56 87 36 15 55 86 85 33 69 12 44 18 54 45 89 25 30 81 46 88 93 66 2 82 79 29 37 67 21 27 59 90 72 51 61 7 9 75 47 84 80 68 62 11 6 78 73 26 49 35 28 57 32 41 94 60 38 64 19 10 50 39 31 8 83 48 63 70 16 95 22 91 5 71
81 9 22 75 77 7 39 79 27 0 20 90 41 66 69 55 25 78 88 70 92 5 21 86 63 60 76 30 42 38 87 48 62 37 26 46 43 52 57 24 17 35 82 10 49 36 19 59 64 93 4 50 85 67 15 33 28 61 89 91 12 34 40 2 8 72 51 11 32 80 84 14 95 71 56 83 13 31 6 45 74 73 54 1 23 53 29 68 3 47 65 44 58 94 18 16
35 31 67 14 36 92 81 60 52 27 13 69 24 79 55 59 63 80 84 4 50 62 44 26 49 22 42 38 91 3 75 37 51 10 17 93 88 76 73 46 1 43 61 65 89 64 72 47 19 78 16 28 11 33 7 32 74 41 53 90 68 12 39 29 45 77 40 5 70 25 9 83 54 21 30 66 6 58 2 95 85 82 56 71 18 23 20 48 57 34 87 0 94 86 15 8
6 13 79 45 74 76 63 71 85 40 58 29 12 80 65 15 31 20 30 55 62 83 33 81 89 50 43 87 14 47 3 22 54 37 59 46 1 23 68 38 41 32 8 82 73 0 64 27 11 17 56 5 7 75 84 42 95 67 48 86 44 93 91 51 9 39 19 61 24 94 49 92 69 35 34 26 66 28 53 77 18 21 70 78 57 4 72 52 90 36 2 16 88 25 60 10
54 23 78 24 57 76 17 50 43 41 92 79 29 46 45 15 88 30 52 89 85 90 73 63 48 49 11 81 21 31 77 1 44 95 39 0 34 38 5 33 86 37 62 25 20 47 66 60 16 58 55 7 42 14 28 12 75 72 6 19 71 64 61 82 13 4 69 93 35 3 67 87 84 8 32 91 70 74 53 27 65 18 22 94 68 59 2 51 9 40 83 10 36 26 56 80
68 0 40 82 93 61 87 37 50 62 86 79 72 53 13 69 36 95 30 33 32 2 44 60 26 55 66 73 57 12 56 1 77 63 80 38 54 31 24 92 58 78 22 28 15 10 39 75 42 83 48 7 34 35 47 46 81 27 64 74 29 45 25 19 3 16 67 91 90 18 5 23 4 70 88 71 94 17 59 9 11 85 84 8 41 89 20 6 65 51 49 76 14 43 52 21
45 46 37 39 82 6 77 86 68 9 21 89 42 10 52 16 47 49 85 66 81 32 87 15 7 25 91 90 55 26 2 3 13 73 88 74 40 64 54 61 67 11 35 17 72 58 95 50 93 36 53 60 4 5 51 23 33 63 24 80 83 12 79 94 1 65 59 43 70 41 27 30 19 38 69 8 31 20 84 14 22 75 34 0 18 92 48 71 28 76 44 57 62 78 56 29
34 16 37 87 10 72 15 9 38 80 22 27 73 32 49 30 64 6 40 65 78 35 50 81 89 8 91 5 61 76 48 75 88 95 44 51 46 94 21 71 79 0 77 92 2 20 60 12 62 66 45 57 56 86 54 83 42 90 55 23 63 74 24 84 18 52 31 14 1 17 33 41 69 47 11 85 67 29 43 4 28 58 26 7 3 70 13 19 25 36 93 39 53 59 68 82
60 89 71 44 34 62 48 8 65 77 59 81 61 18 56 20 21 1 5 79 47 2 0 17 36 57 52 80 19 32 37 23 45 58 76 29 15 42 67 22 63 74 39 40 95 6 70 84 78 16 10 25 3 12 87 30 41 93 72 11 31 50 92 28 66 75 49 14 86 64 27 35 82 38 94 51 24 9 43 33 54 91 85 90 88 46 4 13 68 53 69 7 55 26 73 83
8 15 17 50 43 95 80 14 29 56 47 62 22 44 2 30 9 72 48 11 23 34 65 13 31 53 27 64 93 6 42 28 92 3 78 7 5 10 94 61 57 85 39 24 37 63 16 79 25 26 75 60 58 91 59 88 86 45 36 21 84 33 77 82 73 35 19 41 4 54 55 20 89 83 71 38 18 51 70 87 76 1 40 90 52 74 0 46 69 67 68 81 66 49 12 32
93 89 43 87 83 82 71 77 2 10 78 7 50 18 41 68 80 34 1 92 11 58 13 72 84 51 59 69 30 8 4 85 48 12 19 54 23 40 88 47 52 5 22 56 61 60 81 66 65 15 53 76 17 73 63 33 75 21 14 31 49 25 35 42 91 74 6 38 57 64 20 32 95 90 0 45 16 70 3 9 26 36 29 37 62 28 94 46 67 79 55 24 86 27 39 44
8 12 40 30 17 61 92 31 32 34 2 44 20 49 4 75 93 9 73 67 18 43 70 59 5 6 35 51 81 24 19 79 33 74 88 47 21 71 82 69 65 87 62 66 50 15 54 41 56 27 57 91 38 16 72 85 80 48 13 3 60 1 78 36 90 29 45 0 83 28 76 89 58 7 23 10 25 77 37 95 52 86 55 84 46 22 64 94 11 42 68 26 63 39 14 53
56 32 89 20 1 93 3 31 22 5 66 24 36 42 51 38 44 6 27 4 39 23 48 29 85 37 50 26 71 84 52 87 78 45 77 33 41 65 0 2 76 30 91 46 62 67 15 16 35 8 34 61 14 90 58 75 43 13 47 92 17 40 69 59 12 64 21 82 80 19 57 74 83 11 60 25 81 70 49 86 68 7 63 88 79 53 72 9 55 28 95 18 94 10 73 54
67 13 62 9 92 63 11 30 12 95 2 69 87 65 38 29 3 36 32 46 78 53 33 93 66 91 4 79 48 52 51 86 45 41 15 37 58 74 84 73 72 83 34 40 57 25 49 80 54 71 1 76 8 56 55 44 18 22 14 43 10 27 23 24 81 28 70 19 20 6 0 64 61 47 75 21 90 26 59 7 16 89 60 68 85 35 17 94 31 39 82 42 77 5 50 88
45 16 82 20 78 68 44 33 34 74 75 12 71 65 23 47 95 59 66 36 87 39 40 2 51 55 89 21 50 62 31 18 11 28 88 15 67 57 17 70 86 14 84 90 32 54 37 13 79 8 5 0 76 92 26 77 19 72 3 94 69 4 53 52 58 56 29 73 48 30 83 43 6 93 64 9 10 49 1 27 85 81 24 7 38 60 46 22 41 61 35 42 25 63 91 80
71 51 20 9 47 59 84 0 39 28 2 22 16 55 37 70 5 32 19 75 61 94 1 24 30 81 52 80 17 82 95 65 86 10 54 36 53 77 26 13 25 88 48 92 29 45 90 91 93 41 56 85 31 14 35 87 60 12 62 18 57 79 49 42 38 7 27 50 63 8 46 72 6 34 74 83 44 21 43 3 11 67 58 33 66 69 4 78 68 23 76 40 73 89 15 64
85 19 2 61 91 38 4 17 0 45 89 56 77 34 62 65 26 95 43 51 31 78 15 64 35 83 47 92 13 57 53 44 84 54 24 59 63 50 41 81 55 72 16 7 30 36 49 90 11 67 48 18 58 8 46 37 32 28 69 6 20 22 39 86 14 52 25 1 68 9 76 70 94 27 60 71 79 21 93 12 40 29 80 42 82 74 87 5 66 75 23 73 3 33 88 10
52 16 38 75 65 78 79 88 80 45 22 91 14 6 30 0 26 13 44 95 66 82 93 21 73 1 70 39 43 61 15 92 59 85 54 28 23 50 41 49 27 74 81 42 68 64 8 3 29 94 40 58 5 10 47 72 60 83 89 51 18 36 19 63 86 71 12 11 9 34 7 20 84 37 17 67 25 69 31 35 57 87 56 77 46 76 53 24 55 4 33 90 62 48 2 32
9 68 19 73 52 56 43 33 71 83 57 42 36 26 23 27 77 16 12 7 18 46 2 25 65 30 3 87 5 79 21 64 10 14 63 91 84 70 13 55 66 17 54 76 81 47 59 24 22 95 92 20 67 82 51 80 93 74 94 85 29 11 41 72 31 60 48 58 6 15 37 88 61 4 28 8 50 45 69 86 62 39 75 89 35 32 34 38 78 44 0 1 90 49 53 40
84 77 82 94 5 3 36 54 46 28 11 78 86 44 9 35 95 7 8 15 50 53 47 71 58 33 49 26 76 30 60 63 69 55 25 38 74 75 32 19 13 92 73 1 27 65 6 56 18 83 91 42 68 31 12 85 20 40 21 61 59 34 10 37 66 39 79 14 0 62 88 4 22 45 57 67 29 81 51 23 70 48 16 72 17 87 89 2 24 93 41 52 80 90 43 64
35 82 87 25 32 66 42 61 21 75 31 85 83 43 22 94 34 37 71 7 26 89 81 19 69 95 9 13 70 38 56 88 52 33 74 57 18 17 2 12 77 54 50 84 4 55 24 92 27 93 0 30 44 64 51 91 14 45 53 15 76 63 1 65 60 29 49 20 62 58 6 5 86 36 46 73 59 40 47 39 80 79 41 72 10 23 48 90 3 68 16 78 67 8 28 11
62 1 83 84 27 69 3 93 63 72 57 33 23 82 88 36 15 49 42 11 65 60 66 81 70 61 95 43 5 30 45 4 94 21 55 87 38 58 77 54 6 78 8 79 17 12 71 56 32 10 22 25 80 24 86 76 68 41 9 47 48 74 46 39 34 2 37 31 0 28 29 67 14 59 19 7 44 50 20 75 90 18 16 85 91 89 64 73 51 13 40 26 53 92 35 52
77 38 20 47 23 15 55 14 94 31 45 35 65 11 93 53 19 51 26 8 50 46 76 91 90 63 81 32 10 18 41 30 17 34 84 61 56 60 2 83 40 27 5 70 89 12 42 0 64 57 85 22 95 44 79 7 4 68 37 13 39 62 52 1 80 36 78 33 21 58 48 59 54 67 6 74 71 28 72 69 75 49 87 29 73 25 86 92 16 24 3 82 88 66 9 43
38 17 91 43 68 27 12 59 93 6 75 85 40 65 30 45 49 24 26 67 90 35 55 54 66 21 7 37 29 8 76 64 74 70 39 89 19 58 57 20 84 50 60 1 16 69 23 86 94 10 48 46 47 78 72 44 61 51 73 22 56 82 42 34 36 4 15 9 81 62 63 80 2 77 53 0 79 18 28 13 32 11 25 71 87 88 83 31 3 92 5 14 41 95 33 52
80 40 60 0 20 48 79 13 94 77 34 25 53 14 24 76 23 15 8 72 75 92 85 90 28 3 59 5 19 27 56 32 65 91 84 63 49 37 2 12 42 1 87 9 62 55 51 64 66 33 95 29 69 50 45 43 86 46 93 10 35 36 71 26 89 52 78 57 58 7 83 39 22 47 6 73 61 88 68 4 54 70 44 31 16 18 67 41 11 17 38 82 74 81 21 30
8 15 83 35 14 91 23 32 44 88 58 57 51 48 60 55 34 33 36 59 2 38 31 19 28 46 76 12 42 18 80 52 65 69 39 61 37 45 81 87 75 77 71 56 94 3 82 92 49 93 95 78 86 4 90 20 24 63 66 89 85 1 0 47 74 21 26 16 50 11 68 10 67 6 5 7 22 62 64 41 25 9 27 73 29 84 79 43 72 40 17 30 70 54 13 53
4 14 19 29 86 18 42 30 56 32 93 95 94 40 8 1 34 11 80 20 44 43 67 59 25 9 75 88 33 76 65 41 15 17 24 61 37 50 47 91 60 89 39 85 72 7 87 69 2 51 68 74 3 31 21 46 49 55 48 71 38 5 63 77 12 22 6 66 92 81 79 83 16 26 70 73 62 82 58 0 57 35 13 28 78 90 84 36 45 54 52 27 53 64 23 10
0 76 57 20 2 51 34 43 53 59 93 85 21 7 77 82 91 17 69 87 29 44 58 56 95 18 63 45 37 94 25 6 92 32 67 41 31 11 60 5 1 38 62 47 12 88 55 65 54 83 49 48 74 22 16 30 36 19 42 50 72 46 80 28 15 23 13 61 40 84 86 89 73 4 10 78 27 64 39 71 81 8 3 33 35 70 26 75 14 52 24 9 66 79 68 90
12 14 68 78 1 22 19 51 31 25 94 62 16 38 86 71 82 88 15 2 26 7 55 61 6 85 34 79 89 91 47 9 0 17 3 43 56 20 65 87 18 84 42 24 46 52 39 32 77 76 57 45 80 54 75 23 11 28 60 64 5 53 90 30 70 10 35 50 48 92 74 4 67 29 63 27 69 8 95 13 73 49 72 44 36 33 41 66 37 83 40 21 59 58 93 81
21 54 79 63 33 75 64 84 53 20 0 22 55 1 72 26 57 91 44 71 34 7 35 36 45 27 66 85 2 59 68 94 32 62 12 9 19 11 76 37 16 42 92 74 52 3 70 4 17 15 48 88 65 46 89 73 41 50 10 24 95 29 83 49 87 18 82 28 51 38 69 81 80 86 31 67 93 77 30 78 8 61 43 40 90 23 56 39 14 47 25 58 5 6 60 13
80 5 60 43 65 41 75 21 8 55 93 40 70 22 66 11 51 19 53 67 91 26 1 7 78 81 34 16 71 46 85 32 27 90 72 76 94 87 52 83 47 92 4 24 84 86 42 29 64 73 23 3 74 79 20 28 14 57 36 15 39 25 59 35 2 18 56 31 33 95 77 13 17 12 30 89 0 63 61 88 69 50 58 54 37 38 9 82 10 48 49 6 68 62 44 45
31 34 53 74 82 17 60 63 24 85 28 0 52 93 75 58 36 73 45 33 6 9 2 90 35 37 95 92 10 54 32 43 38 25 47 44 27 13 89 68 71 12 48 18 46 1 72 80 14 19 30 56 23 3 76 94 4 16 64 39 20 22 59 57 88 84 91 7 8 15 78 77 87 26 81 62 42 51 55 49 50 70 86 5 65 61 69 83 66 29 40 67 21 41 11 79
43 20 75 17 68 72 82 46 32 55 1 85 25 23 74 54 95 67 76 11 8 26 88 5 63 34 42 91 87 89 12 14 83 37 3 49 44 0 31 39 35 93 70 52 69 2 36 6 48 66 77 62 40 41 10 7 60 15 57 73 56 45 53 30 47 61 33 90 59 50 80 29 58 71 94 84 27 38 65 81 9 16 92 18 21 22 4 64 79 51 19 86 13 28 24 78
21 43 54 1 30 62 61 12 11 77 13 88 2 67 81 73 53 56 7 87 10 92 89 51 24 22 25 65 39 26 55 40 66 57 85 79 84 36 34 64 17 75 37 19 6 4 74 16 29 71 33 8 90 68 82 70 15 47 48 42 69 18 59 60 46 94 63 0 9 80 32 44 45 78 52 93 49 50 3 14 27 86 58 35 91 76 38 31 41 95 83 28 5 72 20 23
83 0 4 66 84 30 75 9 86 95 56 70 8 31 65 3 37 45 11 6 5 33 77 82 58 29 39 2 20 71 76 21 19 67 26 38 42 46 61 53 16 18 32 89 55 23 49 24 27 87 92 60 69 72 36 43 17 35 52 22 10 40 68 47 51 1 12 13 91 85 34 81 80 79 25 15 93 7 74 78 63 41 62 28 90 54 64 73 88 48 57 59 50 94 44 14
88 69 29 81 28 86 83 60 87 32 18 64 51 62 74 55 48 71 11 89 20 43 31 53 22 12 23 54 37 3 34 92 94 44 41 93 24 2 61 13 9 21 6 4 36 76 30 8 65 42 27 73 79 14 33 68 19 56 80 78 75 85 46 0 63 1 82 15 90 39 47 70 57 91 17 50 67 16 45 26 38 77 58 5 84 95 49 35 59 25 40 10 52 66 7 72
44 14 7 67 76 58 38 23 82 89 52 3 33 62 45 49 83 21 94 64 80 0 90 73 63 10 32 12 85 35 93 9 72 77 91 70 16 56 68 11 46 19 2 53 25 88 71 17 95 20 8 65 22 74 39 28 37 78 87 5 84 51 92 18 81 69 30 42 60 66 59 13 6 40 24 61 75 15 47 50 27 55 26 57 41 34 36 1 54 31 29 4 79 43 48 86
72 51 74 27 83 49 79 17 71 22 67 93 32 15 13 37 89 29 54 8 0 58 39 6 63 56 24 66 53 88 75 91 1 59 10 3 28 92 94 68 2 21 16 52 12 11 19 77 34 7 69 61 50 55 73 95 84 41 35 65 62 9 45 44 90 70 81 20 26 31 47 64 30 38 5 85 82 48 86 40 42 18 80 33 60 25 14 76 43 23 46 36 4 78 87 57
67 82 0 39 47 60 59 27 14 95 57 62 90 49 55 68 58 63 40 2 43 26 94 52 7 38 31 83 77 25 4 56 11 53 22 80 13 50 5 10 15 30 70 86 64 73 29 1 16 91 84 89 6 66 24 65 54 9 87 18 19 44 33 78 75 51 76 88 28 48 32 37 69 72 20 92 3 79 46 71 85 17 21 81 93 61 8 34 41 12 36 74 23 42 35 45
7 85 41 86 55 75 40 39 52 77 65 1 24 5 90 59 46 4 93 20 3 72 60 26 57 76 33 29 25 47 42 23 14 36 79 6 48 44 70 51 0 66 27 13 89 37 88 18 22 95 91 31 64 73 80 61 45 43 54 50 69 9 28 56 30 49 94 11 68 71 8 84 17 92 34 35 82 81 78 58 16 10 63 87 38 12 67 15 21 74 53 62 83 2 32 19
76 29 47 51 17 87 27 13 54 63 60 9 21 14 62 57 41 64 81 69 2 58 48 86 44 53 11 32 91 30 1 83 89 72 37 90 24 4 52 82 71 75 85 93 61 55 38 28 7 43 0 50 56 36 74 59 49 15 22 88 80 68 65 33 35 31 46 95 10 6 3 67 16 94 20 77 25 26 40 66 92 70 73 45 34 23 12 84 79 18 78 39 8 5 19 42
14 4 89 10 15 71 56 94 25 37 88 19 39 50 35 9 54 87 61 73 70 80 29 81 74 95 59 47 51 92 42 84 91 22 63 16 11 65 6 64 2 77 3 86 62 52 1 55 85 38 75 83 36 68 41 44 90 82 57 24 26 46 28 60 48 45 5 53 49 93 76 32 79 20 30 78 8 31 58 17 18 12 69 23 27 72 43 21 33 34 13 0 67 40 7 66
93 19 79 62 44 25 33 36 3 68 67 41 23 91 22 95 70 83 81 78 18 45 15 9 90 63 69 39 59 32 14 31 7 82 75 51 77 40 12 88 26 21 16 80 55 8 65 46 28 53 87 58 42 2 30 27 47 61 11 74 13 0 54 49 50 60 10 94 56 64 66 4 52 5 17 20 43 76 85 37 6 24 1 29 48 73 84 89 35 71 72 92 86 34 38 57
17 84 56 26 71 12 47 7 88 36 29 66 52 67 48 22 3 92 70 74 59 42 38 11 28 43 93 86 50 21 25 9 20 58 44 80 72 77 10 46 30 5 83 53 35 33 14 40 27 32 82 60 55 2 51 61 54 87 91 94 16 89 31 49 76 24 34 19 69 6 15 13 78 39 1 73 95 57 18 64 90 45 81 75 37 0 62 63 68 41 23 65 85 79 4 8
38 75 16 37 19 46 55 62 40 54 73 2 31 15 52 67 94 5 39 74 65 33 72 44 4 81 92 23 59 35 9 0 6 91 78 10 30 88 51 50 70 24 53 42 3 90 76 27 87 49 20 25 77 68 41 8 11 85 13 60 69 84 56 64 80 48 29 63 7 45 18 43 71 22 66 95 89 17 83 93 47 28 14 36 12 57 82 79 21 34 86 1 32 61 58 26
73 78 12 29 44 81 50 46 57 8 91 54 90 28 23 41 6 84 88 53 94 18 71 14 66 83 3 79 36 64 35 74 1 27 45 7 67 48 72 60 52 77 20 68 87 63 13 37 62 4 15 51 22 30 89 9 33 16 32 0 10 5 92 49 59 75 25 61 55 39 19 58 82 17 2 38 21 47 70 43 42 80 40 76 24 26 31 65 86 93 34 69 11 85 56 95
94 61 5 36 19 66 79 92 80 58 81 77 49 93 2 41 32 33 89 9 63 13 10 78 4 3 43 44 91 20 85 21 40 0 7 65 1 46 16 86 72 22 74 29 24 95 47 55 8 53 50 52 84 42 64 11 6 90 60 17 30 51 88 31 35 26 45 25 68 37 67 83 15 48 38 75 71 70 12 27 73 14 59 62 34 23 76 69 28 39 87 18 82 57 54 56
38 70 20 4 19 72 18 40 50 31 48 1 67 15 75 54 68 64 13 32 92 74 89 78 83 90 87 76 59 52 53 84 43 17 34 55 36 91 44 51 21 35 42 11 16 29 49 39 3 0 10 80 66 82 56 73 46 9 86 47 77 37 12 57 69 45 63 93 33 27 71 60 6 24 61 62 25 41 85 26 81 28 65 22 23 14 2 30 58 79 94 7 88 8 5 95
28 34 77 20 80 15 2 87 60 30 33 63 66 86 40 31 70 73 6 71 25 1 9 51 8 27 58 68 46 12 54 52 81 67 22 44 75 19 45 7 94 59 0 57 65 29 82 39 32 89 72 61 53 36 11 26 43 90 24 79 92 21 3 14 23 48 55 78 91 56 42 83 4 35 49 85 76 18 37 62 50 5 10 47 17 13 93 95 16 69 38 88 84 41 74 64
31 94 54 23 1 17 83 53 91 62 52 55 71 2 10 65 67 75 60 51 11 15 13 73 57 26 36 18 93 21 35 82 40 95 58 9 44 38 88 66 7 46 28 79 19 16 85 42 49 27 74 5 59 8 25 78 64 32 30 6 81 22 86 69 89 56 20 12 72 29 90 4 70 34 68 76 43 3 14 39 41 33 63 50 48 84 24 92 47 0 87 61 80 77 45 37
17 52 16 84 38 64 48 8 74 15 40 51 88 27 11 49 71 57 21 73 44 22 91 34 5 92 46 31 7 0 93 86 26 39 62 42 58 56 95 50 20 1 54 81 14 82 25 36 75 37 53 90 4 19 77 89 79 94 43 23 35 2 59 3 76 78 66 9 80 13 28 70 24 41 55 10 67 87 32 29 83 72 6 69 85 33 12 68 61 18 63 30 47 45 65 60
44 18 47 35 34 75 67 93 24 88 14 33 31 87 73 0 36 28 29 69 53 7 39 95 49 94 19 37 64 90 46 63 4 12 84 56 50 76 43 11 20 13 77 6 8 83 71 54 80 25 62 81 45 70 10 58 79 1 41 9 23 51 66 17 82 65 68 72 48 78 59 52 74 27 38 21 91 60 2 57 22 55 40 3 5 85 89 16 26 61 15 30 86 32 92 42
43 69 2 68 40 11 85 29 4 57 83 50 37 27 54 19 88 91 55 7 63 16 81 56 84 73 28 26 48 38 86 74 72 52 3 47 53 39 42 71 10 24 80 62 5 17 95 6 75 67 13 51 58 15 18 92 44 45 20 8 93 1 46 94 31 70 23 66 49 87 41 76 30 89 61 59 64 78 9 82 90 65 60 33 21 25 34 22 14 79 0 77 32 12 36 35
86 81 25 46 38 87 9 68 52 69 53 59 75 90 93 64 5 0 79 50 43 34 14 2 20 58 45 76 11 27 31 95 80 33 17 28 16 88 4 6 35 48 74 84 41 82 67 56 3 12 1 19 65 21 51 24 32 29 71 30 89 57 83 39 23 8 72 92 37 60 94 66 61 77 13 63 54 70 78 7 26 18 44 40 47 36 85 55 62 73 15 91 49 10 42 22
43 34 39 75 30 11 78 35 64 69 5 28 63 48 36 74 45 79 23 59 26 93 65 46 62 33 20 38 54 47 72 1 15 37 90 92 16 32 24 84 2 41 44 83 31 51 56 14 58 29 3 94 18 61 76 89 52 17 87 6 95 85 21 68 25 70 73 0 53 67 13 86 57 42 49 66 80 50 82 91 27 9 4 81 12 77 7 22 55 40 88 10 19 8 60 71
6 90 84 73 39 8 49 88 65 5 60 63 32 15 57 47 7 17 51 67 89 66 55 95 9 80 86 23 2 50 52 11 68 71 44 18 46 56 33 91 45 1 42 25 58 61 81 62 69 4 35 85 83 31 94 30 64 54 48 40 59 21 38 72 53 78 24 74 14 22 29 75 92 43 20 70 82 27 37 13 76 0 36 26 3 34 12 10 79 28 87 41 16 93 77 19
10 12 69 29 1 68 43 41 65 63 50 0 88 42 81 82 19 61 90 8 49 76 28 83 93 23 32 92 53 57 7 34 30 4 18 47 2 62 91 27 40 87 64 77 66 24 89 44 6 85 33 60 31 39 70 94 15 22 13 5 37 95 21 73 52 78 14 84 16 38 45 58 55 79 71 67 80 48 26 56 11 51 75 59 74 36 54 86 35 17 25 20 46 3 9 72
87 71 43 44 77 36 83 95 90 94 49 16 14 23 11 55 84 1 28 69 62 59 82 91 4 76 60 79 86 70 88 89 3 48 63 35 53 10 20 50 0 32 37 80 81 57 9 21 92 75 47 58 7 34 18 78 19 85 68 40 8 2 30 61 54 25 6 5 12 64 46 42 15 33 93 38 51 17 67 31 22 39 13 66 29 45 56 52 74 41 24 26 72 65 27 73
1 5 13 30 93 2 92 25 36 74 0 67 61 54 64 53 3 60 14 44 76 4 69 19 50 80 45 39 55 58 94 87 52 40 79 33 43 12 81 47 73 27 23 86 68 17 38 37 59 65 77 18 72 15 91 70 62 26 34 7 46 78 24 82 85 51 31 49 21 28 89 29 9 66 16 22 32 42 75 11 8 35 48 84 63 71 6 57 95 56 88 20 90 41 83 10
45 57 83 9 41 92 50 95 10 27 21 11 62 70 34 68 13 18 60 59 49 6 84 30 91 55 47 1 56 37 88 74 22 16 8 39 61 65 28 17 42 71 31 53 48 15 40 66 32 73 33 90 85 82 51 20 43 89 78 35 54 38 77 52 5 12 46 26 23 19 25 2 24 3 72 67 29 87 7 44 94 81 58 14 0 36 75 69 80 64 4 86 93 76 63 79
47 16 31 30 66 14 79 54 81 25 43 69 24 76 3 74 82 88 21 11 42 22 72 95 61 40 55 46 37 5 93 53 91 17 35 51 50 6 33 18 13 83 86 92 26 8 67 44 41 1 2 52 59 87 77 28 64 78 62 60 94 49 27 36 19 48 23 10 29 45 56 12 90 57 39 85 70 68 32 4 73 89 58 34 38 15 9 75 80 7 0 65 84 63 71 20
16 86 50 51 46 68 83 67 65 44 25 81 88 53 77 48 35 36 69 52 87 3 57 28 84 56 61 5 64 74 11 38 13 82 27 58 34 79 89 91 14 1 70 31 94 95 71 22 75 0 40 41 72 21 80 6 47 32 90 29 19 49 93 37 42 18 78 60 66 8 12 30 7 20 45 43 39 92 55 59 24 76 63 4 33 85 10 17 15 23 9 2 54 62 73 26
83 60 12 4 36 6 14 78 30 10 67 34 26 95 48 87 74 54 21 85 92 63 24 45 11 51 77 18 80 27 16 17 72 82 43 2 46 20 19 86 47 73 0 91 49 35 90 28 44 62 5 42 40 88 84 68 70 93 81 69 33 37 9 79 94 58 53 55 66 7 61 25 41 57 32 64 38 29 1 8 23 50 13 31 39 3 71 15 75 89 65 59 52 22 56 76
86 21 44 55 64 16 33 46 85 88 42 68 43 28 41 30 74 40 84 8 63 75 20 70 95 24 80 54 36 38 34 56 79 93 19 72 87 1 48 9 5 11 35 89 4 60 37 77 27 51 90 0 61 67 73 25 13 22 15 3 18 76 6 66 59 17 78 81 45 2 12 7 26 49 82 53 39 10 62 52 14 69 83 47 91 50 94 71 29 32 92 57 58 23 65 31
62 7 27 81 9 3 12 68 61 45 54 92 78 5 85 52 70 93 49 0 95 46 29 20 47 32 51 33 25 37 44 67 36 60 71 55 16 40 26 48 77 76 80 75 2 13 17 43 66 50 14 23 10 56 35 38 11 86 83 57 73 41 89 34 59 84 63 30 1 15 19 94 22 31 87 82 58 64 74 53 91 90 69 18 42 24 79 88 6 8 65 4 21 39 72 28
63 20 4 24 78 64 81 47 43 7 60 19 0 93 65 83 36 53 95 49 32 74 15 89 62 52 35 61 33 18 40 30 31 45 21 90 51 39 22 42 59 54 5 1 92 29 70 55 14 87 46 91 3 34 86 10 56 25 23 6 28 50 37 11 57 16 38 26 85 71 88 94 41 48 73 82 17 68 72 77 9 2 27 75 8 44 66 12 84 67 80 69 13 79 58 76
52 14 18 62 38 57 20 69 7 22 27 60 53 31 34 33 64 75 61 74 56 24 73 66 71 89 15 45 12 94 54 48 59 6 32 80 4 3 17 93 81 46 55 29 8 84 86 35 30 39 83 0 13 28 67 19 87 49 43 82 92 25 44 76 68 95 1 58 40 91 37 11 47 36 90 10 26 41 51 70 23 88 5 65 16 77 63 79 2 9 78 85 21 72 42 50
66 86 61 79 76 62 35 18 29 26 7 44 58 16 57 70 85 28 20 60 42 41 49 81 83 89 36 64 63 10 3 73 72 30 13 4 78 95 2 34 5 32 59 45 88 27 1 54 38 92 8 12 43 55 24 19 25 39 17 67 50 75 22 23 87 11 51 74 15 80 9 48 93 21 40 53 65 82 84 33 46 77 31 47 91 56 69 6 37 71 0 52 68 14 90 94
71 11 34 68 18 14 16 48 6 27 23 19 72 60 42 50 9 67 26 10 63 86 69 58 90 12 75 5 62 70 30 44 83 8 49 38 93 22 64 41 51 20 24 73 15 0 95 76 66 35 47 89 59 79 80 21 77 53 82 56 32 29 74 13 17 46 54 61 39 40 84 91 4 31 33 7 81 87 28 55 37 1 92 65 36 85 25 88 57 52 2 94 78 3 43 45
54 71 13 49 21 50 7 51 45 10 63 47 31 37 74 25 17 20 11 73 68 93 87 82 78 34 48 15 61 86 1 16 12 41 0 84 56 60 19 8 4 66 42 27 33 90 67 64 38 24 57 94 36 52 9 26 58 46 89 18 72 43 44 88 83 85 39 77 14 75 3 69 79 6 81 40 80 76 5 22 65 29 92 55 23 2 32 30 95 62 35 53 70 91 28 59
82 69 53 93 5 50 36 62 64 42 90 28 58 51 57 11 91 39 41 55 43 63 10 88 8 14 47 1 85 23 52 49 89 31 72 7 0 29 59 65 84 81 19 6 13 38 22 34 80 87 15 79 35 56 16 83 40 30 46 12 60 3 20 92 95 71 54 70 18 75 25 74 33 32 86 44 67 61 4 2 77 26 94 24 68 78 17 76 27 9 45 48 37 73 21 66
42 11 94 93 35 69 25 9 47 24 56 43 39 68 80 48 27 81 20 78 26 89 5 15 3 31 21 8 88 44 66 46 6 34 84 53 57 45 76 91 10 19 70 82 85 87 38 49 37 75 33 32 23 40 36 72 1 51 17 50 83 54 13 71 22 12 2 95 55 14 58 52 77 61 18 79 74 28 65 7 16 63 92 59 90 73 0 4 41 62 60 29 30 67 86 64
14 31 29 18 53 61 33 95 13 6 67 36 74 75 45 0 8 82 65 89 84 58 5 87 40 38 20 3 81 48 93 71 70 1 52 17 91 4 68 94 69 73 26 28 19 64 22 46 54 11 50 63 88 2 57 86 79 49 92 66 51 30 55 78 32 42 16 44 24 76 21 83 80 15 25 47 10 56 60 35 77 85 23 7 59 72 9 41 62 12 27 39 90 34 43 37
69 26 24 85 88 89 80 29 68 55 71 94 57 15 30 0 31 4 59 7 28 62 64 8 83 92 63 16 41 60 38 84 43 95 86 79 44 10 50 6 54 53 66 17 93 18 27 21 32 52 33 45 67 76 22 48 37 87 25 90 23 47 65 40 39 77 51 14 35 12 34 5 75 13 91 81 46 78 74 70 19 56 72 58 11 49 61 20 42 82 2 73 9 1 3 36
26 8 32 43 6 80 11 20 71 14 35 70 94 39 37 75 47 56 51 82 48 84 63 40 25 12 60 85 13 73 64 4 45 77 38 79 1 28 30 66 74 78 34 22 93 57 86 23 27 2 46 44 55 9 5 58 91 17 10 52 36 92 54 24 95 59 89 31 62 42 29 90 16 33 3 68 88 0 7 83 15 19 18 69 53 87 67 72 21 50 76 41 65 49 81 61
63 36 0 21 5 60 92 14 30 38 67 79 81 26 39 47 53 31 51 25 56 33 7 6 78 23 74 68 17 58 8 32 19 28 20 80 55 15 27 70 65 54 44 41 76 49 10 45 94 4 34 52 37 13 48 86 50 75 22 84 72 82 24 88 89 66 77 42 43 69 35 1 11 93 62 46 87 61 2 57 12 71 85 3 95 9 83 18 64 40 16 59 90 29 91 73
74 15 33 94 82 64 1 34 89 14 29 9 23 3 70 13 22 68 75 49 24 16 44 92 17 37 83 4 46 60 11 7 91 90 0 93 58 69 65 76 27 12 86 2 40 48 47 53 10 85 36 45 71 81 87 21 63 88 28 77 30 59 67 20 8 42 35 39 80 50 78 61 25 66 72 38 26 55 73 5 56 31 6 19 18 84 79 54 41 95 62 57 32 52 43 51
60 14 95 41 32 55 67 42 0 89 65 27 84 85 70 5 58 4 21 15 71 20 39 35 79 23 22 37 44 88 51 19 16 33 13 43 57 40 76 69 34 92 53 7 81 64 50 38 83 17 6 49 74 2 10 72 48 47 86 8 78 56 82 59 73 31 52 68 9 62 45 18 25 36 29 46 66 61 94 93 24 30 63 3 87 80 90 11 75 54 26 1 28 12 77 91
35 55 38 58 3 28 67 39 43 75 79 8 45 15 84 63 2 14 60 4 19 85 32 0 73 59 26 47 44 37 72 54 41 76 46 40 94 77 93 24 20 27 23 52 31 92 6 34 33 7 53 86 57 30 81 61 88 50 95 21 10 36 82 70 22 78 91 42 62 74 89 13 83 16 11 66 51 1 25 90 29 48 5 87 68 69 71 17 49 56 12 80 18 64 65 9
88 57 1 19 13 78 15 51 22 37 25 41 93 30 4 31 82 81 10 90 21 2 45 86 36 28 85 67 47 0 23 91 77 95 69 73 75 87 56 35 32 38 92 12 84 40 9 43 70 29 8 54 11 44 74 20 3 62 46 72 71 6 89 60 58 42 50 66 59 64 49 39 26 27 24 63 55 18 34 61 33 80 53 68 5 79 65 48 83 14 76 7 17 94 16 52
83 62 49 24 81 66 95 20 54 29 8 21 75 91 46 13 63 69 6 50 73 0 11 38 80 67 84 22 34 15 10 30 16 74 4 31 55 57 7 79 19 32 56 93 12 18 47 28 77 45 25 33 40 1 76 71 60 70 68 64 3 23 59 5 42 35 39 90 72 41 43 37 61 89 94 27 78 26 36 44 51 2 65 17 14 48 86 52 92 87 82 53 9 58 88 85
46 81 37 38 18 87 62 50 67 33 85 20 84 70 90 93 8 76 31 47 21 19 59 22 77 53 79 80 16 65 78 41 12 44 89 29 86 64 75 49 27 5 23 35 82 0 14 71 10 32 91 34 94 3 55 13 72 45 66 36 61 9 6 74 69 2 26 56 7 60 57 4 40 92 39 17 88 15 42 52 58 83 51 28 95 54 11 24 30 1 68 25 48 73 63 43
92 16 69 43 21 65 89 78 82 79 93 59 90 50 76 19 24 94 41 40 7 72 12 8 56 58 80 86 54 23 66 44 91 4 29 42 84 28 68 55 11 47 46 30 67 38 63 1 81 61 60 5 45 51 33 26 77 22 27 53 88 14 49 32 34 95 83 73 3 15 17 25 36 87 6 2 35 31 48 71 62 70 39 52 18 20 75 10 85 13 9 64 0 57 74 37
10 13 42 79 43 41 49 86 45 81 78 59 62 19 37 28 0 85 77 76 21 68 70 14 20 15 7 44 72 91 73 36 39 1 69 52 57 35 47 3 94 8 58 29 40 26 9 32 6 63 64 48 22 74 67 75 50 53 54 90 60 80 89 5 87 56 65 93 4 25 31 38 71 2 61 88 95 66 17 55 27 11 92 30 83 84 33 23 51 16 24 46 34 12 82 18
