12 30 9 54 57 88 0 15 93 55 20 13 51 68 23 60 38 2 28 44 94 69 22 18 78 1 41 32 17 66 5 81 39 71 48 31 11 86 62 46 47 83 42 80 70 58 35 82 33 21 52 45 27 87 34 61 63 37 77 65 14 59 7 85 84 91 53 72 76 50 4 10 74 16 6 79 89 29 26 24 43 3 40 19 95 8 36 90 92 49 75 56 25 73 64 67
52 71 57 74 17 86 15 21 70 1 42 32 12 89 60 59 72 67 53 90 27 18 34 95 87 25 84 48 73 69 79 30 4 83 8 9 11 31 54 56 80 28 13 46 94 36 62 20 85 33 93 19 81 49 40 63 0 76 91 7 2 61 55 43 5 78 50 3 22 68 29 51 82 45 10 37 24 77 58 23 41 16 88 35 65 92 44 38 64 66 14 6 47 39 26 75
58 19 7 78 32 34 15 85 2 45 76 14 75 17 93 79 46 70 38 82 87 28 77 90 12 29 13 51 84 39 25 50 8 37 42 3 35 41 91 33 40 86 26 68 71 95 27 53 61 22 4 67 30 89 59 66 92 43 73 65 47 74 10 64 23 55 11 56 63 57 0 1 24 5 54 72 16 83 18 9 44 36 80 94 62 6 88 31 49 21 60 20 48 69 81 52
58 17 28 9 32 6 25 70 40 85 52 37 15 43 14 18 24 93 20 76 30 44 13 87 42 84 94 63 22 54 62 2 79 53 74 69 31 89 5 68 47 7 57 38 86 95 56 66 10 3 36 55 33 39 23 19 67 71 12 78 81 34 51 91 80 82 21 75 35 48 29 1 61 26 0 88 16 83 8 72 50 45 73 65 11 27 41 46 92 90 59 77 64 49 4 60
59 39 74 70 47 72 6 90 36 21 10 5 0 17 8 52 31 91 14 62 85 43 95 64 65 40 34 50 22 51 57 41 26 24 35 79 86 83 25 49 42 9 78 1 77 60 13 54 53 87 89 73 88 38 61 29 69 37 32 45 67 48 75 81 33 63 46 16 56 58 4 3 7 2 71 12 28 66 92 18 23 11 76 55 93 27 30 20 82 94 84 19 15 80 44 68
61 49 57 15 81 30 43 68 65 1 25 39 50 76 77 28 42 21 52 0 79 45 73 91 31 72 71 26 53 29 90 85 70 66 55 11 5 9 58 2 12 63 78 27 94 36 51 17 86 56 60 67 3 7 47 95 74 92 22 82 20 80 62 32 89 37 54 14 34 46 75 24 10 41 19 35 33 69 23 48 18 84 88 40 64 6 16 38 87 59 13 8 93 44 4 83
14 26 6 65 76 61 37 59 35 83 78 87 69 5 70 25 62 52 73 15 80 95 51 85 90 94 36 33 3 32 72 81 91 88 28 18 21 57 8 2 68 12 44 56 43 46 16 27 63 60 7 31 11 86 30 75 53 55 1 34 48 74 92 19 13 82 84 45 22 49 23 54 39 17 47 29 64 9 71 41 42 66 40 4 20 79 24 77 10 89 58 93 0 67 38 50
30 55 63 85 75 19 33 16 52 22 8 77 45 43 64 94 42 2 69 62 53 14 44 0 79 39 83 25 35 46 18 73 21 48 74 84 13 31 92 51 54 95 56 89 28 67 71 1 57 40 4 72 61 58 65 50 32 80 37 59 38 15 91 11 34 76 24 60 88 29 70 10 27 7 47 5 23 6 78 93 87 82 66 20 26 68 86 36 17 9 41 12 90 49 81 3
58 47 93 89 56 8 43 1 85 9 29 50 70 12 36 13 84 14 86 48 42 22 62 74 57 21 55 71 25 28 6 54 75 4 45 59 73 83 49 24 90 15 64 60 26 52 66 34 65 67 88 81 63 17 78 69 95 5 53 91 94 35 44 33 46 37 20 79 80 87 32 92 23 18 41 40 7 0 68 31 51 77 82 72 10 38 76 16 11 3 61 30 39 19 27 2
14 9 38 28 71 52 84 27 74 12 35 76 32 47 25 94 55 43 57 81 23 93 26 61 69 19 65 41 64 63 73 17 3 50 21 87 11 91 5 83 86 7 67 60 20 22 10 18 8 34 56 30 37 78 66 51 49 54 15 58 29 0 59 31 88 68 79 62 2 46 42 13 16 89 75 24 33 6 77 80 82 95 48 92 4 39 85 40 53 36 70 1 44 45 90 72
0 8 46 90 40 91 20 75 64 2 82 13 70 60 95 57 19 79 93 54 94 36 42 11 49 12 9 43 74 50 44 23 24 72 47 38 15 78 66 28 85 69 73 62 39 68 3 10 21 27 6 35 53 76 83 34 77 4 63 1 7 45 56 48 81 29 61 84 17 65 32 71 67 89 18 25 37 26 30 22 51 92 33 52 16 88 87 58 31 80 55 14 86 41 59 5
86 29 54 42 1 9 14 85 88 60 53 58 2 16 76 44 69 21 0 5 46 26 80 50 83 38 57 82 68 87 40 12 84 79 67 47 66 55 43 31 78 71 51 52 15 56 20 33 95 3 28 8 65 92 41 72 10 36 25 34 39 32 62 90 49 27 75 24 35 11 45 59 63 48 22 37 61 94 30 89 13 91 74 6 77 70 4 23 93 73 81 17 64 7 19 18
58 80 39 81 68 7 15 71 17 70 27 3 82 76 63 6 61 14 59 34 35 12 78 1 25 28 24 69 26 62 79 65 64 9 51 20 84 83 47 32 87 40 30 49 53 92 16 85 2 37 93 89 46 23 54 95 13 57 42 43 55 77 50 67 48 72 5 66 18 31 36 91 60 94 8 21 74 0 86 22 38 10 88 4 19 90 44 52 75 33 11 56 45 29 41 73
76 17 19 31 22 27 24 44 58 16 85 41 42 0 93 2 45 52 14 82 62 64 35 77 70 74 63 15 1 29 71 39 91 23 18 33 80 67 65 95 55 46 89 5 66 81 69 10 36 38 32 57 75 50 87 68 12 6 25 7 61 11 90 13 49 21 86 60 56 30 20 92 43 72 34 59 28 88 3 40 9 37 79 4 78 48 53 94 8 54 84 47 73 83 26 51
53 72 6 23 80 30 0 46 47 90 76 61 83 22 57 71 81 34 79 74 49 10 27 77 50 32 51 16 55 7 33 18 62 4 92 59 20 69 58 86 82 31 21 93 2 63 66 39 19 91 78 13 64 87 43 94 48 24 35 56 41 89 37 88 26 28 70 40 65 17 3 95 84 8 73 54 60 75 9 1 42 52 36 15 68 29 44 11 45 12 67 38 85 25 5 14
32 19 40 38 34 30 24 67 1 14 89 5 27 33 73 50 20 87 35 28 12 92 17 83 21 0 4 94 26 53 69 54 75 51 85 72 64 13 2 16 88 95 9 70 49 91 18 57 86 42 93 65 31 39 44 55 11 82 80 23 58 56 60 45 61 81 41 29 47 52 43 37 63 10 78 79 6 74 90 84 22 76 25 68 48 3 59 7 66 8 36 71 46 77 62 15
94 92 88 23 8 17 93 19 95 6 78 14 7 27 15 3 85 21 4 63 53 43 69 22 75 62 91 57 51 89 56 30 24 86 35 18 5 72 0 74 49 65 38 1 16 52 45 2 59 9 10 67 58 12 70 42 82 50 54 83 90 28 80 11 36 33 71 41 20 26 32 61 25 31 87 37 55 47 76 73 60 66 46 39 29 68 81 64 34 48 84 79 40 44 77 13
88 7 58 91 22 32 62 17 29 3 2 27 86 16 34 48 33 45 87 74 78 83 43 94 44 47 68 66 50 82 46 31 85 4 39 55 24 81 84 59 6 8 19 5 71 42 89 18 77 64 37 53 63 75 76 41 65 13 92 21 70 0 90 67 93 28 54 35 49 72 52 73 36 80 57 9 25 69 95 10 20 30 40 38 26 61 14 15 51 79 56 12 60 23 1 11
44 21 5 75 7 64 57 66 3 61 67 45 94 51 2 92 53 20 91 0 40 74 36 28 18 78 22 11 58 16 72 88 26 71 39 33 47 12 63 90 68 23 46 43 93 14 56 60 70 42 1 84 29 10 48 76 89 87 83 17 8 62 69 59 65 80 81 31 82 50 32 4 15 13 25 19 41 73 52 27 55 95 37 38 85 35 79 34 77 30 54 49 86 24 6 9
50 6 19 30 61 80 91 77 0 38 33 75 1 62 39 21 68 86 35 3 51 92 81 90 13 29 59 20 56 36 74 49 72 52 17 95 7 26 73 24 71 10 78 48 16 84 44 32 37 57 23 22 43 8 12 28 94 5 55 70 25 15 69 89 58 34 45 88 82 63 65 14 87 11 4 85 54 83 27 53 2 9 47 41 67 66 42 93 64 60 40 31 46 18 79 76
51 26 11 65 14 78 34 12 44 50 70 37 59 53 24 72 42 75 62 74 69 8 92 20 32 38 35 6 63 85 66 95 76 25 77 39 64 83 23 17 19 2 91 81 43 46 18 58 54 80 47 88 68 9 31 61 33 94 29 87 67 79 4 28 30 15 73 71 27 52 36 60 84 0 41 90 16 49 56 10 13 45 89 57 7 86 55 48 5 21 1 82 40 22 3 93
79 14 30 44 42 12 0 49 40 47 43 74 58 85 91 81 64 66 52 90 63 22 48 13 50 89 60 65 33 21 82 2 87 70 46 71 4 16 93 9 5 15 31 67 78 6 17 94 45 3 27 83 41 23 80 56 8 24 34 84 55 36 73 7 75 28 1 86 18 57 92 11 61 62 39 77 19 72 25 38 29 10 32 37 20 95 76 69 26 53 35 54 59 68 88 51
30 93 18 20 75 9 49 0 69 92 16 86 36 27 22 2 11 81 35 4 37 84 90 87 52 43 25 66 77 3 88 12 42 33 6 44 13 89 95 54 65 67 40 8 31 62 38 76 82 48 1 17 80 61 57 28 41 55 79 45 85 71 15 60 32 29 14 78 47 23 83 68 63 53 34 5 72 19 7 94 10 39 56 58 70 21 51 24 74 26 50 91 73 64 46 59
80 50 60 26 73 77 28 37 52 53 82 47 29 36 12 92 81 43 17 19 64 13 3 20 59 10 1 61 49 95 42 27 71 11 76 89 45 25 38 74 51 16 72 15 65 6 66 84 69 5 21 90 18 85 7 62 94 39 44 67 55 2 75 0 32 41 63 48 8 56 70 30 86 9 93 33 57 22 34 88 31 54 68 35 58 23 79 40 24 4 91 14 46 87 83 78
55 5 27 83 23 13 89 9 59 84 78 94 77 74 85 2 28 18 22 72 76 50 68 12 79 71 32 38 6 46 20 47 33 87 35 64 58 54 81 34 95 56 65 4 31 42 15 60 75 51 1 73 19 49 37 8 3 16 25 62 52 93 53 41 36 67 45 66 7 90 29 43 80 21 70 63 48 26 11 61 92 57 91 14 88 0 40 17 86 82 39 69 44 24 10 30
89 66 92 43 42 61 20 73 65 50 25 5 10 31 21 26 81 90 14 12 38 78 93 70 37 86 79 8 32 40 33 52 16 85 27 44 1 7 56 54 15 22 35 48 11 95 57 13 28 17 74 2 47 3 77 39 4 45 82 63 88 76 19 51 55 62 24 34 41 83 23 29 71 68 46 69 49 6 64 87 80 94 0 84 30 53 18 59 36 75 9 72 67 58 60 91
38 14 72 63 13 87 3 83 11 70 50 25 18 89 84 22 20 76 42 4 56 9 75 39 91 21 40 45 29 65 64 46 77 54 58 53 33 90 5 66 94 15 92 52 6 32 80 60 30 43 86 88 16 35 74 37 24 12 36 81 93 78 51 8 19 44 55 17 61 79 26 41 68 95 7 85 31 62 67 0 73 10 69 71 27 2 59 57 1 49 82 28 48 47 34 23
50 81 21 95 34 1 57 51 36 56 54 24 48 10 62 58 7 94 40 87 90 23 27 59 83 79 38 26 43 32 42 72 5 66 17 84 13 16 6 35 73 30 65 53 92 91 18 86 22 75 76 4 9 52 25 37 47 14 45 63 49 33 88 19 8 93 44 82 77 78 15 0 46 70 11 31 12 28 29 2 55 80 69 3 20 74 60 71 41 67 64 68 89 85 39 61
94 86 81 0 26 91 64 88 71 5 3 74 60 35 21 47 58 56 28 37 57 77 67 19 4 80 31 55 16 8 1 2 40 25 13 20 33 42 49 27 66 61 87 18 34 72 12 52 32 6 50 11 17 23 78 46 48 84 45 70 75 95 69 62 85 59 51 83 24 39 93 54 10 63 14 36 44 90 15 9 7 30 29 43 53 68 22 41 73 89 38 79 76 92 82 65
75 72 37 47 14 61 16 15 68 95 40 38 5 21 84 34 59 82 92 11 87 3 93 65 55 76 45 1 88 83 51 33 81 60 26 39 50 19 46 2 62 20 27 10 52 94 44 64 73 24 78 0 74 35 71 23 86 31 17 12 89 80 54 41 85 18 28 32 42 63 56 69 67 49 36 70 29 7 66 43 25 6 4 90 9 58 91 79 77 8 22 30 48 57 13 53
69 3 5 23 42 11 79 37 56 54 86 67 26 55 77 80 31 81 92 30 47 6 32 53 95 65 70 39 14 57 20 1 72 68 75 16 59 48 83 71 84 94 46 76 29 61 21 63 91 89 93 28 90 87 40 64 22 2 18 0 19 52 36 45 27 60 38 58 13 12 17 8 35 49 15 88 43 62 41 50 66 25 51 73 33 74 34 24 9 44 7 10 4 85 78 82
35 58 51 29 48 39 71 78 14 13 44 47 86 40 56 9 53 30 10 31 49 64 63 66 79 27 8 95 32 67 77 61 41 94 54 90 15 60 62 91 92 5 84 1 75 87 21 6 89 76 26 52 85 68 28 82 57 43 24 2 20 3 22 70 7 4 55 16 33 46 74 37 93 45 38 42 73 80 65 34 83 88 81 50 17 72 18 25 23 0 11 36 12 19 59 69
73 4 76 49 68 17 6 25 48 63 65 86 54 56 72 47 36 74 28 83 18 85 92 46 88 44 70 67 69 2 90 10 8 52 34 89 50 26 20 95 0 32 60 1 71 27 40 30 35 53 7 82 42 91 64 66 29 75 62 14 41 11 9 13 38 55 93 24 16 21 5 19 79 94 80 22 59 78 58 81 87 15 37 39 57 23 3 31 84 33 45 43 12 61 51 77
60 15 50 70 81 65 25 68 26 44 36 57 18 5 19 42 37 88 52 95 79 86 93 35 39 7 63 66 92 87 14 10 43 8 38 6 77 2 3 90 16 9 58 71 24 21 54 94 74 78 69 33 51 23 64 56 32 48 61 83 34 55 40 67 29 4 31 28 27 47 17 89 30 91 62 20 76 73 75 0 49 85 80 1 13 46 45 22 84 41 12 82 72 53 59 11
93 30 34 6 20 11 5 27 7 9 14 66 70 16 19 4 28 71 42 17 74 68 57 18 35 33 45 23 67 55 89 94 69 50 36 0 13 32 51 38 25 77 75 63 58 91 84 64 22 24 53 1 52 86 31 85 83 54 73 26 82 21 37 46 8 76 95 10 81 29 80 48 62 88 3 65 39 47 61 2 90 79 59 92 15 78 43 41 44 56 87 12 49 40 60 72
31 11 22 82 26 81 8 32 76 27 85 18 4 51 61 36 77 95 58 6 88 9 66 23 90 67 30 78 12 37 49 68 34 5 38 52 14 74 39 72 33 87 20 65 16 84 80 94 69 59 60 79 45 24 40 56 13 92 25 53 63 21 35 15 83 55 57 29 86 42 41 3 91 44 19 46 28 0 47 43 10 70 73 64 2 75 89 93 17 50 54 1 62 7 48 71
21 27 53 76 87 48 69 47 75 91 24 63 17 40 83 13 18 81 60 37 16 28 3 78 74 95 52 6 11 8 84 70 32 4 15 34 14 1 79 80 29 5 38 86 59 43 66 7 35 73 36 71 44 46 88 68 41 26 62 51 30 56 42 92 19 31 20 61 93 0 72 49 82 12 23 33 9 58 54 89 25 39 65 50 85 90 94 55 2 77 57 10 64 45 22 67
79 13 3 92 87 76 74 88 23 58 31 14 71 29 83 0 52 55 59 40 45 77 41 94 12 67 57 68 5 9 50 28 80 62 6 53 1 85 73 18 10 34 26 66 95 15 43 16 19 46 39 93 44 32 90 27 8 47 17 64 63 49 81 84 2 86 65 11 42 60 38 21 36 37 33 91 56 75 25 70 7 54 69 51 48 61 35 24 78 4 20 30 89 22 72 82
8 67 11 18 65 79 25 35 26 78 90 69 95 87 1 9 10 0 71 24 74 52 51 2 68 50 6 72 13 77 88 12 33 81 89 3 70 22 76 94 46 17 45 75 42 27 5 21 49 29 92 91 7 28 53 55 39 86 61 38 57 64 85 40 43 63 59 19 23 16 20 32 62 73 36 47 66 15 48 84 80 14 56 41 54 37 44 4 31 82 60 93 58 30 34 83
69 82 76 89 29 12 50 94 57 72 7 1 58 66 18 87 95 45 90 35 40 26 54 79 10 13 81 9 64 78 83 91 42 21 38 31 4 22 77 24 27 93 19 92 47 68 65 52 73 84 14 74 39 11 3 46 60 33 61 88 16 15 17 70 75 80 59 63 51 32 71 2 34 56 44 20 86 48 30 6 55 37 53 62 85 49 41 28 43 5 8 67 23 25 36 0
7 61 43 54 41 27 60 19 31 68 38 93 28 40 69 2 44 75 85 78 66 16 58 1 24 71 39 29 67 42 10 30 20 0 80 57 9 14 8 33 4 36 74 87 73 13 90 95 64 3 59 76 72 86 45 94 55 88 46 63 84 11 79 48 37 92 83 47 81 91 56 22 32 5 15 17 23 49 12 52 50 53 89 77 21 65 70 6 18 35 25 62 51 26 34 82
10 19 33 90 72 95 3 2 29 56 5 91 83 78 31 6 85 51 47 81 70 43 61 13 74 44 69 48 89 7 1 54 77 22 65 0 32 67 21 66 40 28 42 75 41 73 18 53 87 52 14 35 36 62 24 84 68 34 16 30 37 49 50 8 27 59 46 94 9 86 11 80 15 55 93 57 17 88 39 64 71 25 23 45 63 79 12 20 38 58 76 4 26 92 82 60
92 55 79 8 41 45 29 62 59 49 85 87 25 9 3 22 7 91 12 84 77 1 4 43 74 69 73 65 31 66 52 54 20 15 38 76 50 47 82 72 23 83 0 28 36 78 6 53 90 17 14 10 21 13 94 51 67 24 34 81 70 2 56 63 18 57 26 27 11 35 58 37 48 39 68 46 64 75 5 93 30 60 42 89 32 16 88 95 61 33 19 44 40 80 86 71
76 11 3 56 91 70 15 80 73 84 8 30 51 18 61 68 74 55 64 92 39 25 26 50 44 62 13 47 29 59 95 40 72 9 67 93 66 86 41 31 82 1 36 71 54 58 16 17 0 81 37 94 38 19 23 79 5 52 75 6 10 32 46 2 4 83 88 22 14 78 60 45 69 90 35 85 7 77 57 87 65 89 49 20 43 53 42 33 48 21 24 63 27 28 34 12
89 17 29 12 10 39 33 94 52 75 86 51 7 13 24 84 73 47 35 38 11 21 54 79 76 57 59 31 5 37 49 77 74 48 34 70 58 4 69 46 50 2 23 15 78 60 67 53 65 42 41 44 95 27 62 6 32 92 72 36 1 88 26 18 30 81 64 40 68 56 45 0 20 63 90 83 66 71 87 25 3 91 61 55 22 16 19 28 85 93 8 9 43 14 82 80
16 51 68 14 61 69 84 52 86 4 20 89 56 44 85 93 35 53 21 23 91 87 47 79 25 76 42 62 60 95 49 22 67 3 46 70 34 72 55 19 27 75 54 12 77 24 66 74 0 88 13 82 30 15 92 71 17 73 38 10 2 32 29 11 8 26 64 65 57 83 6 5 78 7 37 81 63 43 58 94 50 90 48 31 45 41 59 9 40 28 80 33 1 39 36 18
50 32 28 9 46 58 31 13 29 44 24 69 21 88 47 35 85 6 40 57 71 23 27 76 84 7 87 42 93 8 63 41 72 17 18 66 83 70 78 39 79 80 0 45 1 3 12 38 77 36 51 73 75 94 37 19 53 48 86 92 16 67 11 34 22 43 89 64 55 20 30 5 82 2 91 68 15 95 25 60 52 90 61 4 54 49 74 33 10 59 62 26 65 56 81 14
39 68 2 90 28 94 87 15 52 61 12 60 89 62 11 27 14 6 31 38 75 63 5 81 72 9 78 69 53 70 8 22 86 84 67 64 20 83 43 10 41 33 36 23 1 30 95 47 18 24 7 82 73 50 19 3 45 77 44 34 42 16 56 57 88 26 93 80 92 85 46 91 35 74 71 0 65 51 48 32 55 17 13 54 25 76 79 37 21 29 66 58 4 40 49 59
79 37 5 55 62 49 18 60 41 70 42 68 52 12 74 75 31 23 91 48 26 85 34 16 40 29 67 44 95 15 8 3 28 92 38 19 36 2 72 46 1 65 11 45 14 59 71 78 77 7 13 69 33 6 32 56 21 81 47 90 22 9 84 76 86 50 30 61 25 80 88 73 0 93 54 24 94 51 63 43 53 39 17 4 20 64 89 10 57 66 58 83 82 35 87 27
42 88 33 82 56 10 5 46 94 12 95 17 40 28 29 49 93 26 62 32 15 41 86 87 67 30 8 24 34 45 81 37 6 11 61 9 69 23 77 60 78 2 53 35 74 72 75 54 31 68 3 0 59 7 85 4 80 66 76 50 48 90 18 65 44 91 39 57 38 13 71 43 79 63 25 73 16 55 36 14 19 1 47 21 70 89 92 64 51 20 27 52 22 58 84 83
9 52 36 29 10 7 65 0 33 68 38 56 93 90 57 11 88 49 17 34 74 53 51 24 19 30 58 54 59 89 71 15 66 91 32 45 37 14 26 20 78 84 27 55 35 67 82 28 76 39 23 92 41 4 72 75 95 63 77 22 13 12 50 46 70 5 73 69 6 31 43 83 25 2 62 21 87 48 80 86 85 3 44 16 40 8 94 18 64 79 61 60 81 47 1 42
90 79 7 77 53 89 26 25 42 55 82 4 70 41 48 27 65 17 58 76 33 95 74 2 50 39 80 78 14 63 21 54 3 9 67 85 68 56 44 37 52 31 16 91 6 8 29 12 64 57 13 43 69 30 19 81 10 46 88 0 72 86 32 15 20 40 61 49 66 83 73 28 59 51 94 92 38 18 24 60 22 62 87 36 47 1 84 11 93 71 45 75 5 34 23 35
48 47 40 92 43 15 3 44 5 46 10 68 6 0 90 93 50 13 12 95 16 78 42 30 59 26 11 61 85 23 41 77 8 82 37 86 83 51 20 58 76 79 75 69 25 57 2 27 67 94 55 4 56 28 18 7 87 33 89 74 60 29 9 81 24 49 36 54 73 91 64 1 53 66 34 52 62 19 32 38 14 21 17 72 39 65 35 22 70 71 88 63 80 84 45 31
58 11 29 59 8 47 94 23 40 52 37 2 31 82 86 84 15 67 70 95 88 13 81 41 56 45 32 17 51 14 75 66 83 53 69 6 12 0 68 85 87 10 72 79 20 21 38 30 22 80 90 60 28 44 65 34 48 64 7 57 49 42 77 50 39 35 4 93 92 76 61 33 36 43 46 19 73 25 27 63 1 71 3 55 9 78 26 54 74 91 89 5 18 24 16 62
59 25 63 53 51 67 93 1 80 79 33 73 92 0 61 90 38 11 66 23 60 62 54 64 71 27 4 30 81 44 76 74 28 31 83 58 10 20 85 9 52 77 2 26 6 48 16 43 37 32 86 78 50 22 3 94 19 34 13 68 29 95 69 89 57 65 39 40 14 82 45 72 15 21 35 42 12 7 87 88 18 36 49 56 75 47 17 46 70 24 84 91 41 8 5 55
71 33 72 28 79 67 37 90 66 6 51 84 18 73 42 17 41 58 59 61 19 26 88 44 57 38 95 9 64 70 31 53 63 2 91 43 94 55 92 86 23 24 52 89 54 27 0 87 1 80 20 34 15 39 69 21 36 76 56 49 3 45 74 77 5 82 65 30 14 25 83 40 12 35 10 62 48 47 46 8 22 50 75 85 7 29 60 93 11 13 68 78 81 4 32 16
48 68 57 32 39 82 72 22 28 36 56 4 29 13 58 62 92 33 51 77 90 85 60 35 44 26 27 50 53 18 84 24 59 8 34 37 17 63 71 94 41 70 14 54 5 73 6 40 89 38 67 12 46 43 23 0 81 74 21 52 55 19 93 49 79 64 47 31 1 7 65 10 45 87 88 91 25 78 9 75 95 3 66 16 76 69 20 86 83 11 2 30 42 61 15 80
33 30 23 80 42 35 22 32 50 90 69 40 38 70 79 41 28 82 66 54 44 12 57 59 88 14 71 58 81 60 37 64 55 16 31 93 75 20 3 52 25 0 56 91 29 84 6 5 72 45 26 62 39 17 83 1 73 51 46 63 34 11 36 24 77 43 78 19 89 76 48 18 87 21 10 27 47 13 95 9 53 74 2 68 15 85 49 61 92 8 7 86 94 67 4 65
79 63 8 89 11 58 78 75 37 26 61 12 77 73 17 31 9 70 64 62 76 23 51 40 18 94 27 57 93 81 20 6 3 14 47 48 68 39 32 66 69 24 30 54 42 85 22 41 90 36 52 95 82 44 19 84 25 71 38 72 59 5 43 15 83 56 80 49 55 50 65 35 7 88 60 53 33 67 34 46 91 28 21 0 92 87 86 16 10 13 2 4 45 74 1 29
11 17 81 23 80 39 60 5 2 84 34 64 61 79 89 44 70 22 13 27 12 0 21 4 29 75 93 56 83 20 62 40 46 18 94 14 1 90 3 86 32 28 58 6 88 26 65 9 19 41 59 42 51 25 30 49 35 55 67 72 47 37 33 63 78 87 53 52 16 74 43 31 71 95 24 82 50 8 54 38 66 73 85 7 76 45 91 15 69 48 36 68 57 77 10 92
3 58 83 14 44 1 53 78 76 49 30 68 94 90 67 13 69 15 32 33 25 2 24 45 39 55 38 18 88 47 59 60 35 71 95 17 16 72 56 0 6 46 70 43 52 28 40 22 42 89 10 21 8 66 36 73 62 12 63 27 93 48 54 77 7 74 85 34 79 5 11 23 37 9 91 84 86 64 82 65 4 57 92 29 51 50 19 26 81 31 41 75 80 87 20 61
14 40 38 50 48 45 35 71 95 16 11 83 79 34 13 74 30 80 39 87 5 3 51 65 41 19 58 64 60 85 22 36 68 63 53 6 89 92 31 56 32 61 12 70 23 7 91 90 10 42 57 29 59 72 8 67 25 77 44 73 49 46 55 15 62 26 66 18 20 37 2 1 9 24 75 93 81 88 47 17 52 4 86 78 54 0 82 27 76 84 43 21 69 28 94 33
7 79 93 11 33 77 30 14 54 66 9 52 25 63 78 86 82 75 71 4 80 89 8 27 64 60 28 29 55 48 46 15 20 67 84 42 21 92 23 94 74 61 39 53 72 35 91 18 70 59 68 22 1 13 57 17 76 45 0 12 6 81 56 73 88 32 85 16 43 5 40 65 69 31 49 26 51 19 38 47 95 44 83 24 90 41 34 58 36 87 50 2 10 3 62 37
75 3 52 74 84 1 54 29 37 23 19 8 72 66 76 68 7 78 90 79 5 46 28 36 12 17 70 56 62 9 95 93 10 22 38 27 30 87 64 60 0 92 15 13 80 55 2 33 18 6 58 94 31 11 69 71 43 16 65 50 49 83 57 59 20 34 53 48 25 44 40 81 32 14 47 88 67 63 51 89 45 91 35 21 24 39 42 82 41 86 85 61 77 73 26 4
7 88 60 87 11 70 55 26 92 36 4 27 12 20 52 62 16 69 42 75 78 29 94 6 46 14 54 71 64 59 39 9 85 8 47 90 74 19 80 0 95 18 40 32 48 41 89 21 45 28 76 10 38 57 22 68 72 77 37 2 24 58 83 66 31 13 61 73 49 56 51 50 33 17 44 1 84 67 86 63 3 5 82 65 79 34 25 43 91 35 53 15 23 30 93 81
56 40 22 11 16 80 77 55 9 70 47 65 62 75 68 71 42 19 1 26 67 83 88 4 45 50 2 85 78 39 7 31 14 79 28 35 23 21 58 41 10 53 90 36 54 13 74 44 48 92 43 33 63 82 93 72 52 3 60 87 30 66 51 94 34 59 18 25 64 32 15 81 86 12 84 37 0 24 57 8 61 29 20 95 76 27 5 91 38 73 49 69 46 6 17 89
17 54 81 68 22 10 38 12 61 83 42 6 77 41 39 93 37 88 5 80 56 13 48 44 40 62 23 26 85 89 78 7 72 46 11 65 95 29 0 2 18 75 30 4 1 58 67 24 15 87 74 45 53 34 16 43 94 91 70 20 64 84 63 35 57 36 3 31 25 59 28 76 51 47 14 32 79 27 82 50 49 8 52 21 60 33 19 71 73 92 66 69 90 9 55 86
20 19 69 83 33 75 40 31 65 11 62 54 38 13 36 17 3 46 55 12 87 70 16 49 92 86 10 84 2 44 25 42 68 56 78 64 7 58 0 90 22 28 94 57 47 71 48 77 4 60 43 29 63 23 88 34 72 81 85 41 89 50 82 51 76 95 26 74 93 27 67 35 21 8 14 79 39 24 15 80 52 91 53 32 61 37 59 73 5 66 9 6 30 1 45 18
56 47 12 46 79 48 34 86 91 16 58 17 67 68 3 31 44 1 90 77 7 71 9 19 57 18 54 62 52 0 93 81 65 95 21 2 70 26 36 42 11 63 30 38 15 14 43 60 84 80 55 78 83 76 61 4 69 85 25 82 50 64 32 45 53 28 5 87 40 6 74 59 89 10 8 24 20 23 37 49 66 35 51 13 33 94 39 72 75 88 22 92 27 29 73 41
14 10 84 70 71 73 77 45 88 15 83 18 95 6 78 12 63 57 52 82 3 48 60 85 90 8 59 24 17 9 13 4 76 55 61 27 40 79 26 7 36 54 75 66 86 29 39 46 25 43 32 30 64 31 47 56 2 0 92 91 50 94 28 67 38 89 51 35 81 62 87 1 74 33 68 58 5 44 11 49 19 34 42 65 21 69 53 22 20 37 72 41 23 93 80 16
3 41 78 91 0 53 39 4 77 18 30 38 84 71 21 88 14 2 5 52 63 67 40 42 79 15 85 65 6 83 92 49 34 75 24 90 74 7 48 35 28 23 11 25 60 17 87 20 29 68 82 56 32 64 94 59 50 73 31 81 8 27 10 93 22 69 72 66 19 58 1 33 95 89 70 37 26 54 12 9 43 76 45 47 62 13 86 80 57 36 46 51 44 16 55 61
3 70 83 27 60 21 2 67 66 53 77 55 69 12 94 74 11 23 9 43 49 42 59 79 38 65 89 1 44 29 47 50 6 64 37 28 82 62 86 22 14 63 61 95 41 25 7 85 78 34 90 4 39 75 17 26 19 30 48 33 73 93 57 15 24 0 91 54 81 35 92 88 84 36 10 20 32 5 45 56 76 72 8 68 18 71 80 46 13 51 31 87 40 16 52 58
84 41 23 14 50 34 54 15 10 67 1 30 7 43 46 12 73 8 64 3 29 28 27 95 60 65 76 2 89 26 25 49 4 71 55 6 32 68 87 42 21 36 45 66 31 93 51 40 74 90 61 44 22 48 38 75 69 20 70 24 56 88 33 18 80 79 72 0 53 16 62 5 63 37 81 57 47 13 17 86 91 19 52 58 77 94 11 78 35 83 92 85 9 82 59 39
72 10 49 71 77 52 60 50 73 41 67 27 43 24 86 76 54 5 7 68 94 32 62 29 89 8 56 30 21 23 34 36 74 85 18 83 28 63 9 65 0 88 58 15 59 19 11 70 66 4 93 37 91 20 78 42 38 80 69 44 31 55 61 40 48 92 6 45 1 81 39 33 53 46 82 84 47 64 25 17 35 26 16 2 57 14 79 12 3 13 22 87 51 95 75 90
8 59 78 25 57 4 6 74 94 9 89 23 21 67 81 12 56 18 75 20 85 63 32 80 84 73 52 72 44 16 43 70 86 27 40 62 87 3 19 17 42 49 46 83 22 29 7 24 0 93 82 68 48 65 92 58 51 66 37 28 77 13 33 50 39 2 53 71 47 79 95 54 76 10 36 11 41 45 30 91 35 5 26 64 90 1 38 61 88 31 15 69 60 34 55 14
5 70 17 82 49 19 92 89 64 22 59 77 38 62 34 52 69 80 57 23 46 27 56 6 74 7 54 43 15 63 18 51 30 36 4 81 31 21 33 53 79 26 83 28 66 50 93 67 95 13 45 58 40 73 76 2 8 11 32 24 9 25 16 3 86 39 88 71 35 55 60 14 65 72 20 37 84 0 90 87 94 47 48 61 44 12 29 85 1 75 68 41 91 78 42 10
57 52 35 65 58 36 27 61 8 51 14 24 75 77 28 31 26 81 83 73 90 19 78 64 6 71 69 12 16 40 33 70 9 55 1 25 41 54 47 21 95 11 84 87 37 10 29 4 17 32 38 2 80 94 3 5 23 74 15 7 91 72 89 46 42 59 53 79 93 62 45 39 43 50 48 92 34 88 49 56 0 22 86 30 66 68 60 18 85 67 44 13 63 76 20 82
22 66 19 21 12 94 27 38 91 33 17 16 82 74 42 45 68 54 62 52 24 59 43 58 93 73 6 10 41 47 26 87 77 69 78 79 57 56 55 40 76 31 86 37 7 39 46 4 44 48 51 85 1 35 89 8 5 72 14 65 83 30 64 67 84 25 29 92 32 20 75 90 53 23 36 2 0 11 71 80 28 34 81 13 18 61 3 70 50 49 95 60 63 88 15 9
46 59 61 27 86 14 87 5 2 37 81 84 26 69 22 8 50 34 6 16 7 45 9 49 3 92 85 51 29 24 53 31 15 17 44 93 58 23 77 91 94 83 55 4 56 60 10 12 18 48 63 41 19 35 79 52 36 47 71 43 33 13 28 21 90 67 42 89 78 72 82 64 32 57 68 54 62 30 65 70 20 95 0 66 80 88 25 39 1 40 76 75 74 73 11 38
11 59 61 54 43 60 6 75 69 26 66 48 22 92 18 76 80 28 84 64 50 17 82 87 56 19 74 10 83 81 27 85 12 94 41 25 63 68 21 42 24 49 16 93 8 46 7 36 77 38 39 0 95 57 78 90 4 86 55 33 44 32 15 79 62 23 5 31 89 47 13 65 14 45 88 72 91 1 9 3 29 67 2 53 71 40 51 35 58 30 20 52 37 34 73 70
64 87 74 23 25 71 72 81 38 92 19 66 36 27 60 26 13 70 62 45 30 84 9 89 48 32 67 15 24 57 65 55 0 79 68 10 50 12 4 93 28 6 2 41 94 29 52 1 95 63 56 58 3 85 90 14 75 8 39 11 91 76 49 61 44 59 20 47 80 78 77 35 40 22 17 31 53 73 54 7 5 42 82 88 86 18 83 37 69 33 46 43 34 51 21 16
30 46 47 31 0 40 42 95 16 41 45 63 28 8 55 69 35 2 49 20 37 93 7 86 65 90 21 80 67 72 60 79 85 1 77 43 22 32 70 33 48 34 9 51 6 29 24 84 39 52 66 59 44 87 27 62 91 76 78 11 81 57 25 18 12 61 54 17 5 15 19 38 56 53 10 71 94 23 92 82 88 50 64 14 74 73 75 4 36 26 68 3 89 58 13 83
10 14 62 84 4 41 24 85 25 30 28 15 58 70 43 2 53 0 40 63 21 60 35 55 33 89 90 38 50 54 69 76 88 26 3 1 68 19 9 72 8 77 48 45 59 83 23 52 95 87 49 51 93 74 16 27 22 5 11 36 44 81 79 47 18 86 82 6 13 7 71 73 80 42 94 65 92 57 31 64 17 39 78 34 29 37 56 91 20 32 12 67 66 61 46 75
64 67 72 46 65 6 10 32 21 66 84 53 74 55 49 36 70 11 73 0 69 56 30 33 38 48 79 57 15 59 71 31 20 13 16 60 9 25 7 40 86 75 19 90 94 4 2 51 82 41 91 17 63 88 54 14 3 27 44 95 26 81 87 77 50 12 23 22 45 89 58 28 92 93 62 1 85 37 35 43 34 18 52 61 78 68 29 83 47 24 5 42 76 80 39 8
50 13 25 75 59 56 21 89 2 34 82 31 46 17 91 51 84 80 72 70 78 61 47 4 37 45 24 32 36 94 29 71 39 48 95 74 44 63 15 23 77 27 88 41 85 73 54 30 81 20 57 86 60 9 65 49 64 3 52 38 40 7 18 93 11 55 10 5 42 43 62 67 68 69 33 16 1 26 19 8 66 87 53 58 35 22 79 90 92 14 6 83 28 12 76 0
82 51 72 16 64 44 92 63 86 0 18 85 39 70 83 79 46 89 36 88 65 29 19 60 94 57 27 32 68 45 58 67 80 33 62 55 28 9 76 1 23 81 73 35 14 69 6 38 7 50 12 54 66 10 5 78 74 37 47 91 22 42 53 75 87 3 17 52 61 41 2 13 77 15 40 84 90 95 11 34 93 20 4 71 59 21 49 30 8 24 43 26 56 25 48 31
66 58 41 34 69 82 1 22 70 86 8 92 13 9 85 24 3 6 61 26 54 15 10 50 93 12 20 77 36 7 59 89 33 14 88 40 65 57 55 31 95 11 52 90 27 16 30 63 51 67 79 80 72 18 4 43 35 81 48 91 68 17 94 56 32 46 0 64 75 45 73 2 53 47 71 39 37 19 28 62 49 38 78 29 44 5 21 25 74 83 23 42 87 60 76 84
65 93 6 33 87 92 13 61 29 53 74 84 68 55 73 78 17 88 26 79 86 56 20 76 80 77 46 91 18 35 54 52 38 71 82 16 94 23 62 32 69 11 47 2 40 43 31 64 28 15 70 7 42 10 51 57 1 85 34 48 19 59 5 8 63 9 83 75 37 24 36 50 25 21 81 95 60 0 22 4 30 89 67 41 66 49 72 58 27 14 3 45 12 44 90 39
18 17 62 23 35 93 76 40 15 3 42 20 88 85 58 0 91 49 72 68 12 43 26 37 13 34 66 89 81 90 80 31 4 25 67 9 2 55 61 57 24 47 6 11 64 1 56 78 92 54 8 44 38 28 59 75 84 94 51 87 45 73 95 22 63 60 79 19 32 36 29 77 16 46 50 7 74 14 5 70 21 86 65 27 39 52 41 83 71 10 69 82 48 30 33 53
76 27 41 31 63 8 59 54 28 65 62 9 93 30 58 34 77 15 49 68 6 61 69 38 23 79 51 64 4 66 7 26 47 94 24 25 71 42 2 0 92 48 83 33 19 88 18 35 43 57 60 1 81 40 21 87 95 52 16 56 82 45 14 78 32 75 55 13 29 67 86 10 39 53 50 11 12 91 84 90 20 72 5 36 70 17 74 44 46 80 73 89 85 3 22 37
49 47 21 67 29 26 75 74 90 93 18 61 65 23 0 84 50 52 30 95 10 7 38 85 88 63 5 3 89 55 17 86 22 62 80 54 83 2 13 70 15 71 27 14 91 19 94 81 11 82 43 79 44 72 6 4 28 53 59 41 31 33 64 8 46 32 56 73 20 16 76 40 77 51 9 66 69 45 36 1 57 34 78 87 39 37 48 58 60 42 92 68 24 25 12 35
72 26 78 11 94 43 81 58 61 34 0 5 50 23 64 19 85 40 48 45 77 70 53 49 86 35 1 36 44 4 15 12 7 32 10 37 42 8 20 65 73 90 57 24 84 2 22 25 55 69 60 3 28 76 30 95 38 62 39 88 51 75 31 82 6 29 41 68 16 80 46 92 17 56 79 71 14 63 13 33 66 74 21 52 18 83 89 91 54 59 9 67 93 87 27 47
79 53 3 12 7 2 44 36 0 33 20 80 50 45 63 68 93 84 30 66 92 75 70 5 34 69 48 71 4 42 57 39 60 32 40 95 47 22 29 46 37 77 10 21 58 16 24 72 18 91 23 67 86 62 11 27 35 83 14 59 17 26 65 55 81 56 64 9 15 85 28 51 41 31 52 38 87 88 1 94 13 73 90 74 61 43 19 49 76 8 6 82 25 54 78 89
10 28 76 75 79 54 2 22 15 31 92 93 11 80 37 29 36 42 94 3 73 89 6 46 8 43 27 5 69 74 90 7 83 23 77 88 21 19 59 13 4 49 30 17 70 64 48 57 87 60 47 53 82 95 44 34 86 24 25 26 33 84 40 9 67 41 18 78 16 63 35 55 12 51 39 72 1 38 45 91 52 61 50 66 85 14 68 58 62 56 0 81 20 71 32 65
21 76 13 3 92 53 91 25 84 16 27 29 18 24 52 83 75 95 39 55 34 1 70 74 86 11 65 20 69 47 63 89 43 94 7 9 23 61 49 85 22 59 12 44 10 68 33 72 40 56 60 32 45 51 77 90 36 38 41 31 66 57 80 19 62 42 26 5 48 82 15 81 46 87 50 35 88 73 30 37 71 79 78 67 17 6 4 64 8 2 0 58 54 28 93 14
22 17 1 29 91 92 62 71 82 21 12 9 2 57 73 67 51 8 18 5 64 30 38 34 85 16 69 15 24 27 86 11 40 43 10 31 70 78 55 76 88 89 79 93 58 25 37 53 41 59 77 4 49 35 7 23 74 46 83 65 13 39 54 80 61 42 60 26 20 0 28 44 45 87 47 3 68 81 95 94 72 48 56 50 14 84 19 36 33 66 90 52 32 6 63 75
35 65 94 51 52 38 86 19 0 4 50 87 95 73 9 93 48 29 63 72 64 82 20 79 78 92 57 91 75 16 70 42 76 44 90 83 32 74 28 24 33 46 8 84 18 36 30 62 43 71 59 26 21 55 56 7 58 66 1 41 89 45 25 6 12 60 17 47 68 39 85 10 49 27 15 2 53 11 81 77 14 13 37 34 67 69 54 80 61 3 88 22 5 40 31 23
64 81 40 68 52 86 54 80 94 2 55 6 8 21 70 74 11 9 62 4 26 87 49 79 18 29 92 84 67 72 5 89 41 78 46 77 44 66 65 76 73 32 20 25 47 14 43 28 93 58 1 31 0 36 60 82 34 61 24 63 56 50 45 42 30 75 71 22 35 7 48 51 13 90 69 15 37 53 88 39 3 33 38 16 85 23 10 91 27 19 59 17 95 83 57 12
62 1 65 16 7 43 82 31 91 64 26 56 75 36 45 58 53 61 4 86 40 25 13 10 38 29 22 20 49 71 8 59 95 77 85 6 63 46 3 78 67 21 72 54 52 17 90 76 41 15 14 37 94 18 88 87 73 47 5 0 92 23 12 35 70 60 24 39 48 68 66 81 9 33 74 84 83 11 44 50 69 80 57 34 93 28 19 2 30 89 27 32 79 51 55 42
55 92 66 17 36 10 82 3 8 40 79 76 54 62 84 42 67 7 29 59 77 65 69 30 11 5 88 63 27 57 19 28 38 87 32 18 80 46 72 71 20 70 16 81 78 34 33 52 53 35 43 85 23 89 0 58 47 56 48 74 45 24 15 25 61 21 73 60 37 64 90 91 41 44 6 2 49 22 68 1 93 39 86 83 50 9 14 94 31 26 95 4 12 75 51 13
69 71 95 62 34 61 78 0 75 7 77 43 23 19 32 35 64 40 65 85 24 21 91 92 76 39 27 93 49 17 4 68 88 47 63 37 59 30 90 94 6 55 13 8 81 89 82 11 66 57 9 16 44 84 31 38 1 80 26 25 74 52 46 86 15 48 10 51 53 72 2 36 5 3 33 67 14 79 60 18 41 42 29 50 12 20 56 83 45 87 58 54 28 22 70 73
79 0 55 12 67 11 23 83 8 2 28 30 31 89 29 42 62 44 19 72 16 88 46 57 10 84 49 69 51 39 68 35 43 78 18 36 70 27 38 15 41 33 7 13 54 94 52 59 91 64 90 95 76 17 4 22 21 74 66 50 1 63 58 37 71 87 60 65 53 82 6 9 24 25 80 75 61 34 81 73 26 20 47 45 56 77 86 5 32 48 85 14 40 93 92 3
72 44 66 88 71 53 15 40 46 73 52 61 63 14 20 89 83 84 31 58 87 1 41 43 12 10 30 49 80 38 85 95 34 48 32 67 23 11 65 4 50 56 29 57 92 76 82 22 42 16 79 0 13 37 5 69 90 18 77 45 70 24 59 28 36 54 81 93 78 51 9 17 3 7 35 2 19 47 91 6 8 39 25 60 27 94 55 86 68 74 33 62 64 21 26 75
7 29 22 26 90 72 80 28 27 20 94 25 42 37 78 56 19 44 77 4 50 74 18 41 9 23 8 2 32 84 21 88 46 39 17 45 95 34 43 10 15 61 51 13 3 6 73 33 91 58 65 49 71 76 54 35 81 52 30 86 14 69 68 82 24 64 93 89 40 79 60 55 85 31 5 57 38 53 48 87 47 92 66 63 1 59 11 67 36 0 16 75 62 12 70 83
75 0 17 6 13 53 22 67 38 7 80 34 42 19 93 74 4 90 29 84 79 31 94 55 10 51 47 26 92 71 73 91 44 43 63 48 77 5 25 76 78 23 49 61 2 18 39 81 14 85 60 95 66 36 68 88 45 54 32 52 59 65 8 58 1 30 46 50 64 35 41 20 15 86 12 69 37 82 89 87 11 72 62 28 40 57 56 83 16 9 3 33 24 27 21 70
18 83 90 60 56 55 78 72 87 20 36 93 74 65 33 48 76 54 89 2 7 42 14 38 88 57 37 22 86 19 10 70 3 28 85 73 81 92 0 15 23 4 75 27 31 68 21 40 94 50 5 62 53 84 44 52 8 51 32 79 12 58 95 82 91 66 47 45 24 1 61 64 49 29 25 63 59 13 17 77 67 30 26 9 6 80 71 35 46 69 16 11 41 39 34 43
64 48 0 79 11 35 8 10 9 3 56 68 25 69 75 58 13 73 91 67 43 37 41 12 78 92 66 46 15 90 23 51 55 27 17 34 93 32 39 74 57 26 40 4 20 30 6 45 36 54 80 49 29 72 7 52 1 62 77 65 81 60 76 95 85 5 33 71 94 14 59 50 89 84 2 38 44 16 47 22 18 70 88 31 83 19 21 53 87 63 28 24 42 86 61 82
24 53 37 20 4 64 68 70 28 7 90 81 75 69 50 49 0 22 67 44 1 88 34 56 79 2 52 84 95 40 13 48 38 66 35 86 45 8 47 29 72 58 94 43 51 59 42 46 26 63 73 92 31 14 41 23 61 39 9 12 65 60 11 62 5 6 3 10 76 21 71 77 91 55 78 87 18 15 54 19 25 57 16 85 93 89 82 33 32 17 74 30 36 27 80 83
7 16 80 93 47 3 63 73 41 8 24 51 19 2 23 71 69 20 14 0 25 34 17 85 83 37 11 81 9 52 39 92 35 42 62 18 74 36 53 60 82 44 77 28 45 79 59 75 31 43 46 57 40 95 38 87 66 10 84 1 55 88 78 68 32 90 70 26 48 65 27 64 56 72 67 33 86 58 6 29 5 22 94 15 54 76 12 13 21 91 50 89 4 49 30 61
64 58 81 4 20 42 7 8 27 5 93 28 22 39 63 65 94 23 24 29 31 91 72 12 47 1 6 86 13 76 49 45 48 46 68 60 84 57 21 9 80 15 18 59 52 38 37 10 3 66 17 67 36 43 71 33 74 51 30 61 90 92 69 54 82 0 70 40 83 75 53 14 62 95 55 87 35 25 19 85 77 34 79 2 11 89 26 56 88 73 44 41 32 78 16 50
48 23 61 90 0 60 29 52 94 18 28 87 39 42 80 10 15 68 20 50 57 41 36 93 1 76 91 85 5 44 72 11 64 16 69 33 25 40 55 53 95 35 14 2 31 21 46 43 30 7 92 65 78 74 24 56 26 67 83 47 45 27 37 75 70 19 12 4 6 79 88 58 77 62 9 34 63 32 81 3 17 38 84 59 54 71 73 13 22 82 49 51 8 89 66 86
82 33 65 93 24 73 46 87 91 18 36 53 49 39 72 19 55 50 37 51 14 7 77 95 85 62 68 21 47 57 28 16 44 15 10 67 22 61 13 1 35 66 84 0 32 17 8 70 75 4 63 58 69 79 71 52 43 6 81 64 38 74 42 41 94 86 20 76 34 80 30 12 88 92 26 56 89 40 23 60 48 83 2 27 78 29 59 9 5 90 25 45 11 54 31 3
16 32 6 20 2 84 54 38 5 15 50 45 57 69 79 23 71 27 55 61 33 77 46 37 80 41 72 83 7 63 31 70 78 36 66 42 73 1 28 34 29 58 18 64 44 10 62 60 12 75 8 93 4 91 88 86 81 51 25 22 39 35 30 17 40 0 14 59 68 65 87 56 74 94 3 76 53 92 13 47 43 24 9 11 90 21 19 48 85 52 82 26 95 67 89 49
66 48 37 86 54 20 32 40 79 82 23 63 4 90 30 71 6 39 94 93 33 84 3 27 19 46 81 10 53 43 9 64 36 59 21 78 73 49 8 25 51 76 55 7 28 72 34 56 5 87 91 85 24 18 29 11 44 77 92 80 89 41 2 17 57 58 35 1 61 83 14 88 75 26 65 95 50 62 15 68 12 0 47 13 42 60 74 70 16 52 38 22 69 67 45 31
37 32 78 6 93 18 61 94 25 11 84 10 53 27 19 40 67 3 76 8 82 44 68 38 52 46 63 23 26 49 71 87 29 16 51 65 4 14 88 9 73 81 59 95 42 57 35 70 30 54 83 77 91 2 80 79 74 62 24 7 86 34 45 13 20 43 15 72 89 0 41 92 48 64 50 69 58 1 21 66 36 85 12 31 90 55 56 28 39 60 22 5 47 75 33 17
93 3 70 77 6 76 18 46 71 31 1 26 0 54 95 15 69 62 75 17 37 40 55 11 80 50 12 8 32 94 78 2 34 28 60 41 5 33 72 59 91 44 66 58 81 29 88 30 4 84 20 73 13 64 89 65 23 56 92 49 83 68 74 25 90 36 38 52 45 21 10 87 35 63 47 48 67 43 82 16 39 79 51 22 27 57 9 61 85 86 42 53 24 19 14 7
88 69 27 9 59 63 61 37 18 57 34 49 19 87 56 3 6 94 16 44 45 41 26 67 42 43 12 71 92 83 82 0 1 8 52 64 47 24 46 68 77 11 91 22 86 7 93 40 55 54 39 75 31 36 28 74 90 20 25 80 35 89 32 73 62 33 29 30 72 51 17 84 14 48 15 66 78 21 60 85 79 50 4 65 23 95 70 81 38 13 5 76 10 2 58 53
46 3 48 47 69 20 82 4 24 44 64 54 36 94 84 67 11 40 74 7 26 29 73 81 23 12 35 30 58 43 63 66 62 22 72 50 92 39 52 59 83 37 53 13 75 2 41 31 16 86 57 17 6 79 80 25 34 1 51 90 45 15 9 28 21 65 60 70 89 95 27 68 49 14 42 77 38 85 61 33 88 56 76 32 91 55 0 19 8 18 5 10 87 71 93 78
25 33 69 89 53 46 29 73 27 6 8 1 72 38 30 40 44 35 9 63 43 14 31 41 11 64 74 94 76 0 22 34 26 59 36 92 83 54 42 95 79 32 91 7 12 61 15 51 49 10 66 28 50 75 82 16 70 55 68 45 39 88 86 17 56 48 93 20 81 90 37 84 57 77 47 71 52 85 4 60 67 87 3 5 23 65 62 24 78 18 58 2 19 80 21 13
55 77 49 24 0 86 1 64 56 80 65 6 66 70 50 32 44 48 10 53 46 88 87 27 54 84 30 93 21 59 69 2 36 58 34 67 90 12 94 20 18 76 95 61 92 51 23 73 14 78 74 82 79 16 22 25 5 52 9 8 71 40 4 91 7 42 62 68 72 11 37 60 39 85 89 81 29 83 75 19 26 15 63 38 13 43 33 17 57 47 41 28 45 3 35 31
67 28 85 63 94 55 21 1 71 87 72 52 86 33 45 93 2 54 44 4 84 95 66 49 78 75 17 74 82 64 34 36 14 30 80 53 10 90 25 83 31 58 61 22 48 40 13 9 38 81 18 69 39 79 89 57 20 7 16 59 0 26 35 91 12 70 46 50 88 68 11 23 8 42 92 60 76 15 29 77 65 47 37 62 19 43 51 5 41 6 27 32 56 3 24 73
34 29 26 77 91 66 23 52 83 48 32 49 44 78 19 65 87 16 38 4 6 94 10 28 85 13 39 5 82 56 45 80 67 3 61 20 54 70 31 9 50 25 47 63 33 73 69 37 15 92 30 53 35 41 62 93 12 14 84 17 8 27 18 95 55 42 86 36 59 90 1 79 76 7 81 74 72 11 24 88 64 46 58 71 51 60 2 40 0 89 43 21 75 22 68 57
65 87 61 14 66 51 77 5 23 40 94 63 21 17 86 19 93 78 42 84 70 44 72 81 3 8 57 25 15 56 79 60 12 76 95 4 75 45 0 31 68 37 89 73 88 80 50 10 67 58 82 47 92 28 46 74 90 24 6 85 22 32 16 83 7 64 30 2 20 36 9 62 33 34 11 39 18 13 49 1 27 91 29 69 53 38 48 54 71 43 26 52 55 41 35 59
52 17 95 85 25 90 47 72 18 16 59 91 67 45 51 44 77 39 84 13 3 81 55 31 11 86 2 89 76 34 54 5 42 37 28 68 43 74 14 63 4 79 49 71 58 66 9 0 27 78 20 93 82 21 8 75 92 7 32 70 22 19 56 29 50 83 46 36 62 88 48 10 57 53 73 94 26 38 80 6 69 40 87 60 12 33 1 41 30 24 65 61 15 35 64 23
82 63 60 41 69 58 37 77 54 81 9 16 3 25 92 1 50 84 67 17 64 83 13 19 4 68 29 27 56 11 15 35 57 75 72 89 94 87 70 66 85 38 80 40 76 14 5 32 73 43 55 36 45 53 30 34 49 23 74 33 10 51 65 88 20 31 42 44 8 28 59 18 7 71 62 24 95 12 21 79 0 26 91 90 61 93 47 48 52 22 78 46 86 2 6 39
9 77 62 79 84 35 29 60 83 78 28 18 59 40 44 43 12 17 70 39 10 20 75 21 41 95 49 31 38 1 67 93 0 15 24 56 61 68 73 74 85 46 87 94 26 14 5 58 89 22 47 52 23 66 32 76 8 63 71 64 54 50 30 16 45 42 90 55 33 7 3 53 36 13 65 80 25 81 11 72 82 34 88 91 57 86 69 48 19 37 6 92 51 4 27 2
27 79 21 65 54 17 73 63 6 43 82 4 87 19 71 60 37 74 84 64 29 66 10 93 34 22 94 20 52 51 35 56 14 12 1 15 88 95 67 13 2 46 42 18 39 38 50 7 91 23 3 48 9 24 75 80 85 44 8 36 92 47 40 26 33 59 25 5 89 77 0 41 32 72 61 28 83 31 16 70 49 76 11 58 30 62 81 68 45 86 90 57 55 69 53 78
62 1 13 25 28 43 78 38 52 60 83 30 75 67 4 33 63 32 17 84 35 56 92 74 64 79 39 94 36 3 66 54 41 90 95 81 80 5 89 53 0 44 72 88 21 77 65 85 47 6 26 9 61 37 34 71 12 58 20 8 31 93 76 91 18 70 49 57 16 51 14 48 73 68 50 46 22 42 15 69 82 87 40 86 10 29 45 2 27 7 11 59 19 23 24 55
37 40 62 70 6 60 22 49 68 84 24 80 30 61 90 23 34 54 67 21 59 65 4 92 63 75 25 31 45 82 26 29 44 2 36 38 0 13 10 17 51 73 5 19 56 12 66 43 46 72 8 76 41 1 28 47 39 32 71 7 69 14 85 58 3 27 64 53 93 95 9 50 18 55 52 94 42 86 35 15 81 57 79 77 83 74 91 20 16 87 88 78 11 48 89 33
89 59 19 51 84 58 16 85 65 42 57 71 76 25 52 41 37 28 69 91 17 24 49 32 47 30 6 3 74 56 94 12 82 79 78 38 86 67 80 88 20 87 55 43 61 63 27 1 4 35 45 10 34 39 40 54 33 93 48 50 64 46 90 60 77 15 72 75 66 70 53 81 5 0 13 31 8 21 9 23 92 68 18 62 22 44 83 2 95 36 7 29 26 73 14 11
89 60 63 80 47 62 72 13 57 82 51 27 41 90 8 85 64 77 40 32 83 42 56 86 61 70 33 20 29 79 12 65 69 66 91 16 95 18 4 55 39 22 52 94 88 71 67 31 92 48 24 3 78 37 45 7 53 68 73 6 19 76 46 54 14 36 10 9 87 17 5 38 44 59 50 23 0 25 75 74 34 21 30 43 11 84 28 1 93 58 15 35 81 49 26 2
88 34 62 75 4 11 23 68 71 83 2 28 94 3 20 51 40 21 15 19 53 17 52 7 49 31 67 76 43 0 82 44 81 47 70 46 87 79 77 78 10 61 26 18 80 1 95 8 27 90 86 6 66 13 16 30 84 41 69 32 64 9 72 5 58 45 73 85 37 54 65 50 74 91 39 38 57 48 36 89 55 12 59 33 56 29 63 93 60 14 24 25 92 42 35 22
81 18 11 10 33 42 57 68 58 55 89 95 85 84 50 26 46 40 49 74 13 31 15 91 5 39 8 51 38 27 35 92 65 79 64 67 78 23 77 37 12 87 59 41 9 52 62 56 32 3 20 36 75 80 21 83 86 24 16 69 72 30 76 6 45 7 94 44 60 25 66 19 93 14 70 2 82 88 43 73 63 22 29 71 1 54 0 47 61 48 34 53 90 4 28 17
11 68 54 30 66 95 56 1 3 34 21 78 46 89 7 87 44 53 86 79 92 88 51 47 83 35 48 90 58 36 20 61 28 69 19 52 82 23 6 2 4 50 75 70 39 18 55 84 33 10 43 31 74 57 0 17 22 29 5 42 76 24 27 8 12 45 72 59 77 64 67 9 26 91 81 63 80 62 38 16 93 40 65 25 60 85 14 71 41 94 49 32 13 15 73 37
25 37 85 38 4 32 91 71 11 26 72 93 68 56 69 33 64 83 75 67 46 14 73 7 6 54 61 89 17 66 24 15 23 76 59 53 88 51 47 35 12 81 10 65 13 3 29 95 39 21 41 87 63 5 77 9 79 40 36 48 45 57 18 0 94 1 31 60 90 74 19 27 16 50 92 42 80 34 58 43 28 49 86 62 78 55 82 30 2 44 52 8 84 22 70 20
0 87 9 90 67 13 21 27 46 51 62 40 82 36 10 38 50 43 61 44 57 58 66 6 83 30 70 72 35 33 16 77 22 65 78 2 71 8 94 23 1 79 15 84 24 37 54 81 63 29 47 49 34 45 18 60 69 42 28 85 56 86 68 5 11 31 25 17 39 74 7 19 92 20 48 88 93 76 12 64 80 59 75 55 32 53 73 91 89 26 14 3 52 95 4 41
95 56 54 5 81 28 83 9 79 39 93 82 71 20 10 24 44 65 42 33 17 58 31 36 49 68 87 63 52 50 26 15 13 57 27 75 48 64 90 29 94 61 7 4 22 35 51 88 37 38 55 25 16 72 34 3 43 32 62 76 60 46 41 91 92 18 21 78 14 30 59 67 23 70 6 1 12 85 84 8 40 53 11 45 73 2 0 66 19 47 89 77 74 80 69 86
25 76 90 42 41 9 83 92 17 47 18 32 7 81 39 79 44 33 67 51 59 12 20 23 62 26 30 0 54 85 13 88 86 38 94 73 28 27 19 64 21 16 74 55 75 36 14 93 87 52 57 8 61 43 29 68 46 71 77 24 66 63 95 3 4 72 82 11 91 50 69 15 2 34 78 35 6 70 58 53 80 56 89 84 22 65 31 5 37 49 1 10 60 48 40 45
2 93 95 20 5 78 67 40 45 17 54 43 82 18 90 38 71 35 39 10 3 14 12 41 53 13 72 32 24 61 56 68 63 6 58 11 22 23 0 48 33 21 75 69 9 29 15 34 55 94 92 62 79 83 30 4 16 59 74 65 51 73 50 44 87 46 89 49 91 88 31 84 66 36 1 42 76 85 26 47 64 19 81 70 27 25 8 7 37 77 86 52 80 60 28 57
24 73 42 19 78 4 6 52 16 53 54 0 12 39 18 51 48 11 92 29 71 63 32 7 69 49 87 10 84 36 89 17 68 13 64 62 82 41 57 67 20 47 37 86 2 28 21 8 58 46 9 45 22 31 74 76 44 81 90 55 80 60 34 3 65 50 5 1 91 35 70 30 77 38 93 66 88 33 79 15 56 14 59 25 85 26 23 95 27 43 94 83 72 75 61 40
67 78 0 39 15 74 50 1 21 23 47 11 63 10 32 83 53 14 49 41 8 28 29 16 19 72 55 4 86 51 54 70 82 58 17 62 37 40 2 89 84 93 59 75 31 5 6 91 38 22 42 66 85 76 60 34 24 69 46 79 77 18 73 33 52 30 56 7 48 92 65 13 61 80 35 43 95 68 90 36 12 88 44 94 57 87 27 71 25 81 26 3 64 45 20 9
95 40 94 93 25 54 84 1 31 6 22 48 7 41 44 3 23 68 15 71 62 92 19 43 64 86 72 89 60 79 88 8 91 0 37 38 67 36 20 2 76 26 47 58 69 74 63 42 78 21 24 27 83 49 11 13 90 80 77 61 70 32 53 65 28 73 51 59 17 82 33 87 18 56 4 50 30 45 10 35 29 46 14 12 5 81 39 55 75 66 34 52 9 85 57 16
89 22 28 64 24 65 38 9 90 10 33 15 59 79 95 0 25 44 3 76 23 56 83 8 49 77 63 37 57 41 74 92 12 80 72 17 46 60 62 51 68 55 54 88 6 40 70 84 61 73 82 85 50 27 31 5 34 91 1 2 58 71 26 36 11 32 35 43 78 67 45 66 42 29 16 47 86 69 75 13 93 21 53 18 94 4 81 52 87 48 7 19 39 30 20 14
45 23 15 67 54 50 34 27 47 29 52 24 55 68 37 25 80 56 69 94 36 46 44 66 53 30 2 3 77 8 6 22 51 17 76 7 33 87 83 70 81 89 79 59 72 57 11 65 48 26 82 86 40 88 10 49 75 78 85 42 64 5 32 84 92 91 20 63 38 13 90 4 31 12 19 35 62 93 39 71 95 14 28 74 0 43 18 73 16 58 21 61 1 9 60 41
40 57 64 60 47 59 33 7 91 11 94 1 9 34 52 81 54 8 22 50 79 68 12 45 25 6 0 3 44 36 27 89 10 29 86 62 75 77 84 87 76 39 63 16 78 32 72 65 19 71 73 24 23 82 49 20 30 69 70 55 37 80 26 88 90 15 43 48 58 56 53 95 35 5 28 85 93 38 4 41 83 2 17 61 18 67 46 92 13 14 74 66 51 31 42 21
69 71 57 8 29 89 76 16 40 54 1 63 90 28 59 9 26 18 31 2 34 27 91 46 94 3 88 93 51 58 48 80 72 38 70 82 73 41 19 61 21 24 45 66 75 7 15 4 85 47 60 49 25 5 79 55 6 36 53 20 78 77 35 0 39 33 50 10 11 83 17 65 95 81 74 30 68 42 84 86 32 67 87 12 14 37 22 56 44 62 92 43 13 23 52 64
52 11 78 50 10 22 8 84 44 23 47 3 6 65 46 66 90 0 28 91 63 25 71 82 62 67 92 20 32 38 56 1 79 36 34 24 80 59 75 87 37 69 19 55 64 18 41 5 60 77 42 83 54 4 74 49 94 53 48 40 81 21 85 70 2 15 73 86 93 35 27 9 43 57 16 14 45 12 13 26 29 30 68 51 88 33 39 58 7 72 61 17 76 95 89 31
78 5 41 71 54 83 21 27 73 10 29 86 94 66 85 8 61 91 62 58 93 37 45 3 76 90 13 49 26 43 63 53 84 34 42 2 18 47 57 88 23 25 67 56 0 87 19 52 38 77 9 68 15 33 69 79 70 92 14 55 50 30 1 36 39 7 31 12 59 46 60 80 65 48 28 17 20 72 81 44 35 4 95 11 75 89 6 74 22 24 64 51 82 16 32 40
70 46 49 62 53 26 42 31 55 56 64 21 17 48 74 80 54 9 43 36 67 18 52 6 14 85 8 47 45 13 71 24 65 61 91 73 92 95 68 58 78 79 12 63 50 66 41 44 93 60 10 77 4 81 83 75 0 2 11 51 87 7 89 28 37 1 82 40 22 34 88 90 5 3 94 35 32 25 29 16 38 84 15 27 30 57 19 20 39 59 23 76 33 86 72 69
36 60 81 64 33 39 93 15 8 69 54 73 38 52 83 30 91 28 11 71 95 46 16 45 9 74 29 68 7 0 88 53 59 17 90 40 67 85 1 77 32 13 31 56 57 72 5 44 12 49 43 78 86 58 82 55 63 14 87 2 84 61 48 10 4 21 66 37 80 92 35 27 34 20 51 75 23 76 70 47 19 50 6 65 18 89 26 41 79 22 62 94 24 42 25 3
32 6 44 15 31 30 94 39 77 2 21 70 81 59 62 91 74 35 18 0 43 7 89 48 88 95 29 36 5 46 19 28 58 13 64 4 47 37 50 41 72 55 57 22 75 84 17 83 54 25 40 82 20 61 86 63 51 68 26 87 79 66 3 27 78 16 23 71 53 42 65 56 52 24 80 69 85 10 38 49 60 67 34 12 33 14 90 45 1 11 92 73 8 76 9 93
49 36 31 32 25 64 69 9 28 20 95 0 65 52 76 78 16 61 34 38 37 77 55 75 27 87 67 2 39 89 41 4 73 23 6 84 88 22 29 91 35 7 72 71 8 19 10 46 62 13 54 79 59 58 74 94 44 70 53 81 66 50 3 85 56 68 21 92 26 83 11 40 30 14 1 80 60 33 12 48 47 93 15 82 57 18 5 24 43 63 51 45 17 86 90 42
93 22 68 6 36 59 92 3 70 19 28 81 20 15 54 75 34 74 90 2 12 79 80 43 26 5 46 35 73 50 14 82 52 8 41 17 85 4 64 91 77 66 78 0 33 58 88 76 7 72 24 18 84 9 89 21 62 86 71 56 40 60 69 10 1 95 48 44 63 11 31 39 30 38 29 23 32 55 25 83 47 45 67 16 87 42 57 13 27 37 94 49 65 61 53 51
81 59 54 5 30 95 72 58 80 39 34 86 15 60 56 28 51 8 64 62 4 2 85 91 11 69 71 88 21 79 93 41 74 0 44 65 24 90 66 7 70 45 57 61 89 33 1 49 18 38 87 14 46 26 32 48 10 42 35 55 50 94 19 23 27 17 82 20 3 77 43 9 31 13 37 73 25 68 76 6 52 53 12 83 16 47 78 92 67 63 22 40 75 36 84 29
18 94 16 6 79 22 29 68 66 95 71 14 74 8 75 52 17 91 59 28 0 86 47 4 61 73 63 85 89 54 80 57 3 48 62 69 87 64 30 27 43 77 76 84 24 12 21 67 31 36 35 83 11 46 15 55 60 81 88 78 25 20 90 34 72 51 23 92 2 26 53 33 41 19 1 40 82 5 42 13 93 32 56 70 39 58 49 9 65 38 10 7 50 37 45 44
21 15 51 19 38 65 20 33 23 50 11 27 12 13 34 79 49 60 37 91 0 75 26 22 52 80 94 56 67 54 69 8 86 76 44 39 81 87 53 78 89 3 66 40 10 29 57 48 68 46 9 95 25 1 45 77 92 2 42 5 36 63 83 72 14 28 4 70 61 88 73 64 6 82 35 62 58 71 18 43 7 30 59 32 90 93 17 55 31 16 41 47 24 85 74 84
5 56 34 23 74 17 68 49 87 70 62 44 24 95 71 81 89 40 52 80 79 51 92 57 58 11 35 64 45 21 10 13 59 76 60 91 18 86 43 3 20 50 55 75 9 61 67 31 88 41 15 16 26 22 84 85 53 82 63 36 42 83 27 4 19 65 77 39 14 69 90 94 78 1 25 37 33 28 32 30 93 48 66 0 6 54 29 12 73 8 47 7 72 46 2 38
65 88 48 44 38 92 34 0 50 79 40 53 95 89 94 91 36 20 78 19 66 32 62 47 17 35 5 86 54 71 24 8 12 72 76 23 83 25 33 28 68 59 52 39 3 29 14 37 77 56 58 73 15 4 93 69 46 90 85 7 74 11 16 60 84 80 27 87 67 1 82 6 49 51 26 22 10 31 75 2 61 45 57 21 81 41 42 43 63 70 13 55 18 9 64 30
5 17 95 85 73 83 11 35 57 42 58 69 61 6 40 10 39 53 88 28 54 38 47 66 84 92 25 79 23 75 82 43 2 77 14 45 93 62 27 32 46 24 76 37 19 8 15 44 29 89 30 70 51 81 7 34 48 56 41 78 64 49 91 1 52 94 26 9 74 86 0 59 3 22 60 18 4 68 71 87 72 20 55 50 67 80 21 63 16 31 12 36 90 13 65 33
18 43 81 5 0 41 59 27 73 3 86 39 89 20 76 65 57 90 72 26 7 79 87 25 42 24 84 95 33 94 92 60 54 77 47 22 16 31 63 68 49 12 55 36 45 44 83 15 30 28 11 10 91 17 13 85 2 34 40 82 32 80 38 56 4 61 66 71 19 62 6 14 23 8 70 58 75 78 69 74 52 21 93 50 67 88 35 48 51 29 53 46 1 37 9 64
42 72 8 44 3 77 94 50 84 4 43 52 87 10 76 81 46 0 18 86 71 54 51 90 49 74 23 59 40 21 15 20 73 37 14 1 32 47 19 56 78 88 28 75 13 30 89 27 55 33 38 53 93 26 66 2 29 57 70 9 60 39 85 68 31 17 16 63 69 82 34 61 64 91 95 24 92 58 35 5 48 22 41 83 45 7 67 36 62 11 25 6 12 65 80 79
29 1 92 54 81 75 49 42 80 76 69 41 71 19 53 85 35 36 0 52 64 95 58 16 21 22 20 62 6 7 45 30 67 84 23 90 91 4 40 37 11 51 50 89 2 86 34 87 56 12 27 31 13 14 73 65 25 78 10 43 61 38 8 32 48 46 44 15 60 77 94 83 39 59 88 79 33 70 26 17 28 5 82 18 66 57 47 55 72 9 74 3 93 63 68 24
46 79 38 88 83 62 84 82 90 58 49 42 17 10 52 18 87 29 39 76 37 3 56 47 13 75 54 61 12 14 64 16 66 55 60 32 15 0 43 31 6 7 20 51 72 44 70 71 30 24 28 86 21 5 92 48 45 4 50 85 63 25 35 81 59 26 36 41 8 77 80 94 33 74 34 19 78 65 69 27 95 23 89 11 67 93 1 68 91 40 2 53 57 9 22 73
80 34 9 16 25 51 65 8 91 29 7 4 12 72 63 79 95 85 67 38 2 24 46 33 54 22 37 20 58 83 39 56 0 19 71 10 27 94 6 26 49 47 88 31 61 44 32 42 53 84 28 92 74 40 52 3 18 82 48 50 86 57 62 90 11 14 66 70 75 45 23 36 93 81 5 59 89 64 87 1 68 78 13 77 69 41 60 15 73 17 43 30 21 55 76 35
74 81 95 13 55 56 85 75 76 37 15 27 21 14 5 36 73 89 71 69 32 54 38 86 34 4 35 28 91 10 42 58 30 49 25 84 82 65 7 93 57 77 3 70 53 90 62 40 2 22 92 87 39 52 1 18 68 72 61 19 9 44 45 83 43 12 11 80 51 31 8 33 46 16 24 94 50 67 6 79 63 64 23 26 0 88 41 66 78 47 20 60 29 48 59 17
92 7 69 93 10 72 39 31 48 29 73 47 57 77 12 44 58 66 49 34 56 2 78 81 79 71 75 83 64 28 6 82 27 68 70 84 33 50 36 13 53 55 4 41 0 80 51 8 38 95 67 63 65 26 94 1 60 32 46 21 25 89 86 19 61 22 37 91 18 90 30 24 20 76 85 35 52 14 16 88 17 74 62 40 42 87 15 11 9 5 43 54 23 45 59 3
35 78 71 18 29 85 56 27 53 46 26 80 67 75 51 57 37 88 87 81 54 8 84 39 24 69 36 42 90 83 76 45 9 77 79 19 89 15 16 94 63 23 73 52 34 74 68 91 55 32 1 3 60 86 59 20 7 28 72 66 49 5 48 82 13 10 93 62 17 43 92 95 38 70 25 50 41 64 40 12 21 0 2 31 61 14 65 44 47 30 58 33 4 22 6 11
21 28 14 17 52 35 23 93 50 56 42 74 72 84 8 16 83 33 19 13 77 94 1 69 75 43 82 30 60 34 15 91 31 81 54 92 39 41 78 46 80 59 40 0 62 95 18 29 32 3 26 45 4 27 70 11 64 57 89 24 68 48 47 49 65 36 58 71 53 88 5 55 7 51 25 10 61 67 37 6 9 79 20 38 44 66 87 63 85 90 2 86 76 12 22 73
6 34 44 25 88 42 17 37 49 68 28 43 16 90 10 91 14 57 32 82 11 40 93 27 51 75 4 21 30 69 79 61 83 76 9 20 45 72 46 59 47 77 54 66 23 35 65 31 81 78 80 56 92 38 63 87 19 64 71 24 62 74 84 73 3 33 7 85 41 48 89 60 2 5 22 70 94 95 67 53 26 86 29 8 1 0 18 15 58 39 55 13 50 36 12 52
48 71 80 42 44 10 54 72 32 40 84 93 35 63 8 60 16 58 52 86 34 46 28 83 29 12 68 20 55 81 91 25 85 22 57 7 67 66 24 51 88 64 15 5 30 87 13 94 23 47 59 92 0 50 31 76 6 74 1 43 56 9 49 14 18 33 61 70 41 26 95 27 75 3 38 4 78 77 37 21 17 11 36 19 39 65 89 73 82 45 69 90 79 2 53 62
13 43 17 65 22 40 83 10 25 52 0 38 39 34 50 1 81 29 20 74 87 89 47 79 78 51 27 62 11 76 3 30 71 32 60 7 80 12 37 16 94 31 15 69 14 68 70 26 82 86 57 95 58 73 46 72 61 23 92 41 44 21 24 8 67 84 6 53 88 77 59 75 56 45 5 55 64 91 2 36 63 42 93 85 35 28 49 90 19 4 18 48 66 54 9 33
31 49 91 10 33 59 74 40 72 47 67 6 84 68 80 27 18 75 73 85 88 21 3 8 86 32 64 38 45 65 56 44 39 81 20 36 92 17 28 34 71 2 7 11 90 13 26 43 79 19 95 12 4 1 46 48 55 52 57 15 5 58 9 77 83 62 41 69 37 93 23 30 0 53 70 14 87 50 35 54 89 29 22 82 94 66 63 76 42 25 24 16 78 51 60 61
80 12 67 37 70 21 16 57 47 26 4 55 35 7 54 15 10 6 83 3 69 56 24 94 64 43 62 9 90 76 44 87 41 51 14 71 33 40 45 27 53 52 32 29 11 77 50 81 8 58 82 5 17 68 91 48 25 20 92 84 59 2 0 78 18 49 95 13 75 31 46 93 39 61 1 19 79 86 65 38 42 30 28 22 36 23 73 63 34 74 72 85 88 66 60 89
21 84 23 25 75 36 73 70 62 15 92 53 65 17 74 18 82 55 20 52 67 80 56 72 94 93 66 77 33 49 37 64 28 7 10 6 8 13 48 24 54 19 41 60 32 16 85 91 46 12 59 57 11 3 76 2 1 79 63 35 38 26 29 0 58 34 14 69 40 5 81 30 31 83 43 22 90 50 45 9 86 42 47 61 4 44 51 87 95 88 68 89 71 39 27 78
51 88 55 9 91 93 38 24 79 0 48 69 42 14 71 31 1 43 5 21 19 49 74 60 13 66 11 89 7 87 82 25 58 72 77 34 45 41 65 52 85 86 84 61 26 57 4 95 2 40 6 47 53 32 27 23 81 22 94 18 90 17 73 75 8 20 67 30 37 12 62 63 35 33 39 46 59 68 15 16 54 80 83 29 3 70 56 78 28 36 92 64 50 10 44 76
85 25 44 49 72 48 18 88 63 58 43 8 7 23 12 28 82 32 15 37 14 27 64 55 56 60 51 29 20 52 78 2 67 54 16 45 76 31 39 11 91 84 40 13 62 65 22 0 73 86 21 34 41 53 95 46 81 57 50 69 38 79 26 87 36 4 9 92 74 83 66 77 47 75 94 89 42 1 70 90 71 5 68 17 3 35 61 59 6 30 10 19 33 80 93 24
53 39 84 36 58 49 57 15 41 4 61 90 91 20 93 11 82 50 85 92 83 18 88 14 22 31 27 54 45 16 10 43 29 3 21 59 24 89 69 55 60 87 40 68 30 12 28 56 9 32 19 35 26 47 71 38 46 23 72 33 6 52 13 5 37 67 8 73 78 79 81 86 63 95 75 1 70 66 94 0 77 25 62 7 42 17 44 48 51 65 76 2 64 34 74 80
74 36 59 35 84 10 3 42 95 67 65 44 1 32 50 39 27 78 14 85 90 64 86 11 19 69 53 79 60 63 0 75 94 45 6 68 71 51 30 17 46 41 24 87 55 43 33 54 12 4 47 7 48 89 93 52 5 8 56 26 40 34 29 15 31 91 80 57 18 82 58 37 21 73 20 2 77 76 81 28 9 88 38 83 61 25 16 13 23 22 66 70 49 92 62 72
15 68 6 95 37 64 41 25 26 5 32 62 49 3 59 79 55 75 29 74 2 56 91 38 46 71 14 53 23 76 73 92 81 61 94 47 50 67 24 0 52 54 12 43 8 4 45 31 33 58 78 28 1 89 57 21 30 65 80 42 44 88 39 84 72 66 11 18 36 13 7 87 93 40 19 10 51 22 83 27 48 20 60 77 70 9 85 16 35 90 69 34 17 63 86 82
74 3 94 88 17 47 92 91 26 66 25 95 18 83 16 32 93 13 48 19 65 31 70 23 35 6 59 51 63 69 28 15 75 52 11 80 8 81 85 42 43 21 46 39 24 30 38 27 2 37 86 82 36 22 76 49 68 54 79 34 56 12 84 5 29 57 7 62 77 60 44 61 64 10 0 41 78 20 67 14 55 33 40 58 73 9 1 87 89 90 72 50 4 71 45 53
26 52 4 15 74 58 83 61 90 69 11 2 36 72 73 6 85 66 54 14 71 53 37 49 80 40 62 13 75 17 57 93 63 8 67 48 1 50 79 60 56 89 31 22 81 88 20 12 84 95 43 28 94 0 10 27 23 51 9 3 76 41 32 77 68 34 59 87 19 65 82 70 46 38 7 29 25 44 30 33 45 86 39 24 21 47 42 92 18 35 55 64 5 78 16 91
27 77 33 71 34 29 24 69 53 26 10 73 94 65 92 7 80 51 78 19 58 32 88 52 82 47 56 30 40 2 67 16 1 45 54 91 84 14 38 62 48 35 55 3 66 25 44 70 76 8 83 5 41 87 4 49 17 12 13 20 93 74 21 89 90 11 23 64 60 72 28 79 63 75 6 85 46 31 86 61 57 9 36 39 18 50 95 0 15 68 59 81 22 43 37 42
36 65 81 92 23 83 11 38 94 69 76 30 9 7 39 43 95 26 64 84 37 88 25 45 70 16 44 34 46 20 4 85 18 86 80 31 5 29 54 17 53 22 0 67 63 48 87 66 28 61 24 55 56 59 52 93 6 27 2 8 19 72 10 90 14 89 75 68 12 62 1 82 58 15 3 91 73 40 51 41 74 32 42 79 21 33 49 57 77 50 60 71 47 35 78 13
17 34 32 92 29 5 41 43 87 1 59 47 81 30 46 84 54 12 52 8 3 53 22 40 2 25 28 7 86 45 26 60 62 76 70 93 38 74 37 79 78 72 88 18 14 65 31 85 55 77 33 13 15 9 11 51 44 36 64 61 19 67 83 89 69 6 66 71 0 24 90 50 35 4 58 16 94 95 63 48 21 20 27 82 73 80 39 42 57 10 56 49 68 75 23 91
1 2 92 48 91 79 85 77 93 56 78 58 87 6 62 8 29 74 0 94 36 81 18 45 5 46 7 54 72 35 15 67 11 33 95 41 19 52 42 64 61 75 90 89 27 80 44 22 76 20 71 21 55 10 59 16 17 82 86 3 38 66 13 43 40 12 49 50 51 57 83 28 69 24 68 37 14 31 88 30 53 26 34 47 60 65 4 63 39 84 70 23 9 73 32 25
71 89 34 52 48 83 33 78 56 21 30 73 20 6 11 10 74 68 13 16 7 75 66 8 36 26 41 85 58 35 88 51 91 67 43 19 9 93 59 86 38 64 18 4 62 49 28 27 39 84 24 57 14 80 42 55 79 2 61 40 82 23 31 70 45 17 77 15 0 3 72 69 60 25 81 22 44 12 92 65 29 50 47 46 32 54 37 53 94 1 90 87 63 95 5 76
12 30 31 89 88 61 67 1 50 10 94 68 57 16 72 43 8 71 32 69 52 81 46 3 18 62 60 77 90 93 66 45 27 51 19 75 9 40 4 39 37 63 79 86 56 28 74 17 53 29 6 14 87 42 59 26 95 36 24 7 82 0 91 23 92 44 49 25 11 83 84 47 54 85 48 22 21 65 33 20 5 55 80 73 58 15 13 38 34 64 35 76 2 78 41 70
23 94 48 14 22 61 34 56 33 82 2 84 87 30 43 42 3 12 10 40 19 44 4 71 29 83 53 49 17 46 58 9 21 6 65 36 13 45 80 73 79 38 41 8 72 18 0 15 31 55 86 24 16 26 11 66 25 76 1 54 57 90 70 5 47 59 27 37 50 75 78 7 91 95 93 68 67 88 85 35 39 81 92 20 77 64 63 69 51 74 89 60 62 28 32 52
37 70 69 85 45 46 51 65 67 89 76 78 41 1 62 66 2 75 47 72 10 23 15 13 3 5 6 42 40 26 28 0 64 35 36 92 80 52 88 33 61 16 73 48 68 56 74 19 86 50 57 60 14 44 34 25 21 39 94 81 95 49 54 11 18 9 59 53 58 38 91 31 12 83 63 4 77 29 32 90 87 79 7 24 27 55 30 71 84 82 43 17 93 22 20 8
45 10 65 4 37 89 20 85 60 31 79 82 24 13 67 55 71 92 0 36 14 7 19 80 23 47 86 64 78 41 52 35 34 15 27 21 95 29 72 26 88 11 59 76 44 84 68 38 83 3 48 94 58 91 77 1 57 81 43 42 40 18 30 39 66 70 56 50 5 63 22 54 8 9 69 74 62 12 2 93 87 32 49 61 53 16 51 25 6 75 90 28 17 33 73 46
35 83 6 71 54 10 42 88 34 44 14 66 63 89 64 61 70 65 18 39 78 16 47 15 28 92 75 40 73 33 9 68 38 76 46 57 82 17 7 49 2 25 27 29 79 5 60 95 26 59 11 37 23 43 53 32 12 13 58 45 8 0 56 21 24 74 69 51 41 67 4 52 72 31 90 30 20 62 1 91 55 50 86 81 85 93 80 36 77 84 87 94 3 48 22 19
51 62 9 53 54 33 87 86 31 34 35 64 94 30 29 16 89 5 56 50 75 10 4 28 67 65 8 13 2 3 14 17 37 12 77 36 48 21 90 15 1 58 92 71 93 40 78 52 38 91 47 70 26 0 59 81 7 88 22 95 76 63 42 80 18 27 24 68 61 41 44 55 69 20 39 83 19 72 85 60 25 11 23 84 82 43 45 79 49 66 74 32 57 6 73 46
66 32 65 0 84 22 15 72 38 39 69 74 11 56 5 29 60 12 88 16 85 19 6 9 49 79 34 91 20 53 63 28 86 61 35 37 82 7 13 17 31 83 26 89 40 30 87 54 3 18 46 70 51 48 4 27 68 44 45 90 78 36 57 64 24 77 42 50 95 41 10 81 55 76 75 47 1 71 59 14 73 2 93 58 25 94 23 33 43 62 52 8 21 67 80 92
75 73 31 84 95 71 9 63 51 19 59 16 79 45 46 56 88 74 22 28 81 69 83 4 47 14 15 3 48 77 41 12 78 64 61 44 52 33 25 80 49 29 10 90 55 86 27 85 50 32 17 23 13 60 0 7 53 2 70 38 54 66 65 82 26 40 68 87 37 62 76 18 6 34 58 5 39 42 11 36 35 93 8 24 67 20 94 57 91 89 92 21 30 43 1 72
21 18 3 29 11 35 68 64 65 74 44 93 25 55 17 32 9 94 69 13 90 91 20 27 51 2 50 62 1 75 88 37 0 19 89 49 85 12 79 77 4 78 36 53 14 24 56 41 82 58 48 76 31 40 86 59 38 15 61 7 28 52 87 22 63 46 23 16 6 5 45 72 34 70 8 84 81 67 54 39 92 10 71 73 26 42 66 95 43 47 33 80 83 30 57 60
3 76 77 12 48 46 13 68 42 50 15 17 73 63 70 72 0 80 58 14 28 27 8 78 18 90 95 67 59 4 6 44 62 69 40 38 20 25 5 39 79 41 88 56 23 24 2 66 32 11 94 82 86 37 83 34 35 55 92 10 81 36 21 47 64 91 87 29 74 7 53 45 85 54 60 65 30 43 84 26 22 71 57 49 19 33 75 16 31 9 1 61 93 52 51 89
57 78 27 19 70 25 38 8 95 76 62 14 36 52 74 64 22 90 56 86 80 45 53 23 77 60 18 72 15 68 69 91 1 73 65 3 31 66 29 85 9 75 7 84 30 81 4 46 50 2 55 43 11 40 71 12 13 33 94 58 92 82 10 28 32 35 93 79 61 49 54 67 6 83 24 26 87 20 63 41 59 88 37 44 0 47 34 48 16 51 5 21 17 39 89 42
78 11 0 32 29 55 10 90 77 81 52 28 39 41 69 2 14 86 73 53 46 8 57 72 5 9 3 60 49 91 48 50 34 44 47 45 85 83 6 74 26 54 66 62 33 30 37 38 42 89 82 18 31 68 17 25 64 87 58 80 94 79 59 71 67 24 56 92 4 12 95 84 40 13 88 22 93 43 27 70 75 16 35 63 20 21 19 7 61 36 15 51 23 76 1 65
55 40 91 20 77 63 52 90 37 3 84 62 50 81 42 49 75 78 61 2 43 85 22 18 38 6 30 26 82 58 11 53 12 95 64 56 25 87 47 86 46 57 17 4 94 16 8 19 83 60 32 36 54 69 80 51 66 72 0 7 92 14 89 34 68 29 5 73 24 48 10 59 27 23 33 70 31 79 88 21 44 15 67 74 1 71 9 41 45 13 93 65 28 39 76 35
65 9 82 26 85 84 43 55 30 50 17 93 89 74 33 48 64 81 40 88 78 39 25 35 94 95 13 58 45 23 12 37 1 70 83 24 73 77 54 3 19 90 68 7 2 4 59 32 5 80 0 14 20 72 52 41 79 56 57 91 87 62 46 28 11 38 8 61 92 27 29 31 34 16 44 15 42 22 66 6 10 21 71 63 51 60 86 67 49 69 53 75 36 76 18 47
72 0 35 42 14 58 89 67 93 38 5 63 3 18 69 87 33 66 21 71 68 61 37 56 59 60 39 80 16 19 54 32 20 17 53 36 81 79 95 85 91 22 88 76 8 47 4 12 2 10 50 40 9 25 30 74 78 57 55 1 48 64 15 77 83 49 52 46 51 11 84 24 90 41 62 23 28 13 92 82 26 44 94 45 75 29 73 6 43 27 7 70 86 31 65 34
79 62 44 21 14 87 37 40 82 95 51 3 23 80 30 15 81 86 35 6 84 22 54 5 36 91 66 8 2 69 18 64 48 39 85 73 56 78 83 16 24 19 90 43 52 10 46 38 70 47 71 63 25 28 53 45 9 11 7 1 77 26 34 72 76 74 94 4 27 41 31 89 57 75 17 12 68 58 50 92 0 33 88 42 13 20 60 65 55 93 32 49 59 67 61 29
66 20 9 29 88 23 51 69 90 33 14 95 77 58 45 13 65 3 48 25 26 73 36 55 53 24 46 52 41 10 93 19 83 34 76 6 16 63 43 17 27 56 72 40 59 64 94 54 12 70 49 86 22 57 82 35 60 79 15 39 8 7 28 62 78 80 4 85 68 31 84 37 81 42 91 5 44 75 74 2 30 11 0 87 89 1 71 50 38 67 21 61 32 18 47 92
56 23 42 58 33 40 31 51 79 70 35 59 36 46 60 90 5 73 61 86 26 3 44 19 74 76 16 30 66 72 6 55 20 52 39 37 93 53 67 18 95 22 9 63 81 0 34 78 47 68 88 12 94 4 92 89 87 64 50 8 69 2 84 27 38 71 10 25 48 49 77 13 14 24 45 82 1 41 91 75 28 83 62 15 11 21 32 7 54 43 29 65 17 57 80 85
65 24 1 59 20 36 78 16 21 74 10 87 62 83 40 14 29 90 28 58 94 92 5 66 42 77 35 37 2 13 19 64 89 72 86 47 7 43 34 11 31 53 22 26 80 33 84 9 73 75 51 12 67 52 68 55 23 38 91 85 32 46 3 17 82 54 30 25 79 0 95 81 70 88 71 63 69 8 93 44 45 39 4 27 18 49 56 41 57 48 15 76 50 60 61 6
5 13 9 69 42 78 28 79 89 46 73 59 31 61 93 39 74 88 75 23 60 34 4 11 67 6 53 24 41 20 10 90 40 77 80 76 27 91 50 86 2 63 95 1 84 49 87 19 81 0 30 66 65 83 55 12 64 26 85 21 56 8 92 33 16 45 14 15 37 36 7 72 18 38 29 25 68 52 47 54 35 44 82 43 62 3 32 51 58 17 48 94 70 71 57 22
72 41 58 13 78 84 62 8 60 79 65 34 2 73 44 5 68 46 63 24 86 83 27 38 29 51 31 66 14 4 7 91 45 16 26 37 42 74 50 19 35 1 47 53 75 17 93 54 23 88 49 81 55 76 33 11 30 40 10 67 95 69 94 59 77 0 6 25 32 57 71 89 28 15 48 90 92 52 12 80 20 39 9 43 70 21 56 82 85 64 22 61 3 36 87 18
40 44 3 17 4 11 61 22 27 94 73 25 9 53 86 52 90 21 80 70 62 6 46 68 78 71 87 48 64 85 69 18 67 2 81 8 63 37 88 45 7 51 26 74 15 55 43 0 20 89 59 36 77 50 42 39 38 19 92 41 79 66 72 60 29 10 75 14 32 24 57 49 35 54 95 56 84 1 5 83 93 23 34 76 58 13 47 28 12 65 31 16 33 82 91 30
48 53 36 79 5 42 28 38 62 78 29 57 91 19 3 75 92 6 32 93 23 55 45 30 12 66 80 25 13 47 14 60 67 86 71 94 10 87 64 74 81 61 43 4 11 73 16 59 85 1 69 35 90 31 70 82 89 7 49 18 33 40 68 44 41 58 39 22 37 0 56 34 20 88 17 15 46 76 50 63 8 9 21 24 52 51 65 27 83 26 95 77 84 54 2 72
38 85 30 59 37 42 40 19 45 10 26 91 43 46 11 15 49 83 60 54 12 1 65 87 34 86 62 84 82 8 31 20 78 71 32 53 33 48 64 58 4 29 35 9 39 75 69 36 89 80 41 93 92 27 52 24 88 66 13 21 74 47 50 68 70 7 18 6 23 44 79 55 0 72 51 17 25 14 57 16 76 81 56 94 73 77 61 28 22 95 67 2 5 3 63 90
60 81 7 40 54 53 52 13 86 95 50 68 57 11 64 9 39 15 23 94 29 80 79 10 58 72 37 69 3 33 91 44 16 63 27 67 48 65 77 89 51 17 41 87 34 8 24 47 2 66 76 36 1 90 18 25 93 73 85 70 6 71 0 4 84 59 38 30 12 45 42 62 55 49 35 22 78 56 83 20 46 92 31 32 19 26 61 82 21 28 5 75 88 74 43 14
78 5 25 84 66 61 90 15 67 55 38 39 16 44 28 8 76 88 41 30 62 91 36 85 11 10 54 53 9 81 0 77 82 57 31 60 26 43 4 1 40 74 2 24 18 6 69 65 29 73 14 64 59 45 46 7 19 49 83 13 63 58 42 72 68 95 56 20 75 37 94 23 27 93 70 32 12 92 89 47 86 79 80 17 51 22 48 21 87 33 71 3 35 50 52 34
16 14 36 73 26 69 85 39 33 80 27 86 66 64 21 55 7 23 71 12 28 18 11 3 41 31 47 84 62 19 87 67 56 89 92 81 91 20 70 45 82 24 34 44 10 42 90 8 53 78 4 48 32 61 59 72 22 5 6 17 58 65 51 52 1 49 95 75 0 38 63 37 83 2 54 15 9 13 40 77 68 57 88 46 30 50 94 60 76 79 25 93 74 29 35 43
46 38 93 31 75 17 0 66 10 15 29 32 16 4 34 2 43 36 9 59 77 40 52 3 13 91 95 50 49 44 64 42 41 65 21 37 62 80 86 88 8 87 78 22 69 24 92 85 79 26 25 48 67 84 60 57 1 30 39 70 47 5 51 89 71 14 28 55 27 63 11 56 74 35 61 12 94 81 33 19 18 53 83 72 82 45 90 23 54 68 58 20 76 73 6 7
28 14 76 35 27 80 34 38 32 9 43 60 92 19 33 70 63 79 85 55 16 44 21 50 66 4 42 74 48 67 75 86 45 77 90 93 72 69 84 88 56 68 83 12 94 11 78 71 64 5 3 40 47 59 65 26 58 29 73 87 0 91 49 18 6 51 13 10 20 41 24 36 82 89 54 22 37 81 1 52 17 95 15 31 61 62 2 23 30 8 46 53 7 39 25 57
4 80 71 17 66 19 86 53 24 61 5 14 7 29 64 92 47 63 13 34 95 88 26 69 68 20 54 21 45 8 33 27 72 49 0 22 28 16 38 44 81 39 30 11 42 43 15 65 40 67 18 2 90 59 84 93 76 57 79 94 23 70 89 37 31 78 55 77 25 50 52 41 62 91 85 1 36 75 46 12 6 10 82 73 51 9 48 58 60 56 35 83 3 74 32 87
93 44 32 8 73 34 26 61 67 13 20 65 84 15 63 1 10 92 58 33 2 6 88 78 80 37 85 94 47 4 41 82 7 76 87 49 62 16 66 36 89 75 39 5 69 12 53 60 51 43 27 3 25 54 11 91 57 9 17 48 59 68 30 74 55 64 50 71 90 0 19 28 23 22 95 21 18 83 38 70 86 79 56 35 31 72 52 81 46 42 14 29 24 77 40 45
70 95 2 74 7 51 86 94 5 83 0 72 64 4 93 26 25 68 30 36 71 34 11 41 88 32 63 78 46 60 85 12 89 48 66 79 91 28 43 75 49 67 33 10 58 23 13 37 52 8 22 87 59 24 77 31 84 73 27 69 35 29 50 3 76 80 15 62 9 40 18 20 61 57 19 17 21 16 6 81 54 39 14 38 56 47 90 55 82 44 45 53 1 42 92 65
50 71 3 82 12 33 14 91 11 63 18 79 45 90 55 42 56 92 20 21 1 83 78 60 47 9 66 70 74 48 30 69 67 72 38 25 80 6 29 10 40 73 26 51 52 87 37 17 95 28 68 8 13 5 76 53 41 34 44 16 84 22 15 58 0 23 27 43 93 4 85 86 89 65 35 57 2 31 59 62 7 88 61 36 64 19 77 24 32 81 75 39 54 94 49 46
53 91 89 78 86 20 35 9 22 71 51 61 54 25 73 50 13 15 94 69 7 26 41 57 67 58 24 93 6 48 14 72 38 47 32 76 66 44 42 11 45 90 85 27 34 3 29 88 16 23 62 74 2 17 63 68 31 36 39 83 52 75 19 5 0 82 8 18 77 70 64 33 60 80 56 40 84 30 43 10 92 1 46 12 65 28 37 59 81 87 4 79 49 55 95 21
14 81 92 88 79 25 54 80 5 1 53 35 18 11 19 16 69 44 61 12 49 29 95 37 13 21 78 58 22 2 83 73 17 87 32 65 59 0 30 3 57 82 90 26 76 71 66 91 39 43 6 75 27 67 23 84 93 94 72 89 8 85 48 9 34 33 50 45 51 28 42 36 63 60 20 64 62 40 77 70 47 4 46 68 74 41 56 7 10 38 24 31 86 15 55 52
25 30 41 28 26 87 74 47 76 71 59 60 79 32 94 34 54 6 13 38 8 55 83 53 33 69 93 64 84 20 42 86 46 9 58 10 62 37 70 90 27 92 14 0 29 1 44 95 67 19 52 80 17 21 7 43 51 57 56 85 48 45 15 35 82 61 65 24 77 12 23 78 75 31 2 91 22 66 89 40 72 50 88 73 36 68 3 49 5 4 18 39 16 63 11 81
48 19 41 9 21 10 80 82 56 81 87 59 76 84 45 1 71 52 75 6 23 64 3 29 78 92 77 27 79 37 28 74 69 60 53 13 62 73 57 36 63 88 12 25 70 44 65 15 14 61 95 42 32 8 0 38 93 18 94 2 55 31 34 26 22 90 91 4 72 86 5 35 17 7 33 51 24 47 85 39 30 43 66 89 11 20 68 40 67 49 83 16 50 46 54 58
43 22 73 87 18 29 65 31 27 15 54 74 41 38 59 82 62 44 50 81 40 23 46 45 92 67 35 4 61 57 70 55 78 6 49 13 75 28 83 8 14 20 10 93 79 77 84 95 51 80 86 68 12 90 63 19 36 21 33 52 1 24 48 7 2 60 66 9 47 89 26 85 56 30 88 91 64 25 16 72 94 17 76 39 34 58 53 37 3 5 0 71 11 42 69 32
92 19 15 63 34 88 71 9 55 69 51 78 46 83 1 42 44 0 17 12 80 52 40 58 14 30 36 94 68 2 25 93 95 29 62 22 21 70 45 75 6 26 35 7 84 32 87 65 39 66 11 43 67 53 49 3 27 23 74 57 33 41 82 91 5 61 24 4 8 76 79 72 47 28 54 18 86 56 60 38 59 77 73 50 48 10 89 13 37 85 90 16 20 31 81 64
8 54 1 5 69 17 80 27 59 30 6 18 87 26 74 11 57 45 44 71 82 48 10 60 34 50 42 86 78 51 55 20 40 93 56 84 72 92 21 88 4 32 43 58 79 29 67 95 35 0 24 76 15 13 46 3 36 94 39 75 89 14 83 7 49 37 23 2 47 65 62 68 73 28 70 63 33 91 9 25 81 31 85 52 19 41 22 77 38 12 61 16 66 64 90 53
39 17 19 77 67 86 33 46 1 79 41 28 89 18 44 62 9 95 31 64 23 57 94 42 4 58 54 50 7 13 74 35 29 5 68 82 37 30 56 76 63 21 90 32 52 55 73 8 75 60 85 47 34 59 81 25 10 14 93 69 43 16 2 0 65 84 15 38 83 66 26 92 53 27 70 3 22 6 71 40 51 20 72 49 80 36 88 87 12 11 91 61 45 24 48 78
37 34 50 88 15 92 62 84 4 61 81 5 24 93 95 22 8 17 43 2 6 66 52 7 39 32 53 16 65 56 68 78 74 75 57 49 20 41 26 80 58 35 13 59 42 70 1 79 10 46 73 86 87 90 18 12 48 30 64 94 60 83 14 51 25 23 76 44 54 40 47 71 38 55 21 29 77 27 31 9 89 33 45 11 85 28 36 82 72 3 69 91 0 19 67 63
8 1 9 87 69 88 71 93 43 14 56 49 54 59 26 52 73 77 62 55 35 57 82 23 85 84 65 38 34 39 20 51 68 21 37 94 41 30 60 50 53 81 46 83 47 42 33 11 64 6 45 92 13 67 3 63 32 12 36 27 48 5 78 91 22 44 10 25 2 86 70 16 31 89 95 80 29 90 18 74 0 4 7 19 61 15 17 58 66 76 24 79 40 72 28 75
41 85 88 19 90 20 42 77 7 89 95 34 71 13 16 65 86 55 76 84 44 74 92 81 54 26 1 53 6 70 80 25 87 30 39 18 66 67 48 4 73 50 8 64 78 23 47 29 15 69 0 31 38 60 11 82 62 58 56 40 33 36 21 22 9 32 14 59 5 35 43 63 27 79 49 37 83 12 94 45 51 17 57 24 91 93 28 61 10 3 2 68 75 72 46 52
62 13 7 67 83 81 29 49 86 44 85 41 73 40 95 4 69 28 17 76 74 9 56 64 11 48 57 75 0 21 88 38 16 53 51 1 65 79 12 92 20 2 91 52 63 15 37 14 84 89 33 24 87 78 25 30 39 43 60 58 42 19 26 61 94 27 93 71 35 45 77 68 70 6 47 55 80 3 31 66 34 50 82 5 54 72 36 32 22 90 8 18 23 46 10 59
44 3 38 46 47 95 74 69 68 82 6 72 2 10 94 0 55 31 90 81 15 73 11 77 84 37 61 21 91 76 36 12 52 34 16 70 67 1 25 83 92 53 35 80 42 65 33 8 32 14 50 71 62 41 26 60 66 9 79 54 75 40 39 93 89 45 56 43 48 85 28 4 18 29 57 86 58 88 27 78 23 87 22 13 5 63 59 20 24 7 51 19 17 30 64 49
88 42 40 49 39 21 31 57 8 92 61 73 64 14 16 7 3 0 11 76 10 94 62 59 50 26 71 24 54 33 74 12 72 5 9 30 67 55 80 32 89 20 91 43 38 34 90 25 87 17 44 6 58 82 51 28 46 2 69 93 29 18 36 79 68 41 70 81 85 63 65 48 23 52 47 13 53 4 60 77 27 66 84 56 37 86 22 45 75 35 1 19 95 78 83 15
94 83 50 74 52 86 32 69 53 61 22 44 88 49 6 48 63 91 58 35 81 93 0 71 90 59 37 9 95 28 84 67 80 66 73 31 60 34 19 18 41 89 56 72 42 24 85 78 92 62 79 29 76 45 14 17 12 13 20 26 11 43 55 25 46 4 15 27 3 57 65 39 51 82 77 54 21 2 70 47 30 38 23 36 7 8 16 40 68 87 64 1 75 33 5 10
62 39 51 56 61 27 60 77 14 67 53 17 83 71 89 65 34 22 38 70 24 57 16 76 13 64 90 54 3 66 49 35 11 84 50 36 7 2 59 1 74 78 95 25 40 41 73 46 85 20 87 80 6 12 0 23 32 91 68 72 28 82 43 19 30 26 63 44 92 29 10 9 94 58 75 15 69 37 8 55 93 47 4 48 86 45 52 21 81 88 31 18 33 5 79 42
46 57 14 27 15 58 75 42 44 6 22 2 83 9 85 80 38 67 17 71 32 43 59 70 39 63 10 52 4 36 5 94 87 88 28 54 25 76 81 35 73 79 3 61 92 89 34 24 51 16 21 12 95 72 66 69 78 8 53 62 11 41 50 82 56 7 74 40 86 0 49 19 47 18 26 33 60 91 68 48 84 23 13 64 45 30 65 20 31 90 77 37 55 29 93 1
64 8 67 65 50 36 23 85 29 72 15 77 16 19 62 32 88 74 31 60 5 43 40 82 14 61 53 92 10 56 51 58 0 6 83 3 63 81 54 79 20 39 30 25 71 59 34 91 93 1 57 9 86 76 18 47 11 89 52 70 55 84 49 33 42 2 37 48 45 12 28 24 78 17 22 80 68 94 90 46 66 44 87 13 21 69 27 95 35 75 38 41 73 26 7 4
84 93 3 46 61 8 28 67 83 0 16 92 22 20 23 6 4 76 13 32 33 25 86 10 90 49 48 73 88 87 62 75 63 91 39 24 35 41 30 66 51 65 9 18 71 34 19 45 7 43 82 12 60 14 37 17 2 5 94 68 55 44 50 85 36 74 15 77 81 21 1 78 26 54 11 29 79 70 40 58 38 69 72 57 95 59 42 80 31 53 52 64 47 89 27 56
61 55 44 14 26 2 85 35 9 37 92 25 88 7 63 65 1 75 73 91 48 34 83 53 10 15 58 6 78 5 51 56 87 39 89 36 60 20 19 17 0 29 45 82 28 40 31 11 3 49 41 66 21 86 54 62 80 30 90 77 18 47 12 24 68 94 38 93 16 84 95 57 33 32 52 42 8 72 23 81 79 59 67 43 13 46 76 27 4 50 74 71 69 22 70 64
45 29 65 24 40 20 71 69 81 86 34 16 2 21 83 89 62 33 26 64 4 95 1 8 23 82 30 84 6 51 44 27 50 3 37 9 56 87 32 77 61 36 17 93 68 7 73 92 53 0 52 78 85 43 48 31 38 90 76 41 91 22 49 15 5 67 59 35 80 13 10 66 12 18 74 75 54 94 42 47 79 11 14 72 39 25 63 19 88 28 70 46 58 55 60 57
