88 34 39 31 0 53 63 12 95 79 4 58 37 27 69 45 65 5 56 84 74 66 2 52 36 43 30 49 44 15 19 67 73 32 11 61 77 17 50 13 57 82 20 78 23 93 40 62 6 71 24 70 22 64 85 3 33 10 87 21 35 1 55 7 72 75 54 92 94 60 28 46 80 68 89 48 41 18 8 38 83 81 76 90 26 16 29 47 86 14 51 59 91 25 42 9
86 18 9 54 66 0 28 88 64 3 75 30 1 80 81 43 29 89 15 58 36 41 35 67 59 71 92 57 84 85 76 16 79 38 34 22 12 23 49 40 83 44 69 11 32 60 93 17 63 10 31 65 82 4 2 87 74 8 37 55 50 53 78 5 62 68 91 26 33 56 45 90 21 19 42 14 94 39 52 27 61 25 70 77 6 47 73 72 95 51 48 24 7 46 13 20
77 38 33 79 85 29 30 50 61 1 39 51 52 65 35 6 64 23 11 69 22 18 44 15 62 21 40 76 87 31 93 80 3 0 9 24 49 20 27 34 88 2 55 47 45 94 81 95 48 12 13 71 10 89 66 8 90 42 37 4 67 54 59 43 91 83 14 53 57 78 26 7 68 92 28 75 73 63 72 41 86 56 82 60 70 84 17 74 16 46 32 58 36 25 19 5
76 74 83 35 27 51 32 15 70 7 44 94 54 31 60 0 33 42 63 26 87 77 3 24 56 85 28 75 14 30 11 53 65 52 23 43 72 36 89 73 68 67 92 71 62 69 66 93 91 22 49 4 25 39 5 86 90 10 47 17 29 8 6 80 95 64 37 57 12 78 46 20 19 13 58 1 55 38 48 84 16 34 41 61 9 59 79 50 18 2 45 88 21 81 82 40
31 44 11 34 10 6 28 52 30 49 82 54 4 35 56 13 87 32 33 2 37 9 68 3 25 61 46 94 47 89 7 80 55 92 77 51 84 12 66 23 21 26 17 53 71 38 78 70 83 65 69 72 15 86 48 81 27 58 50 74 93 43 39 42 29 22 75 40 73 76 60 5 64 36 8 59 91 0 45 24 14 63 16 1 90 85 57 67 41 79 18 95 19 20 88 62
31 13 79 52 34 93 50 28 65 40 48 46 57 84 89 10 54 75 81 42 86 41 68 49 24 55 5 33 85 9 95 2 1 8 92 72 20 39 67 18 35 19 77 21 88 76 32 94 44 69 25 59 15 23 22 61 26 60 70 27 83 16 66 63 78 58 29 74 90 37 91 45 30 62 7 11 73 14 36 3 80 82 56 51 6 17 71 53 0 12 43 38 64 87 47 4
8 68 59 30 1 90 37 83 58 84 40 28 48 64 76 69 16 10 33 72 38 7 42 86 47 66 49 0 27 79 9 21 50 55 45 75 25 71 12 92 20 41 11 18 22 2 81 31 13 94 53 34 3 57 52 82 46 70 56 39 35 29 5 89 36 24 44 6 74 54 61 77 4 60 14 17 19 93 23 85 87 51 62 78 32 91 43 67 95 26 88 63 15 65 73 80
23 88 95 79 34 92 69 67 89 3 26 80 54 71 5 90 30 94 50 75 21 66 8 39 64 65 0 55 73 47 18 46 25 58 4 9 53 14 35 85 44 51 61 17 16 13 11 86 56 77 27 40 59 49 12 22 93 38 2 72 20 32 42 76 87 63 7 83 74 45 91 70 1 33 81 31 82 78 62 19 29 24 57 37 36 43 6 48 15 60 68 52 84 28 10 41
92 68 25 21 45 41 78 63 73 23 3 70 34 19 86 6 33 40 62 65 31 30 28 5 56 75 0 47 48 9 87 12 94 83 8 44 90 74 91 20 42 36 13 51 54 27 95 39 32 16 60 50 22 79 72 93 29 58 10 59 77 55 7 11 46 84 26 82 14 85 1 49 24 17 88 64 43 35 76 2 69 80 89 57 38 18 4 15 53 71 67 37 52 61 66 81
62 44 95 94 22 40 2 34 4 87 78 17 31 71 0 23 50 69 85 48 1 89 5 75 6 49 53 20 45 43 29 28 13 8 9 74 39 54 63 64 38 51 91 36 37 3 46 47 14 90 58 80 55 77 21 88 81 57 42 59 56 79 41 82 52 93 70 15 84 67 86 83 7 92 68 25 60 11 24 66 12 19 18 61 65 27 72 30 33 76 73 35 26 16 32 10
25 29 4 50 94 43 84 53 0 56 12 64 70 88 61 48 75 30 58 33 31 49 87 91 81 69 73 8 67 76 39 89 3 57 24 40 85 65 38 51 17 74 68 86 10 66 82 63 36 5 90 59 7 45 44 72 92 62 83 14 2 23 46 79 35 19 93 52 26 47 9 55 95 11 42 60 80 34 1 41 54 22 77 32 18 71 28 15 78 16 37 13 20 21 27 6
23 69 87 37 88 7 32 47 9 20 46 14 36 39 15 73 75 30 4 64 12 13 59 10 44 41 71 49 27 5 38 82 72 51 54 66 3 68 35 40 67 28 95 77 26 85 34 48 33 92 11 6 84 2 31 24 50 76 90 93 58 94 83 91 19 60 0 81 25 45 55 70 56 78 18 89 80 21 52 65 74 42 29 57 8 22 79 61 43 63 17 86 53 1 62 16
48 35 82 68 69 14 88 63 33 83 31 1 51 49 9 93 3 24 22 27 58 46 45 67 65 80 39 4 28 66 12 85 78 74 73 76 89 72 62 44 77 92 40 32 0 54 34 50 20 10 84 26 47 55 71 91 25 15 38 18 2 56 13 6 95 8 59 43 52 61 70 37 42 94 79 64 23 30 7 16 87 86 53 41 36 29 21 5 19 90 81 57 11 75 17 60
71 56 75 70 42 1 38 85 87 32 88 50 59 22 68 81 52 20 41 78 72 16 67 55 4 66 84 48 64 12 9 51 18 8 53 57 79 2 17 61 83 13 47 63 45 60 3 65 27 14 36 10 30 90 21 19 58 11 15 28 0 95 40 80 24 46 34 74 92 44 69 39 93 86 54 33 31 37 29 76 49 25 94 77 89 43 62 23 73 35 6 26 91 82 7 5
77 16 31 61 86 46 15 56 62 87 30 52 25 50 59 66 37 5 91 38 92 80 84 1 11 60 69 40 82 6 47 32 79 94 68 41 35 64 53 22 8 10 3 48 70 19 67 72 63 58 49 76 78 2 75 65 14 83 26 29 9 27 13 24 28 74 88 71 33 51 44 4 36 43 0 42 55 39 21 54 85 93 23 73 81 95 20 90 12 89 57 45 34 18 7 17
64 40 56 30 47 79 16 26 36 95 8 18 53 32 22 6 41 7 2 57 85 58 55 87 88 19 71 29 84 59 12 68 65 44 13 11 31 89 86 91 81 93 27 15 38 33 69 61 77 94 78 66 21 83 70 37 76 1 54 62 90 52 10 20 63 23 25 67 34 50 92 72 5 39 75 9 45 49 3 4 46 82 35 17 28 43 51 80 48 0 14 74 73 42 60 24
50 35 29 88 64 2 28 25 19 42 91 60 71 70 78 26 21 40 45 31 46 8 61 37 67 77 10 34 20 11 90 44 63 53 32 39 85 5 23 17 89 36 59 0 3 54 87 80 73 62 6 48 30 9 49 22 86 51 47 75 66 79 18 16 57 27 58 7 76 65 55 69 95 68 83 33 74 41 15 38 12 81 14 94 93 84 92 52 4 56 43 72 13 1 24 82
6 74 1 30 66 51 3 89 32 5 2 62 80 35 39 14 19 78 40 10 7 28 79 4 46 22 44 27 37 82 60 13 71 0 25 56 41 72 54 17 16 88 45 63 33 23 15 20 90 81 47 67 76 58 52 93 36 64 49 9 42 38 12 18 94 91 77 8 53 31 29 50 11 75 65 21 73 61 57 26 68 34 70 87 84 95 85 43 48 59 92 83 24 55 69 86
67 55 56 17 28 37 5 16 92 47 24 70 65 23 21 75 10 12 84 30 71 13 58 14 31 91 69 61 2 48 41 66 4 57 11 45 80 74 90 32 81 8 95 73 77 59 76 46 9 79 3 51 18 33 44 64 36 49 1 29 22 53 20 89 93 94 54 83 25 38 82 39 19 52 42 34 86 60 50 15 0 87 35 88 26 6 27 68 85 72 78 62 40 63 43 7
49 86 56 60 79 10 13 93 67 11 65 58 40 80 48 72 76 47 95 27 68 69 42 63 44 32 34 61 78 87 62 70 6 94 92 53 19 74 64 81 17 73 26 8 2 50 46 7 22 16 85 15 59 5 39 0 54 41 35 90 25 33 24 84 83 36 14 3 88 71 77 30 57 12 45 82 1 38 51 20 55 31 29 75 43 9 21 37 52 18 91 23 66 4 28 89
14 21 58 86 75 77 13 6 69 68 46 60 28 53 38 88 70 85 79 32 92 50 3 62 80 33 26 83 67 78 56 19 10 47 44 36 59 30 12 64 23 66 91 57 29 0 63 31 8 76 84 5 27 61 94 82 95 43 4 39 7 35 49 90 15 25 87 48 18 20 24 55 40 72 11 22 52 71 16 37 17 34 89 42 74 54 9 73 45 93 65 1 2 51 81 41
79 80 4 11 66 49 59 82 41 57 68 31 53 2 16 50 84 36 5 33 58 88 92 51 89 77 25 34 19 13 21 32 48 47 26 55 17 69 64 23 81 52 18 73 78 14 42 8 67 35 24 45 43 90 75 87 38 94 70 65 28 86 85 29 56 83 91 0 27 6 95 20 71 44 39 15 63 62 37 93 76 22 61 46 30 12 9 7 72 10 40 1 54 3 60 74
64 27 40 68 12 9 47 65 94 49 50 28 87 70 13 5 73 81 88 77 79 89 8 78 24 45 25 2 62 92 55 31 19 82 60 37 48 58 95 72 53 17 83 75 91 63 74 34 59 23 38 7 4 0 76 56 41 54 6 36 30 51 90 85 14 22 66 11 26 10 15 80 20 69 33 39 16 35 1 43 18 57 61 44 93 67 32 3 71 52 21 42 46 29 86 84
67 76 89 84 26 94 22 46 1 61 53 5 12 34 81 11 14 4 95 38 50 24 68 74 49 9 41 29 19 72 18 90 10 59 60 15 62 65 57 7 54 28 80 91 82 58 63 27 71 39 52 2 21 73 77 56 83 35 48 88 37 64 43 17 66 69 3 87 40 75 85 51 55 33 70 23 36 20 92 13 16 47 44 0 25 86 42 78 93 8 6 79 32 31 30 45
1 54 62 35 2 52 88 95 8 6 58 17 87 55 74 71 39 49 82 44 72 11 84 65 18 89 20 83 38 43 25 56 66 42 31 75 51 33 61 67 10 32 5 85 37 26 9 40 57 13 24 48 94 27 3 28 50 59 78 77 12 81 21 68 63 15 90 92 69 4 23 80 70 0 73 53 93 14 7 29 47 45 86 41 46 16 79 36 60 34 76 64 30 19 22 91
16 44 69 25 27 10 64 19 54 7 95 77 78 92 6 72 47 65 63 80 49 93 34 39 71 70 73 68 38 75 15 76 62 90 86 42 94 8 79 12 4 30 67 14 9 56 1 13 31 87 20 37 89 29 81 57 66 45 60 41 51 43 11 0 58 26 5 35 46 91 59 32 61 82 88 2 53 50 23 52 84 24 17 55 83 22 74 28 33 48 85 3 21 18 36 40
9 75 16 18 89 69 80 88 33 71 12 27 92 50 86 32 53 6 5 58 54 46 36 2 83 15 21 57 44 91 39 1 40 65 42 68 49 61 76 4 20 94 37 28 66 45 11 7 14 93 56 0 84 59 38 64 79 41 26 13 22 43 25 47 52 60 35 62 3 48 78 10 23 29 81 30 87 55 19 77 67 70 8 51 85 90 82 31 34 24 74 17 63 72 95 73
79 39 76 11 80 5 68 45 55 8 7 44 78 18 82 27 94 38 42 72 21 17 85 0 88 24 90 29 9 52 71 47 92 13 74 73 70 43 1 36 54 64 12 37 14 15 33 77 16 84 28 60 53 63 61 91 65 51 46 66 3 93 50 41 69 32 75 30 25 34 10 57 95 67 19 62 49 48 87 56 83 89 20 23 22 2 86 40 26 81 59 31 35 4 58 6
49 19 61 8 52 26 30 47 25 2 16 73 70 71 4 32 75 80 87 78 72 24 39 86 50 6 94 82 15 20 56 92 63 81 53 79 7 10 18 13 93 23 48 77 17 59 89 43 22 44 83 9 12 84 62 5 60 67 74 90 51 57 36 69 65 21 37 54 95 88 27 45 0 29 46 68 1 64 58 55 35 14 33 76 11 40 91 34 66 31 28 41 38 3 42 85
64 82 11 35 60 17 15 93 13 36 58 90 71 0 78 2 9 39 3 88 7 6 95 59 72 54 77 31 67 42 40 48 76 10 27 14 30 24 8 23 1 44 38 25 45 65 37 80 70 63 5 33 61 75 34 66 20 46 79 51 18 62 55 91 26 92 28 69 85 32 4 50 43 49 81 52 21 41 84 53 83 12 89 19 29 87 86 94 73 68 16 57 47 22 74 56
30 45 26 58 60 22 12 95 72 19 18 33 31 0 69 63 21 38 92 9 89 71 1 62 4 13 25 91 81 8 43 27 51 66 67 7 29 85 82 6 59 56 48 52 32 70 55 3 78 80 57 35 17 53 39 47 68 42 24 94 54 5 36 37 15 2 49 83 16 11 76 50 86 79 23 90 75 28 40 46 93 20 65 87 14 88 61 74 77 73 64 10 44 41 84 34
81 46 77 85 60 94 39 5 40 19 33 16 63 37 47 41 32 93 1 36 71 83 84 7 4 22 70 86 68 54 78 52 43 24 72 49 23 79 59 67 56 6 29 34 9 38 58 11 21 95 17 44 69 73 30 31 48 8 50 76 64 35 61 82 20 27 80 14 3 65 74 57 45 88 13 12 18 66 89 10 53 25 26 62 87 91 2 92 0 55 90 15 51 42 75 28
37 61 89 5 73 57 84 66 4 15 43 63 62 54 60 94 53 33 14 38 9 46 71 6 49 64 3 10 83 95 48 92 8 7 81 90 65 51 19 68 78 13 24 26 20 28 36 67 21 25 0 40 32 86 82 58 2 91 39 45 59 11 77 35 44 52 79 22 12 56 93 76 30 50 69 1 70 31 55 18 87 34 23 80 29 42 16 88 75 85 17 41 72 27 74 47
94 0 49 2 45 51 5 65 88 78 74 71 41 25 34 72 27 62 95 53 39 84 85 82 73 92 64 87 37 6 86 46 1 54 28 40 35 30 22 79 66 7 31 50 93 33 32 69 76 16 42 24 56 70 77 67 3 48 11 57 4 43 15 47 91 80 23 8 17 75 36 44 21 58 13 19 81 90 63 68 20 59 12 83 14 89 29 52 9 61 18 10 55 60 38 26
55 12 78 76 65 54 33 40 35 72 79 49 15 42 14 9 27 19 11 41 59 0 82 92 88 74 28 67 68 51 1 75 53 84 17 46 94 71 45 6 66 20 44 32 62 69 83 52 56 90 16 36 85 8 2 60 58 81 7 93 39 18 70 30 5 13 48 43 89 63 50 23 25 29 10 38 61 95 91 24 21 37 77 47 64 4 22 26 3 87 31 57 86 34 73 80
33 76 31 20 46 11 16 59 83 93 81 95 69 21 61 6 47 88 56 74 43 84 72 78 0 85 27 13 36 32 70 15 40 35 18 55 86 82 2 42 90 4 62 49 3 75 10 34 64 89 24 58 68 60 51 9 26 71 14 17 77 65 22 37 44 45 30 38 19 57 29 63 25 94 1 8 91 79 52 48 80 73 87 23 7 5 53 50 92 41 39 54 66 67 28 12
89 7 31 10 1 59 8 77 21 2 41 29 58 61 13 74 38 68 54 37 48 0 76 64 84 18 14 42 44 20 19 24 53 62 6 88 87 81 85 95 23 78 50 27 51 73 40 47 70 49 46 25 67 79 35 43 75 45 3 17 52 5 66 83 80 63 69 22 65 72 57 28 39 55 32 34 4 91 71 33 56 36 82 9 94 11 12 60 86 93 16 90 92 30 15 26
49 20 10 30 35 51 56 45 9 39 53 0 54 73 33 87 25 64 61 66 81 12 80 28 85 52 58 95 48 92 84 31 14 63 4 23 38 62 89 15 7 78 13 74 94 24 40 83 44 17 76 22 86 16 6 75 46 57 32 88 36 37 34 21 67 18 69 72 2 26 59 93 43 47 11 90 42 60 3 68 82 55 79 77 1 41 19 71 65 50 5 29 8 70 27 91
22 62 43 44 86 48 47 57 64 82 20 61 88 63 31 73 93 60 8 92 94 1 66 24 17 5 0 15 74 7 89 68 34 14 18 45 72 51 16 49 27 75 38 76 83 79 80 32 23 2 77 26 28 40 13 46 91 19 81 39 36 84 6 37 70 71 9 3 25 54 35 69 12 41 42 4 52 58 87 29 59 10 67 50 85 95 56 78 53 30 11 65 21 33 90 55
75 10 9 92 40 44 63 61 31 34 81 27 39 22 19 65 33 45 43 94 48 60 25 0 4 91 7 18 86 38 80 90 20 79 59 78 37 57 56 21 12 5 50 53 51 67 23 83 88 30 54 58 72 29 8 17 69 73 41 68 62 74 89 82 16 55 1 26 85 3 32 13 77 47 49 64 70 84 14 46 2 71 66 93 76 11 95 36 6 52 42 15 35 24 87 28
84 47 21 76 87 56 77 33 1 48 57 18 75 42 12 68 38 63 83 32 45 43 13 31 91 66 24 54 82 53 64 0 95 51 49 39 6 19 8 11 37 55 44 62 69 65 4 35 90 89 85 20 88 73 93 70 40 41 46 86 71 17 15 26 92 34 58 36 28 61 79 60 27 52 5 29 7 30 14 80 3 22 9 2 25 23 81 94 59 10 78 72 74 50 67 16
12 33 9 8 66 26 53 71 2 69 72 48 90 86 62 83 28 60 27 87 16 11 78 3 35 59 24 6 31 19 74 7 43 5 1 68 4 88 93 17 61 10 84 56 34 81 29 80 63 54 95 0 15 58 18 77 57 20 55 47 36 45 44 41 64 67 76 32 25 49 70 40 37 30 85 50 42 46 22 21 82 23 92 89 91 94 13 14 73 51 65 38 39 52 79 75
20 55 57 75 49 92 82 71 81 38 4 60 64 53 67 1 44 46 78 84 63 66 19 45 29 39 91 0 86 3 14 70 16 89 31 24 36 69 76 88 30 28 43 23 7 52 80 41 34 42 2 33 5 85 65 10 93 27 11 79 50 94 40 54 95 8 90 77 62 6 18 68 32 72 61 12 83 47 15 17 51 26 35 56 73 22 59 25 58 87 21 48 9 37 13 74
53 87 74 50 30 27 13 68 15 21 22 26 84 85 34 40 93 83 56 28 1 63 9 57 37 80 60 20 48 49 6 91 61 25 90 5 17 31 8 42 14 33 79 94 2 29 81 52 38 7 46 35 12 32 41 59 19 78 69 75 44 66 16 0 62 11 72 3 45 58 55 65 71 67 82 47 18 23 51 73 43 77 4 64 24 92 36 39 76 89 86 54 95 10 70 88
29 17 6 1 94 14 12 54 30 13 20 19 31 85 0 2 41 86 37 43 63 77 67 60 73 95 92 28 69 74 65 52 35 36 90 4 47 78 40 51 88 34 16 62 45 72 79 55 24 53 50 70 48 21 38 83 57 39 81 89 80 68 49 82 58 93 5 9 32 44 56 61 25 87 26 66 15 8 7 23 64 84 46 59 22 75 71 18 10 42 33 11 27 91 76 3
67 28 36 2 35 64 83 60 73 56 55 65 18 4 59 66 87 68 50 31 41 77 54 81 45 48 46 21 71 0 79 7 32 12 91 44 14 23 95 63 89 72 94 62 27 34 19 76 6 82 26 52 53 70 75 17 9 1 42 10 58 8 22 3 40 86 49 61 37 90 84 24 93 43 33 92 30 78 5 57 29 51 15 11 74 13 16 85 25 38 39 69 88 47 80 20
86 28 46 72 60 54 90 84 43 25 11 26 31 65 23 82 17 92 87 29 67 61 5 22 93 19 7 37 74 44 39 18 16 91 77 34 83 58 69 85 47 0 2 68 6 75 42 3 59 32 8 40 48 52 66 51 73 14 70 56 9 27 63 12 78 41 88 80 15 13 62 79 1 21 89 64 30 10 20 76 4 95 33 24 53 57 55 36 94 81 38 71 50 49 45 35
61 15 80 33 68 18 49 42 20 93 46 91 22 4 14 62 21 76 1 84 50 9 26 34 41 25 3 45 17 44 63 71 19 70 13 66 35 53 57 65 16 72 24 85 82 95 58 23 92 8 47 54 60 29 79 56 11 94 89 77 64 55 30 12 28 81 59 73 52 86 10 75 51 39 40 5 67 78 88 7 36 43 83 69 48 74 0 32 2 27 37 31 87 6 38 90
14 33 10 18 54 43 20 36 11 45 73 86 0 94 41 22 48 58 7 76 46 5 95 29 89 88 1 91 53 40 35 25 50 67 66 21 81 52 28 17 47 87 77 85 78 64 93 63 24 31 62 71 84 79 42 9 49 12 55 23 27 59 68 74 30 34 3 82 65 60 90 13 15 92 51 75 2 19 26 8 70 56 72 16 69 83 38 80 4 57 39 37 61 44 32 6
81 41 92 5 42 28 87 69 55 1 30 40 71 3 83 50 74 52 10 57 84 8 17 56 29 63 78 59 90 2 34 73 89 11 95 38 37 62 94 6 12 91 77 35 93 70 20 79 51 53 65 16 15 14 27 60 23 88 0 46 18 85 61 75 32 44 26 82 67 9 22 13 58 48 72 19 66 64 7 31 43 68 49 80 36 76 24 45 39 4 21 25 86 33 54 47
10 73 35 71 2 83 3 38 69 37 80 86 28 25 5 49 0 24 29 9 72 67 84 33 68 27 6 31 1 60 50 91 20 45 58 88 63 30 85 79 95 94 40 4 7 59 42 62 93 39 41 36 34 12 74 23 70 57 19 89 15 21 22 82 81 16 17 90 51 76 46 44 55 54 56 77 52 61 78 53 32 64 43 48 18 13 87 66 14 8 11 26 92 47 65 75
23 15 73 5 81 1 16 92 89 2 83 56 21 82 70 61 4 68 53 12 50 69 32 58 84 20 78 90 66 40 71 52 49 13 62 28 42 19 11 31 0 7 39 34 8 65 72 44 22 3 67 36 25 10 35 76 51 33 47 54 6 55 86 63 93 74 24 48 77 88 80 38 59 41 85 57 29 27 26 95 46 17 64 60 94 9 43 75 79 14 45 30 18 37 87 91
66 9 75 65 46 6 92 56 4 52 14 34 44 5 77 57 1 31 3 61 81 90 82 42 15 80 8 72 83 37 49 30 79 11 62 76 18 33 40 28 95 16 51 36 54 71 29 86 58 38 39 84 63 59 22 85 93 13 7 70 60 41 89 0 20 23 74 35 87 94 21 25 24 50 10 47 91 17 64 2 26 48 45 67 88 43 69 68 32 27 19 78 53 73 12 55
15 5 39 22 91 26 78 6 34 40 24 32 84 69 42 74 88 49 36 14 43 11 68 23 16 64 94 71 81 80 21 13 51 41 72 75 30 77 12 27 93 25 3 95 63 73 9 2 0 33 47 59 44 19 60 37 18 61 38 58 85 92 55 86 79 48 83 62 29 1 52 57 45 76 54 66 46 67 7 50 4 10 35 53 20 31 89 28 8 56 90 17 65 70 87 82
78 12 20 4 26 51 86 7 61 87 19 47 63 6 43 76 54 44 25 17 58 57 46 64 77 48 56 92 74 10 45 83 2 38 21 28 75 1 3 8 79 70 52 30 85 36 81 41 60 59 33 53 15 0 72 35 50 68 89 73 93 16 91 62 71 37 88 34 13 84 24 22 90 95 49 14 39 40 82 5 23 67 11 32 94 18 69 31 9 55 27 42 80 66 29 65
79 71 14 34 28 41 27 92 80 5 40 70 15 7 25 20 29 53 94 12 66 1 67 84 60 55 88 50 82 62 17 52 89 2 35 32 51 78 6 8 56 85 18 49 58 39 45 47 4 3 59 81 30 75 21 68 54 10 44 87 23 19 95 31 74 72 38 22 16 13 43 73 65 57 26 69 93 83 76 0 33 61 36 90 77 37 64 42 11 63 9 24 91 46 86 48
52 60 76 26 66 4 80 0 88 65 95 79 25 43 17 94 22 46 74 37 11 62 84 14 51 70 41 32 23 89 6 1 85 38 42 2 31 40 19 90 7 91 15 56 49 24 87 48 12 30 55 3 68 21 27 9 34 81 83 61 73 92 72 29 93 33 71 59 64 5 77 58 10 35 8 57 28 20 75 47 44 18 13 50 86 45 82 16 63 53 54 39 69 36 67 78
55 30 8 32 82 46 69 68 92 70 60 22 79 50 18 54 57 0 76 61 84 40 31 29 11 27 6 9 45 33 38 21 5 56 44 10 39 53 4 12 16 43 65 71 17 37 86 19 58 62 23 90 59 20 95 42 77 73 52 24 74 85 36 63 13 26 49 51 75 64 2 81 94 34 7 66 1 80 87 67 15 47 48 88 83 25 72 14 89 35 28 41 91 93 78 3
46 15 91 57 16 59 12 73 55 30 61 7 29 25 24 13 58 50 74 2 4 65 87 78 0 43 81 66 75 14 80 5 22 45 51 11 6 84 90 85 60 1 23 89 21 52 53 32 92 3 10 27 39 33 20 63 28 37 8 26 49 36 72 68 83 77 62 82 17 56 54 40 19 67 31 86 44 76 94 9 48 79 93 70 35 88 71 69 34 42 38 95 64 18 47 41
88 65 90 57 39 29 46 24 44 95 43 73 22 17 14 52 48 79 42 5 64 10 60 50 75 35 18 62 40 84 89 31 6 12 38 77 19 23 87 92 93 13 71 74 34 58 82 70 47 85 83 59 80 41 36 21 25 61 28 9 32 63 33 0 37 81 30 94 54 1 53 2 7 55 16 56 26 67 27 51 45 20 78 8 4 11 69 68 91 76 3 15 66 49 72 86
78 54 28 52 56 88 70 50 94 51 12 30 2 75 14 11 58 74 25 48 21 87 59 86 9 95 19 6 26 69 16 65 62 27 77 76 24 4 23 37 40 32 49 45 20 1 71 73 35 41 47 84 67 46 13 61 63 18 92 33 83 81 10 38 29 90 60 44 64 15 79 43 93 82 39 34 7 66 5 55 72 42 31 80 85 36 3 57 53 0 8 91 89 17 22 68
73 11 61 37 79 52 43 21 27 51 50 1 42 60 82 32 44 81 34 17 54 48 85 62 5 47 18 41 16 3 91 35 8 20 0 24 70 55 65 12 40 93 25 45 58 4 13 30 19 67 2 74 94 14 68 92 78 77 76 6 89 39 15 83 66 84 10 23 29 90 87 38 64 86 46 36 56 33 7 53 9 69 31 28 26 75 57 71 59 63 88 72 49 22 80 95
12 71 48 49 22 21 24 75 63 31 66 82 17 47 77 36 25 14 79 95 62 93 19 74 83 89 72 15 45 73 43 57 39 51 30 20 46 78 67 65 81 8 58 1 94 2 7 42 34 52 35 9 56 88 86 41 84 4 23 60 40 32 87 54 70 28 37 44 0 85 55 91 13 38 61 29 6 50 10 5 90 33 68 64 69 80 27 11 18 3 92 53 59 16 76 26
25 77 31 61 63 22 69 40 32 47 86 87 95 14 80 24 92 50 8 55 66 81 0 1 36 41 28 42 46 35 20 79 4 6 65 7 58 23 19 43 83 94 3 89 38 51 27 44 85 37 13 12 18 88 84 11 82 76 68 64 49 72 39 73 9 26 60 17 10 67 5 90 78 33 2 52 16 91 30 54 45 70 62 57 74 29 34 59 48 21 93 56 75 71 15 53
21 62 42 12 65 18 35 55 92 44 87 66 84 61 77 54 93 59 88 41 37 74 29 63 6 34 10 13 81 43 75 50 45 85 72 22 68 3 95 49 24 58 0 48 52 15 67 31 76 30 7 17 47 39 78 25 90 28 19 27 38 64 86 57 14 91 20 82 23 51 71 40 56 8 1 36 46 80 60 4 5 70 94 69 79 33 73 26 32 11 53 83 89 2 9 16
18 71 65 21 1 16 64 23 88 52 73 77 76 87 2 15 0 86 57 91 46 36 70 60 33 13 38 50 74 79 59 12 56 72 32 42 81 90 48 61 25 37 75 89 8 10 92 66 44 29 5 40 11 30 17 82 39 27 31 67 28 55 34 93 9 85 6 51 58 7 78 35 53 20 94 41 80 22 45 3 84 54 14 47 49 43 24 63 68 83 95 19 4 26 69 62
76 36 31 38 78 84 80 32 79 24 60 49 93 27 53 68 83 3 74 63 75 2 9 22 59 43 48 72 65 26 41 58 7 40 64 30 62 5 44 20 28 81 92 85 4 88 73 86 50 66 56 95 14 16 52 82 67 69 10 47 42 17 37 0 51 12 94 13 1 21 90 29 57 55 61 15 19 35 39 71 25 8 87 46 54 11 70 91 89 45 77 18 23 34 33 6
61 5 22 87 2 1 0 33 82 26 34 70 9 71 77 52 74 13 18 16 76 55 46 32 38 17 81 43 28 24 58 48 45 80 86 89 30 56 90 21 41 62 51 27 42 39 4 54 94 95 10 50 69 20 65 53 49 40 72 57 15 68 85 64 66 7 8 12 93 83 29 92 73 44 84 60 79 78 3 19 25 23 47 6 88 35 59 67 11 63 36 14 31 91 37 75
73 91 59 82 49 4 19 18 62 12 79 47 54 84 13 53 66 56 48 58 85 36 83 75 43 14 86 27 29 2 46 17 15 6 26 35 25 40 60 69 41 45 33 89 68 31 8 55 57 10 32 42 77 23 76 1 67 3 90 81 20 22 11 0 24 39 21 94 28 63 71 34 30 74 70 52 64 80 50 61 7 95 78 9 51 37 92 38 72 16 88 44 65 5 93 87
73 48 49 4 90 82 53 92 21 5 80 40 55 78 57 74 72 77 65 14 28 41 45 8 95 43 81 19 23 75 17 83 35 13 84 7 66 64 58 37 10 67 52 12 2 30 62 51 16 6 33 61 70 54 85 11 26 69 1 87 38 29 20 60 34 27 93 71 0 91 22 86 94 79 42 76 24 89 32 44 88 36 68 63 18 50 39 9 31 59 3 47 56 46 15 25
7 61 35 34 57 56 67 77 93 79 31 19 80 1 50 40 10 48 43 87 32 25 72 33 84 3 11 42 15 49 86 45 88 2 52 20 64 9 38 58 51 14 65 81 47 59 23 89 0 91 53 13 29 54 76 28 6 68 17 12 90 21 62 5 69 30 66 85 22 26 71 83 8 37 95 55 27 39 78 63 36 41 73 70 4 75 18 16 60 74 46 44 92 94 82 24
15 41 23 40 12 14 94 71 92 66 57 79 9 20 47 68 8 39 65 7 43 78 6 70 83 93 26 37 31 89 11 91 3 32 13 63 24 19 58 64 2 75 56 27 21 76 86 0 25 36 33 29 30 10 53 54 59 74 28 51 81 38 95 84 1 52 72 69 48 62 45 67 88 50 34 4 80 16 18 55 22 77 17 85 61 82 87 42 49 44 5 60 73 35 90 46
78 4 68 70 12 41 43 87 31 40 20 76 94 50 3 34 56 24 63 44 7 47 38 62 17 37 35 6 73 90 89 61 16 58 42 49 33 75 77 64 21 93 36 30 26 72 19 52 57 80 22 59 53 85 92 66 46 81 10 18 71 5 91 95 9 84 39 55 69 74 28 65 86 23 29 1 60 11 32 45 13 79 51 27 67 2 15 8 54 83 25 0 48 82 88 14
90 70 11 86 16 71 72 75 55 56 27 33 91 38 94 7 68 17 80 64 13 47 93 51 42 20 76 26 35 67 43 92 85 34 83 84 4 8 21 57 53 65 44 0 22 24 25 9 62 81 66 1 61 37 63 52 19 28 69 18 41 15 10 14 82 59 49 87 60 3 54 30 48 29 89 5 73 95 2 77 6 39 74 79 58 23 31 32 36 50 88 78 40 12 45 46
30 6 37 22 3 18 1 39 50 8 28 92 74 20 90 83 29 70 17 15 25 62 57 67 5 84 23 55 87 32 52 53 27 75 2 51 73 66 36 35 43 89 81 85 94 46 58 64 38 79 14 40 42 11 78 45 16 59 80 47 65 41 93 7 60 54 12 26 33 31 49 91 95 10 71 13 61 88 68 48 69 34 44 4 77 24 82 86 63 72 56 21 9 0 19 76
16 9 12 5 23 69 86 59 57 45 87 42 31 55 17 8 67 33 32 27 56 72 74 39 91 58 77 18 20 60 35 26 14 47 81 34 4 46 73 71 48 88 24 3 95 53 66 19 6 68 62 41 2 64 15 54 83 21 80 84 79 93 10 89 0 85 1 25 75 76 40 11 82 36 30 92 44 38 94 29 7 52 61 90 78 28 49 50 37 43 63 51 70 13 65 22
82 51 84 41 68 55 25 6 57 77 40 31 62 16 79 74 3 26 19 90 94 4 43 23 49 85 45 13 80 28 60 30 95 0 73 93 83 53 38 59 36 27 46 39 33 12 58 15 32 7 44 47 52 34 5 87 69 88 9 8 1 17 75 81 37 22 70 65 66 48 21 29 91 24 63 72 86 67 78 71 10 56 18 76 92 61 35 11 89 64 42 20 14 50 54 2
6 2 30 37 74 41 87 32 64 63 31 27 42 36 16 65 9 8 43 33 38 15 49 88 79 55 72 48 80 62 89 23 77 66 78 57 35 14 44 81 67 34 28 22 13 73 85 86 11 3 60 21 56 5 69 91 7 82 59 24 68 46 61 84 20 19 25 12 1 58 0 76 10 51 18 26 47 39 29 94 90 40 75 52 71 95 70 4 93 50 45 54 17 92 53 83
9 53 10 82 44 39 16 17 29 6 91 56 67 92 49 59 38 45 51 74 46 71 18 62 14 33 79 88 21 40 86 60 69 50 3 2 90 75 55 12 57 70 8 47 78 72 37 1 66 68 48 34 35 23 54 52 22 32 84 76 81 85 77 36 42 5 43 63 25 87 89 73 41 80 0 30 64 20 94 24 4 58 15 11 28 31 61 65 7 83 19 95 27 13 26 93
49 74 13 23 55 56 91 46 32 43 17 33 16 89 83 11 41 94 54 81 86 82 69 61 36 79 47 84 48 42 19 93 50 85 34 37 52 7 35 45 68 72 21 2 75 1 15 38 57 31 64 70 59 5 8 53 71 18 80 9 67 29 12 4 77 0 87 95 10 14 44 24 30 22 3 76 28 73 40 6 39 60 78 25 51 26 65 92 20 66 58 62 90 27 63 88
2 84 15 22 44 57 48 72 77 16 69 68 61 8 54 29 87 1 46 74 83 85 32 26 28 89 40 82 94 17 56 64 0 62 20 33 76 95 39 92 45 23 12 80 78 34 81 49 13 75 5 7 21 86 71 52 38 31 91 58 66 42 63 55 18 10 35 6 4 60 50 27 24 36 70 25 53 41 88 47 51 9 79 3 43 30 67 93 90 37 73 59 65 11 19 14
26 72 62 21 88 34 57 48 7 92 17 4 38 75 8 10 31 59 22 18 49 60 40 35 89 5 32 13 36 44 25 77 73 46 50 51 63 71 70 87 93 39 52 15 74 24 82 0 27 29 79 85 28 54 12 20 69 1 66 23 91 58 84 95 55 45 47 3 56 37 11 64 9 33 61 86 81 94 14 43 65 80 76 6 68 41 2 53 83 30 90 67 42 19 78 16
70 65 90 41 7 4 8 63 11 32 66 16 84 75 6 77 44 26 1 83 22 85 37 80 73 27 91 60 24 10 5 56 19 62 40 55 46 64 49 42 57 52 93 36 71 82 78 14 9 69 38 81 89 94 72 12 45 3 34 29 18 21 51 68 31 50 47 88 33 15 13 74 86 20 59 30 76 54 67 95 25 79 23 43 87 2 92 53 39 48 58 61 17 0 28 35
39 54 61 50 46 73 32 41 59 67 51 27 21 23 13 12 3 78 31 84 83 26 53 25 15 93 64 37 70 49 66 33 35 55 20 80 30 0 63 82 75 19 57 17 69 9 71 58 74 16 52 86 42 28 11 34 2 8 56 81 60 22 91 45 95 68 85 18 6 72 14 29 92 89 5 88 90 7 47 48 38 62 77 10 36 65 94 87 79 76 43 4 1 24 40 44
49 95 72 81 9 6 12 22 85 94 51 4 14 63 19 31 66 83 20 48 87 2 71 70 38 61 46 67 60 39 45 0 11 78 16 77 86 50 28 24 64 3 55 65 74 80 59 27 84 54 91 34 13 75 42 52 57 93 56 1 58 26 41 8 17 76 47 25 29 5 33 37 23 53 89 40 7 79 35 43 73 18 30 88 69 68 10 92 21 36 44 82 15 32 62 90
75 37 41 77 6 61 85 17 24 46 19 78 52 45 34 68 88 63 62 21 9 0 42 94 60 58 35 48 33 39 4 70 31 32 8 95 7 30 26 86 25 27 82 16 29 92 67 64 83 93 57 65 36 3 43 76 28 90 81 22 11 23 89 15 84 91 55 72 56 79 13 71 14 50 20 51 80 74 40 69 73 53 87 38 49 47 66 59 10 54 44 18 1 5 2 12
37 32 6 56 84 86 76 38 61 9 1 64 33 63 91 90 3 0 42 55 20 18 31 5 40 66 4 48 78 60 58 44 67 80 59 51 11 75 69 15 57 89 27 83 34 70 82 21 74 39 95 49 19 13 87 77 36 24 68 29 88 43 73 85 47 41 53 54 16 52 35 25 7 65 50 92 17 14 12 46 94 81 30 71 2 45 23 22 79 28 93 62 26 72 8 10
44 73 52 26 70 34 51 32 7 50 18 58 21 1 83 43 27 72 85 94 42 91 38 76 63 88 23 33 5 13 67 16 37 87 22 48 4 61 49 36 86 10 0 66 54 11 17 9 2 6 47 84 57 28 31 92 46 68 19 30 75 95 45 35 55 8 12 78 53 65 29 77 59 15 56 24 40 82 90 79 64 3 71 74 62 93 89 81 69 41 39 60 80 14 25 20
16 20 28 46 89 39 43 5 68 72 35 21 58 48 27 24 30 7 29 38 87 84 69 62 32 83 14 11 61 4 86 15 85 66 63 82 93 8 41 81 65 31 67 49 51 37 91 17 57 34 54 55 73 70 52 71 90 36 1 94 56 78 12 76 47 0 19 59 13 75 60 79 80 33 2 92 22 6 64 95 9 74 3 88 10 42 53 44 50 77 25 40 26 23 18 45
92 52 33 41 26 18 31 94 32 53 64 93 56 48 11 80 76 78 21 30 73 63 59 77 46 8 35 85 15 91 3 4 24 58 82 16 66 36 89 51 29 83 81 50 20 6 61 44 22 60 0 40 17 49 25 71 88 37 54 55 27 65 86 13 2 70 5 68 23 57 45 42 69 9 14 34 79 75 95 28 7 12 43 72 19 1 10 47 90 62 39 74 87 67 38 84
77 2 29 63 34 58 65 24 66 42 68 25 80 11 17 43 60 59 10 30 78 74 51 82 14 3 72 73 48 79 47 84 88 20 0 21 89 56 70 38 94 16 26 8 55 37 83 53 33 86 67 32 62 91 22 87 15 23 28 4 92 39 85 52 61 44 19 7 31 1 45 95 36 57 64 12 81 69 35 54 9 27 71 40 76 5 90 93 41 75 18 13 49 50 46 6
59 23 41 70 5 8 43 69 45 48 11 72 79 56 50 32 39 46 13 16 26 12 93 73 61 91 25 83 78 51 31 92 27 64 7 47 54 58 38 60 36 74 29 37 82 57 85 3 42 76 89 81 6 71 49 15 20 22 17 18 95 94 52 88 10 65 24 62 1 19 77 67 35 75 40 30 55 2 28 33 14 9 86 34 63 53 21 68 90 44 4 84 0 87 66 80
92 1 60 4 9 44 65 5 62 74 14 25 17 61 13 89 3 59 84 27 23 79 32 26 7 64 40 29 66 45 95 93 54 6 70 82 35 30 24 87 43 49 52 22 91 15 77 57 53 20 12 86 88 78 8 83 72 41 18 71 39 36 50 37 81 38 90 85 75 94 42 2 33 31 55 76 11 21 48 80 51 10 58 56 63 16 28 69 0 68 67 73 34 46 19 47
14 69 61 4 74 47 91 38 56 49 33 51 11 34 41 50 44 43 52 77 53 64 59 88 20 1 5 75 60 7 29 28 70 79 16 12 3 95 54 89 32 71 9 92 6 57 31 48 24 21 17 84 66 76 90 62 87 67 39 68 36 94 78 40 8 73 93 19 25 35 46 82 80 58 2 83 27 72 13 30 55 81 37 15 0 85 22 18 10 42 63 65 23 26 45 86
85 65 13 75 1 10 48 83 54 76 66 3 18 24 9 79 72 70 73 91 35 14 46 55 22 8 19 64 47 86 50 5 90 15 17 78 61 20 68 94 40 12 23 38 11 33 6 43 39 69 74 92 56 49 4 82 93 26 0 59 53 51 95 84 52 80 30 25 44 60 7 16 57 37 28 36 45 27 67 77 34 41 88 21 58 31 62 42 2 71 32 29 63 81 87 89
38 71 94 4 77 82 32 92 72 89 90 11 34 1 31 73 65 5 17 40 12 39 51 29 86 59 69 7 63 54 8 3 10 78 2 35 83 74 91 84 46 55 37 20 36 22 47 75 27 58 21 28 24 95 87 79 19 66 9 33 68 18 13 15 48 57 42 23 43 56 64 85 16 62 52 0 26 60 53 14 80 81 44 70 25 76 93 88 50 30 6 61 45 41 67 49
83 23 21 90 35 37 75 79 92 34 88 25 30 7 50 41 85 29 17 12 47 52 73 57 14 6 74 43 10 65 95 49 64 54 68 8 91 33 5 44 16 0 4 20 81 56 76 24 40 63 84 60 78 94 67 22 70 39 59 87 27 80 46 51 61 11 26 93 82 55 18 19 72 36 3 89 69 77 48 15 86 71 13 2 53 66 62 58 1 31 42 45 9 28 32 38
53 81 90 9 32 57 91 3 16 26 50 23 92 27 30 5 93 14 34 12 87 36 19 55 31 62 24 95 45 49 47 43 20 38 65 51 72 1 56 8 18 11 59 4 28 60 68 7 71 15 10 83 35 29 82 88 64 17 67 69 41 73 77 74 94 84 80 85 6 37 66 2 22 76 58 21 0 70 40 46 79 33 13 86 44 39 52 25 54 48 75 89 42 63 61 78
53 29 34 8 56 78 13 58 49 89 0 86 83 64 42 52 91 70 37 16 71 21 38 95 73 90 31 79 51 12 9 88 65 14 19 22 77 66 80 61 44 23 72 62 26 17 57 4 39 40 45 93 46 32 63 20 47 18 67 41 87 75 68 55 74 11 84 33 85 35 76 6 2 28 24 81 15 3 60 59 43 54 30 7 92 94 1 10 36 25 5 27 69 82 48 50
37 26 90 36 85 67 44 27 7 8 63 29 86 28 43 66 34 70 9 12 18 46 82 80 50 35 45 1 93 71 32 13 65 69 68 74 64 52 5 57 76 72 78 16 14 11 33 38 10 89 88 84 77 31 21 53 54 81 40 3 6 73 59 47 94 58 2 30 19 55 49 75 4 92 95 0 48 24 61 42 22 51 83 39 17 15 41 79 20 87 62 23 91 60 25 56
15 29 59 71 94 40 51 76 42 75 8 49 92 65 68 19 61 36 79 48 50 83 45 11 12 78 88 90 72 21 27 47 80 91 93 39 62 63 89 41 16 95 55 25 4 28 46 74 17 52 60 26 30 34 33 64 86 57 31 0 81 84 37 43 70 3 85 7 35 5 20 38 23 32 18 10 44 58 54 82 87 14 69 1 24 67 2 56 13 73 9 66 77 53 6 22
56 43 45 63 25 53 76 28 41 68 86 2 15 18 32 90 62 10 65 77 42 61 75 7 54 81 58 4 60 44 51 14 3 13 30 38 23 88 52 70 55 40 57 31 46 93 21 1 8 69 87 29 6 94 22 83 5 66 59 82 34 37 16 74 89 95 33 12 48 24 73 85 79 92 91 49 67 47 11 17 35 50 27 39 0 26 78 72 36 80 71 19 9 64 20 84
39 51 65 71 6 70 46 45 11 91 0 82 21 56 69 41 14 12 79 15 44 19 64 5 81 36 48 84 90 31 18 33 89 47 92 77 67 62 74 49 30 35 63 73 93 32 8 58 27 55 95 52 40 20 54 60 57 75 38 1 17 59 28 25 88 22 9 2 37 76 42 29 86 43 23 16 78 26 13 4 66 50 53 80 3 87 24 94 72 68 10 83 7 34 85 61
3 0 35 15 91 16 12 23 20 25 19 93 34 76 8 51 77 31 92 26 80 72 6 74 64 36 78 56 44 82 43 57 38 10 2 58 75 21 49 90 60 95 68 13 52 73 17 7 55 69 88 27 62 45 94 46 79 86 37 87 14 83 66 48 65 39 89 71 59 47 53 50 5 40 1 81 33 32 4 9 24 18 85 61 54 42 29 30 70 63 67 84 11 41 22 28
56 35 32 2 12 19 34 11 43 13 44 64 20 5 10 86 95 85 30 39 18 75 61 84 50 74 70 83 80 62 37 6 73 3 79 14 33 29 89 51 40 68 81 59 25 58 48 9 57 22 17 24 7 0 4 38 27 28 92 90 78 45 31 8 60 91 93 1 72 77 23 71 65 69 63 82 16 94 42 54 53 47 76 15 36 21 26 49 41 52 88 55 46 67 87 66
57 7 68 14 27 13 28 44 95 86 84 50 31 25 93 53 77 42 21 75 64 6 63 46 62 20 87 39 36 49 11 37 35 8 83 3 69 16 91 58 34 23 81 26 12 80 41 32 2 65 9 17 5 79 90 55 51 85 29 38 1 76 40 19 47 66 54 33 52 24 88 22 30 78 94 89 48 61 15 82 0 56 72 92 73 70 4 43 45 71 18 67 74 10 59 60
85 25 27 58 67 50 5 11 19 36 1 91 34 35 79 80 72 46 90 18 37 62 87 70 44 0 33 9 20 54 82 65 48 41 32 78 24 22 57 3 73 59 84 52 71 51 6 55 17 89 2 45 66 86 53 16 60 26 29 49 39 7 61 8 83 12 69 63 15 56 28 76 13 43 23 74 31 95 77 93 30 40 4 14 21 81 94 10 68 88 75 92 64 42 38 47
13 76 10 52 53 80 82 22 27 49 33 85 40 17 9 63 34 68 23 78 42 8 2 60 73 18 58 90 50 54 62 56 37 91 4 30 28 65 83 29 67 11 3 16 61 5 21 15 25 89 72 1 93 75 45 92 19 70 0 95 14 38 69 59 79 81 31 43 24 32 51 44 71 66 74 57 35 84 6 86 46 94 64 87 26 12 39 77 7 20 47 41 36 55 88 48
18 2 13 9 5 1 88 46 21 83 37 90 53 34 4 25 29 51 80 11 92 47 84 35 50 17 31 26 30 72 62 66 67 52 6 39 58 22 61 89 56 65 41 8 27 68 19 36 14 73 82 77 16 76 45 69 55 12 60 54 43 86 78 85 91 15 49 75 40 81 93 48 3 24 28 0 20 44 57 95 38 7 74 32 42 63 79 59 10 71 94 70 23 64 33 87
30 56 29 95 24 87 5 45 22 4 76 69 79 6 19 44 68 38 11 17 82 88 84 81 50 48 16 33 3 35 74 94 52 41 70 9 60 12 37 34 85 43 13 65 57 23 80 51 89 83 40 59 36 15 90 77 62 78 27 73 64 39 28 25 75 93 0 72 7 42 49 26 55 8 67 86 91 1 46 58 71 18 54 20 92 53 32 47 14 63 2 10 66 31 61 21
35 52 41 4 8 63 11 13 18 64 87 61 14 3 75 76 20 26 79 62 90 66 73 10 31 58 83 24 29 39 27 9 28 47 32 56 33 40 15 91 1 50 37 30 51 48 70 23 78 49 72 69 5 22 55 12 80 2 95 25 89 43 92 81 60 57 54 17 34 84 65 0 16 46 94 71 42 44 59 86 68 6 77 74 38 21 67 53 7 93 19 82 88 85 36 45
4 41 86 24 56 55 70 1 40 65 84 95 30 76 75 12 15 80 69 47 26 11 91 9 7 62 67 88 60 10 17 83 78 54 42 46 32 44 23 68 89 58 90 37 28 77 64 79 20 94 63 51 8 73 43 52 48 93 50 71 59 92 35 22 74 2 36 16 18 5 19 31 25 14 21 49 66 13 61 72 85 27 38 45 87 34 81 0 53 82 6 39 29 57 3 33
86 41 70 4 66 95 28 30 47 33 12 67 8 36 85 60 54 65 24 40 27 73 23 80 18 79 37 31 75 39 64 20 21 51 7 93 9 76 82 50 61 13 46 34 10 52 1 88 58 29 78 45 42 55 89 32 53 2 77 14 48 94 0 38 81 63 49 5 44 68 15 83 26 19 16 87 71 72 22 84 91 25 35 3 90 74 92 56 69 43 17 11 57 62 59 6
29 25 91 90 95 53 71 0 36 73 22 68 44 5 30 51 37 19 62 57 69 16 17 43 7 94 28 24 55 85 2 74 9 40 49 1 12 82 83 31 87 10 11 76 32 39 89 3 86 45 79 48 67 20 54 56 14 61 59 4 52 81 88 8 23 63 46 58 15 78 47 72 66 38 26 92 65 77 33 27 80 6 21 60 64 42 18 35 84 41 70 50 34 93 13 75
5 80 8 65 69 86 62 22 25 63 0 33 77 70 12 76 74 1 35 68 52 81 87 23 40 3 50 26 57 90 6 84 61 89 92 53 42 67 36 60 73 7 88 28 55 39 78 15 17 71 13 72 94 91 19 29 49 18 10 37 27 30 2 4 43 54 59 83 46 58 51 45 20 34 56 75 95 85 32 64 82 31 44 14 93 11 21 48 24 41 16 79 38 47 66 9
75 26 10 36 80 60 19 39 53 28 62 69 61 58 92 27 76 89 51 20 63 82 91 93 6 9 0 55 45 48 94 65 1 25 73 17 52 43 59 85 13 35 24 67 31 54 21 34 88 79 15 72 44 77 74 47 87 64 29 5 38 50 84 83 16 4 81 8 46 56 42 70 71 68 95 30 37 33 22 7 18 41 86 57 11 66 49 2 32 78 23 90 3 40 12 14
24 35 67 34 85 11 83 37 81 9 33 63 6 75 57 7 72 14 12 90 71 86 31 68 58 41 15 66 43 51 52 69 25 53 0 50 95 62 18 13 47 40 54 91 73 32 21 80 20 29 4 2 64 48 42 55 5 39 79 3 45 38 88 56 1 19 87 94 93 92 82 60 36 46 77 65 10 49 61 17 76 23 59 26 84 8 70 27 78 74 89 22 30 44 28 16
33 53 64 8 32 70 34 44 40 21 55 59 88 81 77 43 28 23 86 17 52 3 92 35 94 69 75 87 84 41 38 6 45 27 65 30 5 48 72 63 9 71 51 90 39 82 24 47 18 7 74 68 78 0 29 61 2 50 15 1 57 4 25 13 62 80 79 49 67 31 95 73 58 10 36 20 83 16 85 26 93 76 46 60 89 14 54 12 56 22 19 11 66 42 37 91
77 69 75 60 66 33 68 37 92 8 80 64 0 41 81 29 88 25 34 74 73 2 48 95 47 72 6 39 61 71 40 35 86 3 15 65 59 53 24 9 13 19 70 82 20 30 7 36 12 45 85 89 11 84 54 38 78 1 31 27 67 56 87 22 18 17 55 32 16 46 42 26 51 44 91 14 57 50 90 43 79 4 83 76 93 52 63 62 21 49 5 23 94 10 58 28
76 89 47 9 60 58 68 18 1 8 40 15 86 31 38 24 75 66 5 20 73 78 7 10 63 28 93 70 88 52 16 51 19 36 22 72 13 56 37 95 81 53 21 65 3 94 84 80 50 43 54 12 6 11 92 30 85 34 82 77 90 55 26 57 87 83 25 39 91 27 23 46 59 0 44 45 48 71 61 14 4 33 35 32 64 69 17 2 67 62 42 74 29 41 49 79
51 75 25 48 66 16 17 28 30 68 72 20 59 4 70 39 10 93 54 37 65 12 14 92 55 91 69 60 11 46 3 56 53 58 38 73 19 78 47 83 9 40 62 44 13 94 77 76 85 79 8 33 45 81 2 90 49 31 88 63 21 89 86 35 1 27 24 29 18 0 32 7 71 22 23 34 95 36 5 50 43 64 80 74 6 52 42 82 84 41 87 26 57 15 61 67
19 3 90 69 37 73 12 39 18 29 84 48 26 91 80 25 24 68 54 1 86 59 61 17 78 94 76 7 49 82 60 62 77 95 10 16 41 44 36 50 56 32 28 35 83 33 6 89 63 30 15 13 2 72 88 70 8 40 21 11 42 31 53 51 57 65 66 67 27 85 58 38 52 0 74 87 55 47 22 43 34 71 46 23 9 4 45 81 64 5 79 93 14 20 92 75
7 21 35 45 85 50 28 34 95 55 41 19 91 26 40 73 22 75 74 33 88 60 65 70 38 2 51 86 27 83 57 20 59 1 76 25 79 58 13 54 32 93 87 43 5 94 71 39 9 92 61 18 78 29 81 15 6 31 8 24 37 17 12 77 64 52 11 10 66 67 30 49 80 68 44 46 53 82 72 23 63 16 36 4 3 47 42 89 62 48 0 14 84 90 56 69
43 15 85 2 49 8 24 79 39 78 25 16 7 19 28 45 87 23 83 82 12 91 11 92 86 95 35 6 63 13 31 32 44 40 62 71 26 0 29 52 64 14 34 61 41 20 73 5 18 22 37 90 3 88 10 48 75 74 1 33 54 93 56 30 65 4 80 89 94 57 67 53 72 50 76 51 38 66 70 17 27 36 9 84 60 47 69 81 58 77 46 68 59 42 21 55
54 84 13 50 55 17 48 5 10 59 6 64 90 57 70 32 23 82 51 35 43 68 86 77 14 73 47 80 61 79 46 31 36 41 27 63 11 60 91 20 2 26 24 19 72 40 69 88 71 39 21 45 3 30 87 7 1 67 28 4 33 95 52 93 38 89 9 12 94 44 25 92 15 22 85 78 74 66 81 16 56 83 8 18 37 53 0 65 75 76 29 42 34 58 62 49
23 79 17 24 62 88 26 31 5 70 47 76 52 36 93 14 0 74 29 82 86 89 63 57 69 20 73 87 4 83 43 60 45 25 64 35 44 92 59 65 22 66 77 2 30 68 80 72 32 38 85 94 8 28 34 49 46 48 1 10 19 90 11 42 56 33 95 13 50 91 51 41 81 53 15 84 71 7 18 75 58 3 67 54 61 6 55 12 78 37 27 40 21 9 39 16
83 90 12 63 53 72 58 64 30 40 59 50 74 47 70 49 85 39 1 3 65 2 34 57 73 76 48 81 21 14 35 32 66 38 87 20 51 31 89 46 24 29 56 79 23 43 10 11 37 77 93 52 16 36 55 26 19 25 91 33 92 9 69 7 71 80 84 75 28 95 17 41 27 5 22 86 18 60 4 13 62 82 68 0 61 6 45 44 54 42 8 94 78 88 15 67
63 56 10 20 13 11 14 51 75 88 37 30 73 12 9 2 86 48 43 32 90 71 57 94 22 47 95 26 6 72 58 67 17 87 82 1 84 27 21 29 38 79 55 41 35 70 61 33 76 28 0 85 91 16 25 18 31 69 53 50 89 44 60 65 80 45 42 59 78 64 81 19 15 68 49 36 34 3 66 40 92 62 52 77 5 4 23 83 54 8 74 39 93 46 7 24
32 15 76 3 1 0 35 51 38 34 67 92 66 57 46 74 86 49 53 39 11 23 5 61 85 44 78 14 68 64 17 6 69 18 71 82 25 72 62 37 42 70 81 30 95 54 13 41 47 21 26 80 59 91 16 45 24 50 60 65 22 12 31 29 55 9 43 94 56 19 83 10 84 20 33 77 87 73 93 52 7 79 89 58 4 48 27 75 90 88 2 8 40 63 28 36
61 3 80 25 87 20 88 34 64 17 91 13 84 57 70 92 37 1 24 55 0 28 7 95 26 90 77 78 49 52 81 54 67 89 22 38 71 40 50 94 51 2 73 5 82 12 62 31 30 43 18 66 4 69 56 72 9 47 42 15 11 53 27 65 21 58 8 79 60 75 36 93 86 85 48 32 41 44 39 19 33 76 10 16 6 68 63 46 35 23 59 29 74 45 83 14
53 82 92 6 22 9 60 74 57 41 65 4 43 54 95 58 42 59 7 19 52 33 24 87 14 44 5 84 18 66 64 10 16 25 70 38 28 30 68 8 36 73 39 90 91 80 48 17 21 45 77 47 62 50 51 88 11 78 86 56 12 94 37 79 71 63 26 89 29 34 83 0 81 72 49 67 69 3 35 32 46 23 75 76 20 61 85 1 15 13 55 31 40 93 27 2
4 36 35 17 59 41 64 65 80 15 95 79 10 42 16 94 21 51 0 58 67 28 46 20 45 33 43 76 44 70 63 93 47 13 32 34 75 50 82 83 40 27 8 60 3 68 18 90 88 19 12 24 56 81 5 57 89 2 66 49 74 86 71 72 22 31 23 91 48 55 52 61 54 7 14 6 11 30 78 85 92 9 73 84 26 37 87 1 29 39 25 53 62 77 69 38
80 32 60 40 2 58 50 12 49 43 91 14 59 66 39 46 4 51 0 16 87 81 64 89 8 85 27 53 6 72 28 21 68 88 1 84 13 70 76 11 61 74 77 22 29 52 34 36 45 30 92 37 7 23 3 57 86 33 20 31 62 41 24 82 79 90 25 63 44 38 26 95 67 15 73 48 35 10 18 42 83 56 5 78 47 69 75 71 65 94 54 93 19 9 55 17
53 84 60 58 77 20 29 57 11 8 71 47 83 74 34 30 37 90 73 51 22 5 31 78 10 19 44 62 25 82 64 92 27 12 13 18 79 48 76 4 46 81 72 93 33 42 50 6 21 17 67 15 95 38 87 16 41 88 45 0 7 14 35 63 85 54 70 28 3 91 52 40 80 61 32 43 75 23 39 59 66 49 94 36 69 9 24 1 68 89 2 56 55 26 86 65
15 5 84 74 64 57 63 90 82 94 88 45 54 48 26 6 9 10 50 32 56 46 51 35 80 36 72 93 0 1 91 77 34 14 25 87 27 73 33 47 12 40 13 19 37 79 62 28 58 11 75 85 49 24 7 39 69 52 16 89 67 31 20 70 83 53 22 60 3 71 65 44 4 30 55 21 76 8 2 95 92 18 81 43 59 17 66 41 61 42 78 23 29 38 86 68
2 7 5 95 43 44 39 84 73 33 71 8 90 80 0 77 65 89 56 6 62 60 48 76 57 41 27 15 92 40 26 88 81 51 46 87 61 35 72 52 74 59 91 21 64 68 1 66 69 29 36 45 86 58 17 55 30 34 42 32 79 12 28 14 85 82 10 75 54 47 20 53 31 9 24 22 63 78 19 93 13 50 83 18 94 37 16 25 3 11 49 4 23 38 67 70
68 77 4 40 70 81 31 8 41 0 9 28 55 10 63 12 64 18 59 51 7 35 24 62 15 5 22 83 76 48 16 92 50 57 26 44 29 42 56 58 60 2 71 82 14 85 46 86 88 37 87 47 72 39 6 25 33 27 36 30 91 21 75 66 17 1 65 34 80 49 20 13 94 43 84 79 73 69 95 38 78 89 74 11 67 61 90 45 32 54 52 19 3 53 23 93
42 1 6 64 49 67 30 88 56 63 47 93 94 73 86 92 90 23 89 35 87 10 75 40 18 37 24 77 60 57 52 13 48 9 62 81 21 5 83 41 3 95 38 33 27 15 34 39 17 45 12 72 74 14 91 0 79 69 53 2 8 28 61 16 43 68 76 20 54 50 65 4 85 80 59 82 31 32 26 36 66 55 46 7 51 71 19 58 25 84 22 29 78 44 70 11
14 27 22 16 12 50 10 43 29 76 32 53 46 82 69 41 8 75 78 6 38 72 24 56 48 26 94 63 68 54 60 1 58 17 15 73 7 47 67 87 28 37 19 9 85 77 30 35 92 89 91 70 57 66 4 36 84 33 93 23 21 5 79 20 49 61 81 31 64 65 44 90 52 86 34 55 95 18 74 71 51 0 40 80 39 13 62 45 3 59 11 83 42 25 88 2
27 65 7 76 35 33 52 24 77 5 70 41 6 89 19 16 0 17 81 87 94 56 12 4 43 9 69 57 38 37 63 21 84 28 32 10 22 30 67 95 80 71 93 39 23 51 85 34 61 60 13 55 68 47 91 78 82 53 1 45 54 86 88 49 72 48 3 64 14 92 75 2 20 46 59 73 8 50 40 66 74 42 25 31 83 26 44 15 11 36 79 18 62 29 90 58
39 35 64 10 50 33 84 53 12 13 66 26 78 67 70 2 85 74 80 49 94 9 54 34 57 24 73 23 27 32 82 87 69 14 65 1 44 75 41 52 88 15 25 7 76 8 30 42 18 90 3 68 77 89 6 5 38 51 58 11 60 21 36 62 17 20 79 59 72 83 37 61 46 86 71 55 63 0 45 4 95 43 47 93 40 22 31 28 29 19 16 92 48 81 56 91
36 9 24 91 32 23 13 79 59 72 28 90 45 52 18 64 88 41 58 46 68 35 4 8 12 73 26 61 40 42 17 71 66 54 62 2 78 81 92 20 30 55 7 57 77 65 11 51 5 89 21 95 33 15 76 83 34 86 49 6 31 3 74 69 19 43 94 75 29 84 50 44 1 87 10 48 27 93 38 53 37 70 63 0 22 85 82 47 56 67 39 80 25 60 16 14
47 72 34 20 65 46 16 58 70 60 15 8 62 92 93 86 56 28 54 49 21 4 76 39 90 44 18 17 53 78 94 24 82 31 64 2 88 33 85 59 10 6 61 55 5 73 63 40 38 52 89 69 43 80 95 13 36 71 0 11 84 29 66 79 57 26 12 75 30 1 51 77 87 48 81 74 45 91 7 9 23 67 68 32 41 35 27 14 22 83 37 19 3 50 42 25
81 23 9 21 47 40 32 3 28 8 73 88 34 66 77 6 59 93 19 42 71 65 10 72 5 37 69 49 67 7 16 56 74 95 94 36 38 76 30 60 15 45 52 17 0 14 62 25 64 61 55 50 1 80 78 68 70 48 44 46 91 87 83 33 27 75 54 90 89 58 35 29 2 39 4 11 84 26 31 79 86 12 92 22 24 51 82 57 63 18 20 85 53 41 13 43
19 74 90 22 28 89 86 63 1 33 50 10 93 92 94 18 75 68 4 57 58 42 23 39 52 95 87 79 53 12 7 17 64 13 65 77 46 40 20 66 80 16 71 6 38 73 36 41 45 0 30 25 31 14 44 72 83 2 48 84 91 61 37 70 11 24 27 78 69 55 88 47 76 3 29 85 59 54 60 51 35 32 67 62 56 9 8 5 15 82 81 21 43 26 34 49
72 62 65 83 90 31 74 92 10 94 77 53 29 69 39 48 46 68 22 34 1 2 37 38 8 61 27 57 33 76 66 50 7 55 14 82 89 84 86 85 0 47 18 51 24 15 28 75 3 44 87 95 56 9 79 43 67 59 25 64 36 71 30 42 13 20 52 26 41 58 6 16 54 80 78 93 88 21 91 63 5 45 11 35 70 4 73 17 40 19 49 32 81 60 23 12
61 18 92 41 23 21 71 29 13 50 83 53 67 33 40 39 44 47 27 48 82 81 88 8 79 91 9 95 36 38 28 56 16 26 68 42 77 59 60 84 12 37 57 20 1 11 6 80 2 89 72 52 45 74 10 87 22 70 55 66 93 30 4 64 69 3 5 85 43 62 35 31 46 76 51 58 32 63 0 17 73 14 54 34 78 86 49 24 94 25 19 15 90 65 75 7
29 14 45 25 9 40 64 26 34 53 74 89 30 41 23 44 78 88 22 57 51 20 37 16 54 82 1 77 85 24 83 28 92 6 13 69 4 33 7 95 86 73 61 8 62 50 35 21 56 71 12 79 49 59 3 38 65 47 32 70 55 39 17 58 0 87 68 67 93 91 48 18 94 80 11 10 31 43 90 72 81 52 5 2 42 66 36 46 60 63 75 19 84 15 76 27
42 35 56 48 11 23 4 22 92 12 3 0 71 83 40 37 18 77 86 36 90 70 21 95 44 62 27 46 49 57 72 9 16 5 38 33 14 60 80 66 65 15 58 55 7 94 75 67 85 30 26 78 50 59 31 6 10 24 53 2 68 81 52 87 84 89 45 29 47 74 25 82 54 64 43 69 28 20 19 73 39 17 76 79 32 34 91 1 8 13 51 93 41 63 61 88
80 44 59 88 5 54 89 19 8 77 37 73 87 90 48 45 51 79 29 17 40 36 27 64 86 20 53 60 25 39 78 72 93 38 26 33 2 49 21 94 6 0 4 70 35 43 34 16 22 95 9 62 71 85 24 7 92 82 3 47 32 67 52 91 76 68 56 10 83 11 13 81 41 30 65 42 75 12 61 1 58 69 15 84 66 46 55 63 57 18 14 28 23 74 50 31
27 13 2 49 78 76 37 64 10 42 9 70 36 46 24 82 71 50 39 90 40 72 95 11 52 65 6 79 61 93 3 77 58 59 48 47 38 14 20 80 25 16 81 5 57 94 8 23 66 60 53 18 43 21 74 44 15 55 73 28 86 67 41 30 45 63 51 32 54 17 92 35 69 89 4 68 62 87 84 1 91 31 0 29 19 85 7 83 34 33 75 88 56 22 12 26
11 53 17 18 39 45 37 25 51 85 58 52 60 1 36 71 50 81 14 10 86 92 49 76 21 88 35 80 38 42 46 61 44 70 32 31 41 43 23 94 13 28 8 74 69 2 12 67 93 3 83 82 75 62 64 5 56 78 34 89 0 26 87 27 15 72 59 4 30 54 63 66 24 7 22 6 19 68 9 20 84 79 65 91 48 73 57 40 29 33 47 77 95 90 16 55
95 43 49 91 65 39 94 92 3 67 20 76 90 31 33 32 5 59 36 48 29 9 60 68 42 44 23 52 58 47 66 12 85 82 38 16 35 26 18 81 0 50 1 17 46 25 87 15 75 88 70 27 89 72 51 71 73 57 77 69 21 8 40 7 79 30 10 2 41 53 55 6 62 34 78 83 93 14 22 37 24 63 61 86 80 56 54 4 28 13 11 74 45 84 64 19
9 52 54 55 11 87 53 35 62 36 10 49 71 58 94 30 66 91 26 64 33 0 6 83 65 18 13 1 61 74 40 44 43 8 56 51 27 32 70 86 60 20 24 4 79 90 88 45 57 50 46 15 42 73 38 69 39 92 76 12 7 82 22 17 37 93 25 28 63 48 14 80 41 84 59 21 23 78 75 67 47 34 31 2 29 19 3 81 5 72 68 85 77 16 89 95
42 10 30 44 68 59 36 65 22 12 95 64 69 15 39 67 89 58 92 55 16 13 50 14 45 74 33 26 63 25 79 61 54 29 90 4 21 80 43 91 94 53 93 0 38 83 35 31 9 72 40 28 86 56 78 75 71 57 27 48 73 62 76 20 3 32 88 34 46 23 52 19 66 77 8 70 60 85 24 51 87 41 17 81 82 84 11 47 49 6 7 18 37 2 5 1
0 23 51 4 25 17 56 85 10 28 45 86 93 29 74 20 60 79 72 90 3 50 16 26 21 62 92 69 22 44 42 63 78 12 2 8 14 59 49 6 77 89 81 82 87 1 41 46 91 83 65 80 32 33 13 18 58 31 24 73 35 15 71 66 70 95 38 57 67 61 68 27 40 43 7 19 34 88 36 64 54 76 84 30 37 75 9 48 39 5 11 53 55 52 47 94
10 21 72 4 63 24 5 12 28 71 31 25 80 64 50 39 58 56 68 11 27 91 41 43 8 82 65 49 6 89 37 3 1 47 78 87 17 62 52 29 7 34 35 19 33 88 85 92 44 95 0 26 74 30 94 79 13 83 61 15 18 38 66 76 90 14 20 54 75 46 69 48 23 16 77 45 57 60 67 86 51 22 2 40 81 42 55 84 70 36 93 53 59 9 32 73
48 89 28 3 65 73 84 34 62 81 57 21 51 6 61 24 78 9 25 41 7 93 91 88 49 67 35 85 10 27 47 76 72 40 92 0 32 19 74 12 5 55 56 83 16 69 39 90 15 38 86 87 60 77 20 66 68 53 58 30 43 17 14 31 42 4 46 52 33 37 26 63 45 13 8 80 95 11 54 36 71 50 23 82 59 94 70 2 29 18 75 1 22 44 64 79
52 46 86 94 41 72 64 84 61 92 23 4 49 77 75 37 59 32 76 42 31 83 51 15 22 71 17 18 3 38 25 28 40 56 14 90 82 7 91 55 93 45 13 36 87 29 85 73 79 33 69 63 50 26 58 35 16 5 2 8 0 30 95 78 39 1 21 48 80 65 12 34 47 89 67 62 20 70 53 11 81 19 54 57 74 27 24 9 44 68 43 6 10 66 60 88
61 30 10 57 42 79 32 44 67 52 17 19 74 47 70 5 54 43 46 27 76 51 23 75 41 25 31 8 49 68 91 93 58 89 82 35 21 62 55 7 77 24 78 80 86 64 1 39 94 6 13 95 87 73 20 66 11 83 38 81 36 16 18 48 37 71 45 26 60 56 88 40 85 9 90 63 28 34 50 72 53 3 69 12 4 2 33 15 59 84 22 92 65 0 29 14
39 22 76 30 13 5 27 61 18 84 3 95 79 2 51 14 87 8 45 25 90 0 1 85 9 69 50 37 12 29 88 46 36 65 86 11 54 47 63 94 42 68 7 19 41 32 80 59 58 73 17 28 78 6 70 23 40 75 33 91 74 64 92 83 71 89 49 62 38 15 21 67 16 81 77 56 82 31 35 4 48 52 43 44 53 66 72 26 10 93 60 57 34 55 24 20
90 43 50 84 87 95 53 49 8 33 94 20 40 54 80 3 38 89 77 83 9 92 71 67 25 85 34 58 74 60 44 52 57 23 46 47 19 42 72 2 51 86 73 76 68 88 5 62 56 93 22 29 12 41 27 81 11 32 64 59 0 13 48 10 65 35 66 15 36 45 24 7 39 14 31 4 91 78 55 61 17 63 26 30 21 70 79 28 1 75 69 37 82 18 16 6
28 17 86 62 39 21 75 68 40 2 59 82 4 91 33 14 25 70 31 20 64 57 30 23 90 1 95 52 27 0 54 24 44 41 3 26 29 73 48 49 43 94 34 9 56 63 13 10 80 7 61 87 22 37 85 60 38 51 78 58 72 19 88 35 6 47 84 42 5 8 55 89 69 79 92 53 12 45 83 46 16 77 76 71 32 74 36 67 15 65 50 66 11 81 18 93
35 61 40 91 84 55 88 65 80 45 44 3 32 95 70 54 43 33 10 58 89 13 52 25 82 5 94 50 9 17 56 79 16 28 20 93 22 36 15 11 4 62 18 21 68 38 29 46 37 42 34 31 81 60 73 76 6 83 86 66 2 51 77 14 23 39 74 48 87 63 1 71 64 53 19 78 0 8 24 49 27 90 75 30 67 41 72 26 57 47 85 7 69 12 92 59
1 41 87 43 58 9 69 50 28 33 48 89 34 66 64 61 7 95 77 25 37 88 19 59 80 18 74 21 39 16 93 24 65 36 52 79 27 75 5 47 62 51 91 0 20 6 54 32 4 76 40 17 15 55 70 8 84 10 81 85 63 13 67 82 56 14 92 23 49 71 86 83 60 45 22 73 12 68 2 35 53 26 46 42 44 72 3 29 38 94 11 30 78 90 31 57
40 63 80 68 92 49 90 53 93 72 62 77 20 39 5 12 43 84 7 82 69 52 64 11 25 56 42 1 37 38 32 76 60 45 71 89 61 2 9 57 26 6 95 22 74 28 19 59 0 65 67 83 31 17 24 87 23 41 48 47 66 73 88 86 46 4 18 35 79 14 50 10 81 29 16 91 21 15 54 55 58 27 33 94 78 75 3 36 8 51 34 85 30 70 44 13
15 81 6 46 68 95 23 13 36 86 29 58 74 17 51 59 55 69 18 92 80 28 27 21 11 60 32 40 9 48 53 65 70 16 4 66 89 62 77 44 64 30 42 14 79 37 50 78 25 45 85 84 71 39 73 33 54 38 3 5 88 90 8 34 56 93 52 94 87 82 41 22 72 7 91 12 61 26 47 67 20 24 35 83 10 31 63 43 1 76 49 57 75 19 2 0
35 22 7 41 66 86 25 49 16 23 61 75 17 81 57 68 63 83 59 95 54 47 90 46 73 43 62 82 64 37 65 34 78 56 91 42 71 80 84 94 88 92 1 4 18 29 74 72 9 8 44 26 87 24 89 69 36 27 60 70 20 0 76 79 45 28 93 77 12 13 85 2 32 48 30 51 38 58 33 50 10 5 3 67 14 40 52 31 21 11 39 6 53 15 19 55
15 21 82 10 29 35 6 14 59 23 89 64 68 77 50 39 24 37 63 2 8 84 43 20 17 94 73 27 87 49 56 55 51 4 26 44 76 47 79 22 7 91 45 11 18 30 70 60 33 72 54 9 34 85 92 78 36 83 3 58 95 65 31 46 48 53 69 93 42 88 16 57 80 28 86 13 38 75 52 62 19 41 67 66 32 81 25 90 5 71 1 74 12 61 0 40
52 8 20 0 33 11 78 18 21 93 9 66 7 68 35 42 14 61 32 16 58 47 36 44 92 76 55 38 79 81 90 74 23 63 41 4 1 40 19 3 91 87 70 72 59 2 65 25 56 53 85 45 48 30 39 80 6 94 43 64 54 60 12 34 50 27 51 28 67 75 24 69 5 31 89 84 22 49 57 77 46 10 83 62 82 29 73 88 37 71 95 26 86 17 15 13
40 33 14 11 72 58 10 20 62 50 79 28 80 37 21 91 24 73 16 77 74 6 68 63 76 1 86 27 44 93 7 32 46 18 0 38 5 12 9 3 45 78 92 57 23 34 13 53 41 43 36 60 87 70 29 49 15 90 89 4 54 95 26 71 39 61 69 88 8 55 22 51 94 82 81 59 2 56 48 67 75 42 31 19 47 83 85 35 17 65 30 66 52 84 25 64
67 70 66 2 3 78 95 23 58 36 64 14 52 8 11 13 81 1 6 47 82 65 91 35 89 18 77 24 9 26 41 55 4 73 27 33 62 31 0 22 51 54 40 37 17 61 90 74 29 80 85 25 63 28 92 93 72 44 71 30 19 88 43 56 46 68 12 15 75 60 57 48 38 32 79 76 49 39 5 21 94 53 50 16 69 34 7 20 45 86 42 84 87 10 59 83
76 9 51 90 40 87 28 42 91 58 78 23 44 36 8 10 4 70 93 55 72 39 69 5 33 59 43 30 29 53 11 86 1 61 81 47 38 17 77 26 50 52 31 18 19 41 48 32 13 16 65 79 75 57 56 35 46 73 6 21 62 66 89 49 71 60 14 92 20 63 88 3 80 34 0 94 7 24 27 74 54 67 84 22 37 64 83 25 15 95 45 68 85 12 2 82
44 95 46 26 57 32 49 61 94 45 9 5 25 83 19 67 80 77 40 36 56 16 55 39 93 86 41 78 35 13 22 18 76 58 42 52 34 84 38 12 23 17 74 4 10 88 66 85 50 31 30 91 73 68 75 82 33 2 69 79 54 63 62 11 92 1 28 29 6 48 65 37 72 47 60 81 8 70 14 15 87 0 51 3 53 59 64 89 71 90 27 20 43 7 24 21
30 80 60 37 58 32 66 29 48 50 91 14 38 75 81 8 20 53 27 40 17 56 9 3 78 10 28 15 0 76 84 94 64 34 16 69 71 68 11 4 19 74 6 67 18 31 25 63 86 77 59 49 89 45 57 79 51 72 82 61 36 83 93 2 52 44 88 5 39 70 35 65 24 95 62 46 85 42 41 92 23 21 90 1 12 43 33 13 26 87 55 47 22 7 73 54
7 47 91 14 58 38 52 27 4 70 22 1 13 87 29 50 93 45 51 34 64 19 6 92 5 46 9 15 2 66 40 67 77 3 56 24 8 23 25 33 83 78 16 90 30 48 69 59 81 82 88 62 95 31 21 65 80 94 35 72 60 20 0 79 18 74 26 76 32 53 86 57 71 44 28 75 36 12 49 68 89 73 43 84 85 63 55 54 42 37 41 17 11 10 61 39
56 71 22 36 19 86 41 12 46 79 31 64 94 69 13 84 90 21 5 25 68 2 63 28 7 1 6 85 83 24 57 26 55 72 93 91 32 77 87 51 45 50 47 27 62 23 20 89 75 70 81 67 66 74 10 59 78 18 17 16 44 73 29 61 39 34 65 37 4 38 49 76 88 95 54 80 58 0 82 53 92 48 30 52 42 35 15 3 11 33 9 60 40 8 43 14
85 23 20 86 35 70 73 87 89 66 83 71 58 26 18 27 57 62 34 80 38 46 69 84 92 15 61 2 42 64 95 54 74 10 1 14 88 37 16 32 0 21 79 40 19 77 65 8 81 3 91 5 51 7 94 63 75 50 30 82 67 39 53 31 17 56 43 22 47 72 68 6 49 78 52 24 4 28 59 13 45 90 93 36 48 29 12 44 55 33 76 11 25 9 60 41
83 21 45 9 87 91 17 19 28 80 44 6 7 46 90 62 31 94 78 69 30 95 16 13 65 8 59 20 75 58 76 47 63 71 14 77 25 40 66 43 33 56 0 51 22 67 49 42 38 74 64 93 32 1 68 70 85 92 23 48 86 35 61 5 27 39 12 84 57 73 11 82 2 4 72 89 88 29 54 37 60 81 36 18 10 15 3 52 26 41 50 53 79 24 34 55
39 13 67 20 95 48 17 90 21 35 60 12 89 19 3 83 52 86 94 6 5 44 53 78 73 14 47 23 10 61 91 56 8 30 51 45 54 11 84 65 87 42 34 74 63 0 31 93 32 72 59 4 80 79 38 25 36 43 82 1 50 40 2 85 81 15 70 75 41 22 26 92 27 64 9 49 33 58 28 76 24 77 69 62 88 18 55 68 66 37 29 7 16 46 71 57
19 87 30 51 85 12 64 13 90 67 1 29 24 20 74 61 77 33 41 0 65 37 86 70 62 34 44 43 5 80 49 8 59 47 16 54 68 57 11 48 15 45 7 2 36 55 31 3 95 38 52 79 88 72 40 21 23 50 22 4 14 58 84 9 39 78 92 76 56 82 53 75 93 27 10 66 73 6 25 69 83 42 18 81 46 71 26 32 17 28 94 35 91 60 63 89
94 35 47 2 9 85 18 26 66 31 3 46 76 0 23 92 83 59 33 56 52 5 93 80 42 72 16 44 58 74 60 79 87 50 40 70 7 95 48 34 89 38 30 14 43 19 86 53 49 90 88 67 54 12 51 28 20 91 61 77 32 45 11 55 6 37 73 82 4 75 57 17 36 24 63 1 22 84 13 39 68 81 71 27 21 65 41 78 69 8 10 64 15 62 25 29
95 34 17 0 45 85 30 15 91 52 42 24 31 46 10 64 20 19 11 94 35 36 75 70 87 83 13 92 88 5 54 79 48 86 80 67 59 74 66 4 2 27 56 22 21 38 29 69 39 37 65 33 41 78 3 68 62 89 90 1 49 25 72 63 61 12 76 81 50 18 26 43 44 40 23 16 77 82 57 47 58 14 73 60 71 7 6 9 93 8 55 51 84 53 28 32
38 67 1 39 76 37 7 49 93 3 14 73 15 45 48 33 92 27 44 25 54 59 34 86 29 20 58 8 31 57 74 68 71 81 13 87 66 30 24 55 4 80 95 10 79 70 26 32 35 9 16 17 90 6 42 11 65 72 40 50 62 75 83 78 51 52 22 21 19 85 61 5 63 43 23 77 28 41 0 91 89 64 69 88 82 46 84 12 47 56 94 60 2 18 53 36
17 32 64 78 25 83 22 51 70 82 23 24 84 88 8 41 91 18 4 81 75 71 26 7 90 89 65 59 30 19 48 94 56 54 36 37 12 61 67 46 15 35 40 62 80 73 52 72 14 1 47 77 16 27 39 38 33 34 11 74 55 42 20 58 44 79 53 95 28 68 21 93 29 92 69 0 43 87 49 31 76 86 60 63 5 50 66 10 3 57 2 6 13 9 45 85
40 56 6 35 16 20 73 53 52 21 69 64 39 24 79 49 89 12 90 70 5 72 23 32 47 36 87 8 51 33 92 48 15 54 61 58 26 37 46 13 45 38 62 19 86 42 43 34 74 3 44 18 71 4 80 91 82 1 10 41 77 67 60 57 59 31 85 94 83 25 2 30 28 81 50 55 14 76 75 27 63 29 22 84 66 78 68 11 17 88 0 9 7 93 65 95
44 65 81 9 3 84 31 40 34 64 80 24 52 63 47 41 66 77 13 90 94 21 68 10 16 56 82 7 27 30 89 22 60 12 8 45 17 61 2 55 29 74 85 43 28 87 70 42 11 72 83 5 95 36 54 57 78 32 23 26 4 38 50 46 86 6 37 93 33 1 69 59 48 67 79 71 73 91 15 88 0 18 49 62 76 25 92 51 75 20 58 19 35 53 14 39
59 25 76 41 33 55 67 68 66 87 35 21 81 94 88 28 53 32 56 20 65 10 4 31 93 52 58 46 45 38 50 23 39 84 85 44 82 29 83 61 91 70 37 51 74 11 18 19 62 54 34 79 49 12 78 92 64 89 57 40 22 8 14 75 7 90 5 72 48 24 86 42 73 9 36 2 95 63 0 6 77 43 60 27 13 17 15 30 71 69 3 1 80 26 16 47
45 13 80 7 72 2 67 20 44 61 34 40 94 36 81 39 33 28 73 89 21 17 3 58 60 84 74 31 42 70 47 26 10 87 79 1 66 15 75 63 35 23 65 90 85 25 32 29 24 86 78 43 91 0 92 59 83 19 16 93 56 88 54 30 51 37 5 95 18 27 62 71 68 53 9 76 8 41 57 64 46 22 82 48 4 6 14 52 49 12 55 50 38 77 69 11
22 20 42 71 86 94 58 31 87 91 78 62 68 5 43 54 83 7 4 57 72 17 3 56 82 92 53 59 38 60 65 16 66 23 61 14 64 19 90 27 15 21 32 41 9 70 8 80 77 45 26 18 93 2 75 39 47 6 79 1 89 29 49 85 52 73 44 63 40 51 0 95 36 84 30 13 37 24 76 35 28 55 33 67 12 69 46 88 48 50 74 10 81 34 25 11
81 45 84 53 57 35 65 51 23 46 64 62 0 75 71 3 90 83 12 48 50 44 22 87 24 19 60 58 5 74 21 82 91 61 32 95 66 63 59 16 37 76 68 30 8 54 1 2 49 13 56 31 78 29 92 4 17 28 20 94 52 11 33 77 15 27 41 86 34 89 88 38 7 26 85 47 25 69 39 93 42 73 14 10 43 9 55 18 67 36 80 70 79 6 40 72
80 44 26 49 71 57 55 64 89 91 50 46 36 61 53 86 21 52 67 3 19 68 1 37 13 74 54 24 45 7 31 92 12 62 34 23 15 47 72 42 69 84 70 73 22 6 5 18 66 83 58 43 35 29 59 63 4 17 60 95 33 94 93 85 0 90 14 39 81 38 56 41 40 32 2 87 11 51 79 20 48 78 16 88 30 82 9 27 28 8 76 77 75 65 25 10
92 79 78 44 13 50 35 3 85 39 6 41 12 95 55 63 28 43 65 76 93 17 68 54 47 51 80 64 59 72 46 5 20 83 84 18 22 48 32 31 15 8 61 57 73 75 69 10 88 94 91 24 30 42 26 60 33 23 89 62 53 4 9 14 70 7 74 1 52 66 77 2 67 25 86 21 81 40 29 11 27 0 38 16 19 82 49 45 58 36 34 56 90 87 37 71
10 77 41 14 53 13 70 76 11 35 7 40 82 29 85 2 60 26 1 55 18 21 91 31 89 78 73 84 49 15 92 22 37 32 8 4 20 65 43 52 69 79 90 28 39 42 56 51 3 46 33 54 6 59 57 47 83 24 86 61 48 64 71 0 72 34 75 17 66 63 5 87 45 58 12 94 25 93 27 80 81 50 95 36 44 38 9 16 74 67 30 68 62 23 88 19
28 46 92 24 73 0 29 66 41 27 57 76 87 25 86 54 32 37 11 33 58 6 75 38 93 48 43 30 18 22 82 13 91 49 64 84 63 40 74 81 55 77 39 4 68 88 5 89 51 60 44 2 62 20 42 71 23 3 17 67 10 50 8 90 85 26 61 53 14 9 79 1 7 52 15 19 69 72 78 94 65 80 35 12 31 70 83 56 34 47 21 36 45 16 59 95
36 6 53 67 26 76 18 42 80 89 49 45 11 25 17 62 20 23 14 70 30 94 57 39 69 43 5 90 19 35 44 1 85 16 58 15 81 41 93 87 72 73 2 95 74 55 61 33 0 13 40 51 60 91 50 7 54 29 3 71 9 78 88 64 68 63 75 47 32 48 34 84 92 12 38 46 4 79 86 77 27 21 66 24 82 37 59 10 22 83 65 28 31 52 56 8
69 92 22 72 78 89 68 55 84 70 9 38 47 34 44 73 8 17 12 6 48 53 83 67 46 77 33 82 95 18 40 13 76 25 85 49 35 45 64 23 16 10 32 19 93 5 90 28 26 86 88 59 65 52 58 29 39 62 54 30 56 37 51 91 87 50 24 1 2 80 14 63 42 66 79 94 60 0 75 7 4 71 11 31 41 57 3 74 15 61 36 27 81 43 21 20
5 65 52 10 13 57 85 87 90 55 84 1 49 94 69 46 50 12 37 25 4 43 83 2 72 53 33 93 79 18 32 36 78 48 16 74 58 76 59 21 26 67 8 75 30 66 73 22 24 3 80 0 51 95 88 42 27 61 71 77 47 28 29 54 44 89 19 6 39 9 70 17 92 14 23 56 40 20 60 11 34 68 81 63 86 41 64 15 31 35 7 38 82 91 45 62
81 6 91 51 16 1 3 39 45 9 54 95 52 84 63 8 89 69 77 73 68 72 20 86 85 26 55 37 35 44 80 50 59 61 27 49 17 83 10 58 12 74 13 19 41 94 0 7 24 60 79 32 71 18 46 92 47 25 67 53 56 4 88 78 70 5 2 75 40 48 33 34 21 64 14 65 28 76 57 36 29 31 93 62 87 66 30 15 38 23 42 11 43 90 22 82
64 36 29 46 79 49 8 20 73 60 41 33 90 89 86 85 81 80 56 35 43 78 38 10 93 26 28 87 63 68 11 30 77 62 21 6 31 37 92 95 3 55 5 19 13 34 15 23 0 53 59 51 91 52 67 17 18 88 7 2 72 69 82 4 45 14 83 42 94 71 1 39 50 58 44 70 48 76 16 32 75 27 47 66 9 74 40 24 65 57 25 22 84 61 12 54
84 52 24 91 77 45 59 71 70 62 38 12 88 78 50 33 95 72 46 66 65 41 28 64 79 10 3 15 39 20 86 2 11 14 0 74 26 19 47 55 48 53 7 61 42 75 73 85 69 80 23 21 87 44 81 35 51 32 6 17 93 57 25 4 49 92 5 31 67 60 37 27 16 89 34 68 63 29 83 36 30 56 22 82 54 8 40 1 94 76 9 18 13 90 58 43
91 74 1 95 70 5 51 27 94 58 6 80 24 55 83 14 88 85 23 67 78 92 4 2 33 34 81 64 35 46 75 8 44 65 42 82 30 38 36 39 50 77 10 68 32 61 90 26 49 41 12 56 29 19 3 48 20 9 11 76 15 84 43 57 59 53 87 73 79 66 60 0 28 54 71 18 72 89 25 22 13 40 86 7 31 62 37 47 21 16 52 69 17 93 63 45
32 94 33 25 67 76 90 16 55 66 62 80 43 9 82 13 52 65 14 49 3 72 58 57 84 74 77 1 75 46 8 59 39 41 12 35 69 85 6 17 87 31 36 21 51 15 50 45 22 79 63 23 48 30 47 5 83 4 70 54 11 18 40 73 56 27 20 71 7 28 86 61 10 91 78 2 37 88 92 93 19 60 95 64 44 29 89 53 68 26 81 24 0 34 38 42
90 73 28 49 23 89 18 7 11 77 75 0 16 59 32 12 84 17 67 47 45 87 37 10 83 3 81 27 31 91 21 30 19 4 82 95 8 65 71 42 57 60 43 39 54 22 15 36 51 69 24 85 25 5 76 74 50 68 70 93 88 61 2 1 53 44 35 63 14 38 40 79 13 62 33 52 46 41 56 64 80 26 34 55 29 86 6 48 72 94 92 78 58 9 20 66
66 86 70 42 15 16 4 36 89 25 51 34 54 40 13 80 30 82 59 84 63 88 91 48 33 58 27 52 20 95 78 0 2 35 90 67 85 64 81 28 14 32 74 43 21 49 60 72 47 75 62 9 65 24 18 53 46 94 87 26 31 1 61 77 23 92 93 10 3 37 19 17 73 7 6 83 50 56 45 44 76 39 55 8 12 68 79 11 41 38 29 5 69 22 71 57
19 39 37 18 32 6 1 13 23 29 43 40 48 68 57 63 61 66 0 22 54 74 78 70 64 71 75 81 88 17 77 26 2 14 25 4 20 45 58 3 7 8 52 72 21 34 79 28 82 31 9 65 11 83 47 62 73 60 15 80 36 55 59 93 85 53 5 89 30 51 38 10 42 12 46 49 50 91 86 35 76 41 92 24 67 84 27 95 33 56 87 69 44 90 16 94
11 15 64 48 47 51 92 35 70 65 71 59 95 29 74 20 7 9 44 50 8 18 4 19 56 36 63 58 14 61 17 37 6 62 94 13 42 79 31 33 66 87 5 45 16 21 84 34 46 76 41 27 55 57 85 89 69 1 38 26 75 68 90 43 93 91 73 0 82 22 60 81 23 3 39 2 30 25 67 78 77 24 28 12 83 49 32 88 10 54 72 40 52 53 80 86
48 40 27 31 61 47 2 64 51 53 6 84 37 18 50 4 45 44 74 32 26 25 15 0 49 88 46 65 79 35 93 1 82 68 11 42 55 89 80 3 20 75 83 57 94 9 34 39 52 30 58 21 13 87 14 73 72 12 91 92 67 16 69 17 41 24 70 66 28 63 62 29 95 90 23 60 36 43 77 56 59 38 5 54 8 76 81 86 71 7 10 19 22 85 33 78
64 8 62 28 12 53 70 6 51 61 60 10 49 71 93 78 86 56 72 85 77 55 33 40 58 48 92 82 75 24 9 27 79 50 23 89 20 67 4 59 74 88 63 80 90 22 31 36 41 26 91 66 54 2 46 0 14 16 42 37 7 1 69 29 44 32 38 30 73 15 57 17 39 45 43 5 68 76 21 11 18 95 84 35 34 13 81 94 65 3 87 47 83 25 19 52
28 39 27 78 73 25 21 46 18 43 67 53 29 66 1 0 60 35 40 82 24 76 74 59 36 93 37 87 7 68 26 79 47 86 22 80 55 54 95 89 85 81 19 94 4 65 83 92 2 33 63 23 48 31 20 88 41 16 71 64 61 10 13 11 14 8 84 9 12 51 15 3 45 70 17 42 58 6 57 69 77 38 90 34 56 5 32 30 52 50 75 91 49 44 62 72
75 93 18 84 45 55 10 40 8 34 79 9 60 1 44 24 58 81 80 30 54 39 91 52 16 17 19 90 37 73 46 27 57 47 48 67 20 78 3 26 49 77 62 66 28 21 64 68 22 69 14 87 85 63 43 38 7 94 82 86 71 56 88 89 95 83 74 12 50 11 59 65 42 53 5 15 76 29 72 92 41 36 32 25 70 51 31 0 2 13 61 33 4 35 23 6
91 85 16 7 60 18 54 46 78 21 61 50 64 77 76 27 34 37 8 36 49 79 70 31 53 25 86 72 19 51 80 17 65 23 13 43 30 41 4 88 66 22 33 11 0 6 28 68 92 59 56 24 63 32 42 81 95 1 94 9 29 52 82 67 3 20 5 75 10 48 2 44 83 55 90 57 84 58 35 39 71 40 93 73 62 47 38 74 87 69 26 12 45 15 14 89
93 88 25 63 43 74 71 34 4 52 2 57 49 69 73 3 20 37 89 27 11 0 16 92 22 35 47 56 13 77 23 79 18 48 70 53 17 95 50 26 14 85 36 10 54 61 59 81 51 90 5 78 9 58 41 32 21 83 44 91 80 39 40 76 66 38 94 60 15 46 87 82 29 33 64 8 62 65 1 28 12 24 68 45 72 30 7 55 84 31 67 19 86 6 42 75
15 74 56 25 62 54 13 91 55 47 27 51 86 11 85 61 40 90 50 73 45 39 59 83 38 77 7 75 8 79 1 84 9 42 87 92 70 82 30 46 33 63 72 24 21 37 5 95 67 78 31 68 36 44 49 76 88 53 94 64 35 26 2 57 80 20 12 65 69 81 32 60 17 48 4 58 29 43 19 16 3 93 22 6 23 89 34 66 0 52 14 18 41 10 28 71
44 73 46 11 27 75 23 25 36 28 43 9 10 42 1 92 87 81 6 5 32 29 22 95 68 37 57 41 13 60 69 84 12 77 61 54 40 31 72 2 58 30 33 74 50 26 8 82 34 15 4 91 90 47 45 38 14 17 20 80 21 53 76 63 19 16 18 7 94 70 3 48 66 88 56 55 86 62 39 51 59 64 85 49 71 0 78 83 24 65 89 52 35 67 93 79
48 22 12 10 14 36 20 87 15 6 8 82 0 95 21 40 2 77 7 17 60 26 85 5 94 44 37 65 88 32 59 92 30 91 23 70 9 63 90 16 34 84 42 68 39 28 31 24 72 89 45 3 51 75 67 81 50 93 35 53 55 56 1 64 54 4 86 29 11 49 58 41 13 79 78 25 19 80 38 18 57 73 47 71 74 43 69 76 62 52 61 66 33 46 83 27
3 11 89 46 36 25 91 50 94 83 55 88 76 57 74 58 31 93 19 47 75 82 0 6 13 33 90 40 78 48 22 8 32 10 63 62 77 44 43 67 34 38 95 60 9 71 5 69 49 56 14 26 29 86 2 30 70 73 20 35 23 37 28 84 4 7 24 53 45 42 59 39 54 17 65 87 79 27 61 66 64 81 80 12 18 92 1 16 85 72 52 21 15 51 41 68
23 91 34 18 10 93 7 22 13 83 24 75 54 19 59 77 70 86 78 16 39 79 57 3 50 44 49 48 55 5 74 72 61 94 56 20 27 67 32 80 12 87 89 41 85 73 15 64 53 60 33 14 90 88 6 42 66 43 35 92 51 37 25 47 31 38 45 2 40 26 81 69 58 95 30 46 8 82 28 52 4 62 36 84 71 1 76 29 21 11 68 17 0 65 9 63
74 2 94 15 7 40 33 65 72 77 8 59 66 23 37 34 16 57 21 52 76 32 36 1 49 47 84 69 73 51 14 3 54 67 63 75 6 10 4 25 28 81 13 29 83 5 12 87 60 62 20 35 17 55 50 92 86 41 89 22 27 71 44 58 79 38 88 85 53 45 82 48 61 64 42 70 43 11 30 80 68 19 9 46 39 31 0 90 95 56 26 24 93 78 91 18
87 55 27 49 23 81 21 2 17 47 82 59 56 15 39 19 38 1 72 24 20 79 92 34 85 13 83 65 67 32 61 9 57 80 63 11 37 52 70 8 4 86 43 48 26 40 78 35 31 53 44 30 6 62 60 45 66 75 7 91 95 42 3 58 76 88 93 46 16 29 77 69 89 33 5 68 12 54 73 71 10 74 50 41 18 36 94 51 14 84 0 64 22 25 28 90
45 11 70 12 56 2 49 81 74 67 80 55 9 52 83 14 54 71 68 0 13 66 51 64 29 79 46 25 36 47 1 88 40 53 57 50 82 33 34 95 22 87 19 5 6 90 94 76 30 91 58 77 44 89 15 17 7 78 42 86 28 41 26 27 60 69 35 62 8 37 23 20 16 61 32 84 21 85 10 43 4 3 39 65 59 73 18 93 31 38 24 48 92 75 72 63
83 61 89 69 18 56 80 55 40 57 90 46 93 36 29 31 78 3 5 6 22 20 95 23 66 8 11 28 92 67 34 35 26 91 27 87 81 53 15 37 73 52 24 76 13 9 4 16 63 77 47 42 1 44 70 48 62 12 14 32 84 19 33 64 71 45 88 74 2 30 41 86 38 59 43 51 25 50 17 79 75 58 54 85 39 7 72 49 21 65 60 10 0 82 94 68
81 69 37 19 70 29 55 38 91 61 60 44 94 18 2 8 13 95 71 89 32 14 82 59 30 12 46 76 50 51 9 6 56 0 78 20 68 1 85 72 79 53 3 92 48 21 45 84 11 4 7 41 75 65 57 23 15 31 22 73 86 58 17 16 67 62 43 88 27 74 40 35 36 26 87 54 5 39 42 66 63 64 52 25 49 10 83 33 24 34 80 77 47 93 28 90
79 95 49 45 65 23 33 69 19 71 70 13 0 72 50 21 16 12 92 11 78 67 64 42 47 58 8 83 27 93 39 52 26 53 14 1 90 40 60 7 57 81 85 41 63 18 48 59 54 32 46 29 9 10 77 55 91 35 36 66 94 2 22 31 89 4 24 88 56 82 61 76 15 73 38 62 44 25 43 20 80 5 87 74 3 6 68 51 17 84 75 30 28 34 86 37
92 29 10 42 2 19 13 4 87 76 11 55 68 94 43 23 86 74 3 7 95 84 27 38 66 89 32 70 33 52 57 35 15 40 79 61 82 30 58 39 34 78 53 6 91 46 37 41 56 28 59 5 20 45 12 47 25 50 60 22 1 80 81 21 77 18 49 8 64 9 24 75 85 36 16 51 62 44 26 63 73 69 0 31 67 54 88 93 71 72 48 83 65 17 90 14
55 37 0 2 67 85 9 58 56 26 81 36 10 1 73 47 45 41 15 43 49 66 6 17 71 80 76 13 50 16 14 40 12 79 7 8 51 48 87 42 60 53 68 4 32 21 84 38 28 86 22 69 63 44 11 78 89 88 83 18 31 27 77 59 30 90 91 20 29 34 3 72 54 61 46 19 95 92 70 52 57 24 62 35 74 94 65 33 93 23 64 25 39 82 5 75
85 68 65 93 82 54 13 16 10 5 30 86 78 24 2 50 21 69 55 89 8 87 7 45 41 59 11 73 71 90 61 70 35 75 39 43 6 36 60 22 23 9 33 40 37 18 79 52 83 3 81 63 94 88 74 19 32 46 58 4 84 20 27 91 92 53 49 95 48 17 0 31 14 34 38 80 51 15 62 42 57 77 64 47 25 29 26 12 1 56 66 76 28 72 44 67
41 49 92 17 4 12 30 58 29 50 45 80 8 18 36 23 9 56 27 21 25 37 26 13 88 70 2 83 66 74 90 34 82 24 61 39 62 81 47 46 71 87 54 68 95 38 16 72 14 53 59 67 44 51 76 84 77 60 52 10 86 78 63 64 35 94 22 3 32 20 15 11 85 75 42 40 93 48 0 57 55 5 69 73 33 31 43 1 91 89 79 28 65 6 19 7
76 21 61 83 73 78 65 84 75 33 35 49 13 58 15 89 67 45 52 69 41 93 59 16 50 26 3 20 5 17 7 77 64 25 22 60 36 63 32 0 80 8 57 53 91 12 37 27 66 39 44 24 2 70 38 95 34 81 23 42 88 55 18 31 62 71 94 79 30 90 54 14 40 74 85 72 19 10 87 47 29 86 1 28 6 46 43 92 48 56 4 51 9 68 11 82
17 53 59 93 20 33 22 3 63 8 58 92 19 88 79 80 87 55 67 12 65 21 6 73 56 2 43 9 42 27 32 60 29 5 94 15 30 50 52 85 47 11 1 37 39 0 49 70 23 71 76 82 91 7 4 46 81 62 13 31 25 61 26 57 40 54 28 68 51 89 48 83 90 10 86 38 44 66 72 16 77 69 34 45 78 41 64 18 75 35 14 36 24 74 95 84
86 92 28 45 74 6 48 81 46 62 60 11 10 34 19 0 90 71 9 44 15 51 76 63 7 26 91 40 58 73 54 79 25 20 38 42 23 17 78 85 59 61 88 84 29 22 52 72 69 31 53 30 94 50 82 57 89 77 2 3 83 43 93 37 5 36 64 95 67 68 47 27 12 66 13 49 35 75 39 24 21 80 55 4 87 70 18 56 32 33 8 41 14 1 65 16
13 41 74 27 92 32 24 95 49 36 22 79 78 48 77 12 6 17 90 86 10 54 72 29 89 42 80 69 46 87 60 84 68 26 75 50 39 18 21 71 61 30 73 65 4 44 20 81 2 57 25 62 56 91 58 55 93 53 7 67 34 19 11 66 9 3 15 31 51 70 0 88 47 45 8 38 85 59 35 1 82 83 52 23 33 28 5 14 64 94 40 16 37 63 76 43
29 59 91 38 83 8 76 90 69 66 44 33 63 81 23 52 78 1 16 92 95 14 88 51 77 62 87 7 60 72 57 0 80 2 67 6 61 68 64 82 37 3 32 15 93 65 4 21 58 70 56 39 86 85 54 12 19 41 27 74 17 36 46 75 35 22 28 49 89 9 25 45 20 31 5 34 11 84 30 24 47 18 55 50 79 73 43 40 94 71 42 13 53 48 10 26
60 26 13 80 49 24 91 14 45 40 82 39 69 5 90 28 65 23 85 29 88 22 17 53 74 18 86 68 1 11 61 12 56 37 20 76 52 9 67 94 93 81 64 79 41 30 27 59 38 36 57 83 15 51 2 0 31 54 33 72 87 75 6 8 55 3 62 42 19 25 47 48 34 21 46 7 92 32 77 43 95 35 70 16 4 63 66 50 44 84 78 58 89 73 71 10
13 22 43 23 76 95 52 59 92 66 94 87 44 12 5 34 89 58 35 1 42 85 32 6 16 73 20 56 29 60 55 82 18 47 24 80 7 49 31 8 64 19 67 3 9 11 51 54 65 75 70 28 50 57 78 10 30 77 90 4 53 39 48 27 33 17 38 88 25 69 86 0 84 62 81 63 46 37 74 68 61 26 91 72 14 71 41 40 45 21 36 15 93 79 83 2
75 77 56 90 36 17 70 0 53 46 80 58 11 20 33 82 72 23 14 41 3 38 54 85 51 83 55 76 29 92 57 86 16 94 42 89 63 8 91 60 48 2 73 21 6 67 78 18 65 49 64 12 4 59 43 66 9 87 19 25 1 15 74 32 37 13 88 31 5 52 81 28 44 35 79 24 62 84 68 50 22 10 39 45 93 71 7 30 61 27 26 34 47 95 69 40
58 76 4 55 34 19 86 94 2 78 28 11 47 35 61 12 88 81 89 92 26 20 63 23 82 57 56 25 52 51 45 29 65 74 79 71 66 67 30 53 32 90 33 39 48 80 14 49 46 77 13 5 60 75 59 8 68 70 87 37 10 41 36 24 40 17 6 16 15 85 84 1 43 73 42 95 21 72 9 64 62 54 83 31 22 0 7 69 93 3 44 27 38 91 18 50
95 90 93 61 34 31 64 91 25 57 82 33 6 83 49 42 79 54 68 43 1 19 56 9 65 51 53 38 10 81 11 76 41 26 80 52 63 47 8 36 71 86 29 39 75 3 16 74 45 87 23 69 13 14 37 55 40 72 22 88 12 30 50 4 35 21 28 73 15 7 60 85 48 58 67 46 20 2 89 77 5 18 32 44 78 17 24 70 59 84 27 0 62 92 94 66
80 69 50 74 5 65 16 71 21 24 68 87 57 13 39 55 67 61 52 20 63 86 62 83 4 8 11 10 26 64 35 73 25 79 46 58 0 59 23 1 18 75 34 9 72 6 90 43 53 31 70 91 40 82 28 76 12 51 22 49 33 88 32 56 30 45 41 60 54 17 48 7 47 89 94 66 42 19 77 81 92 29 85 27 95 14 93 3 15 37 78 36 2 44 38 84
49 67 39 33 56 40 66 61 34 46 8 76 58 63 3 30 53 28 13 26 51 86 12 18 15 36 23 0 90 88 25 27 37 72 95 82 94 10 69 14 48 35 20 64 5 11 7 71 6 43 68 78 91 29 1 73 2 9 89 21 24 62 54 75 17 38 59 4 19 85 44 93 79 65 92 41 57 50 74 55 42 80 60 22 16 45 81 31 84 32 83 47 52 77 87 70
