47 48 83 63 88 76 94 75 66 4 15 33 39 41 29 18 85 34 90 71 87 91 37 95 2 54 1 52 23 61 16 55 0 42 36 72 3 67 13 19 86 60 59 32 84 17 78 53 58 92 73 11 31 82 57 28 8 5 22 80 14 21 9 77 20 62 70 74 12 26 44 38 46 43 50 68 10 27 35 6 45 7 25 64 81 69 56 89 79 40 49 65 93 24 51 30
85 5 13 52 44 76 19 34 26 92 57 42 69 61 6 60 62 29 1 75 49 11 50 81 9 51 79 4 0 71 55 43 65 8 23 59 67 46 2 25 91 83 88 73 58 89 68 20 77 35 27 86 28 93 32 18 7 54 74 15 70 14 39 94 80 66 16 82 95 84 36 47 12 64 63 53 3 56 30 45 87 48 72 33 21 10 24 41 17 40 22 78 37 90 38 31
39 34 95 53 3 2 66 78 89 74 18 62 84 12 63 43 17 15 0 88 56 36 14 38 52 23 4 37 49 30 85 70 26 16 8 59 55 13 73 29 35 91 51 42 94 90 19 48 93 46 80 21 57 71 7 67 47 20 6 77 79 28 31 33 22 41 25 68 54 27 1 61 44 82 86 76 75 87 24 40 9 50 81 64 92 10 65 5 11 45 58 72 60 32 69 83
79 60 26 19 49 45 23 71 40 94 22 35 87 93 11 78 72 84 20 18 95 5 74 61 16 57 15 34 37 38 86 7 36 92 76 81 47 83 39 65 1 46 63 75 70 59 43 33 58 4 44 42 91 8 14 73 9 31 85 41 51 67 24 25 2 55 21 82 89 56 90 80 54 27 3 6 69 52 17 62 32 64 13 12 48 50 53 68 10 28 0 88 30 66 29 77
44 53 68 82 17 25 80 30 24 49 51 21 31 58 40 36 39 29 91 59 77 35 22 62 63 1 73 61 5 12 10 86 64 42 76 18 95 56 28 88 0 38 8 45 74 67 94 81 83 75 6 16 78 50 48 20 15 71 2 33 52 43 69 65 87 34 90 93 92 23 4 60 70 7 41 54 55 19 37 32 47 79 85 84 3 89 9 27 66 72 46 11 57 26 14 13
39 58 55 12 61 65 37 23 51 33 18 50 5 38 49 32 8 9 91 83 6 76 74 78 36 93 62 84 46 31 56 72 53 73 21 54 17 25 4 95 69 15 16 0 71 90 60 70 48 94 40 64 3 28 59 88 86 2 34 10 24 13 41 1 14 27 92 79 80 20 30 26 45 29 81 7 68 19 67 52 47 43 75 22 44 89 87 42 85 77 63 66 35 57 11 82
50 91 55 79 21 2 60 41 39 54 20 64 17 33 45 38 77 48 80 85 92 75 29 71 40 18 56 95 72 44 1 47 83 81 94 57 88 16 89 34 5 87 51 35 26 19 32 90 73 27 58 13 61 0 24 82 84 65 31 68 70 46 36 11 74 15 66 52 86 14 7 8 49 23 4 37 53 25 78 63 22 59 43 9 62 76 10 93 30 12 42 6 67 69 3 28
22 0 41 55 11 69 16 31 91 51 81 23 34 40 84 59 13 48 64 58 7 38 88 8 79 37 92 76 57 67 43 36 32 1 86 72 30 39 21 47 90 94 25 33 9 53 82 27 19 61 66 74 6 3 50 17 10 73 20 12 89 46 18 52 35 63 87 65 80 71 62 26 44 56 2 42 15 70 85 5 60 49 78 54 68 77 24 14 45 75 28 93 95 83 4 29
30 5 75 57 65 36 8 22 28 19 12 70 21 45 73 80 47 18 2 76 34 35 48 46 90 52 39 4 44 95 31 66 49 88 6 83 24 27 7 53 26 72 43 74 0 41 16 33 11 71 61 20 78 81 42 92 55 10 32 86 17 15 64 29 37 25 50 51 3 1 67 14 63 40 58 38 93 91 59 13 9 94 56 89 23 87 79 69 82 54 60 84 85 68 62 77
85 45 39 54 72 53 33 61 14 90 89 7 92 52 60 36 9 25 34 2 8 31 43 49 68 63 71 6 24 3 75 59 11 50 20 35 51 70 84 93 73 18 38 17 1 5 67 16 21 79 86 23 0 74 94 57 37 30 64 10 47 91 81 82 32 55 29 40 87 65 4 42 12 48 78 13 22 76 88 77 26 41 69 62 28 44 15 80 83 46 27 66 56 95 58 19
84 1 14 18 64 16 19 82 4 24 57 75 51 26 6 23 93 69 71 58 76 90 74 56 21 41 38 10 66 12 42 86 20 43 50 95 2 72 94 37 29 34 91 62 80 46 22 31 63 85 81 89 17 33 55 68 78 88 79 11 25 9 67 3 27 8 92 45 30 70 28 61 65 77 83 54 49 52 47 60 0 36 40 48 73 44 15 59 53 5 39 13 7 32 35 87
37 13 7 93 70 33 81 2 66 74 82 89 55 48 12 28 27 62 75 76 58 4 52 80 79 6 21 72 20 61 35 67 63 10 34 88 11 91 8 73 19 47 18 9 59 56 5 60 41 30 68 14 1 3 83 92 95 0 25 15 22 94 26 85 77 86 36 44 84 39 23 45 50 16 90 46 78 69 24 42 31 32 40 64 57 43 17 29 54 51 38 49 65 71 87 53
47 14 42 36 46 43 85 73 80 17 63 22 18 56 38 93 54 76 24 2 45 88 4 50 67 48 34 23 11 28 33 26 5 25 78 65 60 95 84 32 74 79 31 57 66 41 62 83 90 16 3 12 29 27 87 0 10 6 72 61 94 71 15 91 68 1 86 75 81 77 21 9 82 52 51 20 70 55 19 30 53 58 49 69 44 8 39 13 40 64 37 35 7 59 92 89
19 89 18 32 84 53 75 47 68 81 40 73 6 20 91 82 41 34 2 78 74 29 85 88 39 70 22 23 71 43 72 21 45 17 95 4 76 50 66 58 35 93 16 14 62 11 54 46 42 26 44 79 37 38 92 5 90 12 31 13 56 1 52 33 60 94 77 55 3 69 0 86 64 87 7 65 61 57 48 36 15 25 83 49 9 24 67 8 63 27 30 80 51 28 10 59
48 20 39 70 90 42 40 11 4 14 2 58 1 7 16 31 55 50 69 66 47 25 6 17 87 78 74 28 41 33 53 73 61 83 94 81 29 80 64 12 35 67 72 34 26 56 9 65 13 88 84 43 82 85 8 75 30 0 57 27 51 46 45 77 71 19 10 44 38 22 76 5 79 86 63 21 24 32 89 59 23 68 52 36 62 60 37 54 95 15 49 3 93 92 18 91
18 24 59 33 13 23 38 88 36 52 47 73 70 72 75 43 57 19 8 50 90 68 79 21 4 80 0 6 85 48 67 26 74 76 83 53 56 17 60 84 34 86 45 94 49 20 32 69 81 89 10 65 87 71 14 82 7 37 46 64 25 15 54 22 12 51 3 30 93 31 41 9 55 16 92 11 58 63 28 29 5 42 95 1 78 66 77 62 27 39 44 35 91 40 61 2
24 22 49 14 72 65 70 31 74 39 73 13 58 71 26 37 12 47 20 35 89 42 83 34 11 64 84 80 61 44 75 94 41 85 30 79 45 1 32 54 81 53 77 4 28 68 2 67 16 23 57 21 86 62 36 50 82 76 69 27 38 10 56 51 92 8 60 59 87 46 19 40 95 55 52 48 29 33 63 0 90 25 17 66 5 78 7 9 3 93 6 43 88 15 18 91
79 84 85 67 30 9 72 81 39 24 14 48 32 93 87 17 94 68 25 35 92 26 75 13 74 19 65 70 11 29 53 69 63 12 36 2 62 45 46 23 42 76 71 90 16 31 1 10 21 64 22 89 54 33 47 73 66 41 34 6 44 83 80 91 15 5 88 27 8 61 38 78 56 59 20 55 3 77 18 4 82 86 60 52 7 95 57 40 28 51 50 37 58 0 43 49
83 71 53 46 9 6 51 79 90 92 44 26 32 75 29 60 88 39 31 64 25 47 14 56 66 40 84 27 93 15 19 10 38 21 57 18 4 30 13 76 58 78 73 22 3 28 70 34 87 61 59 23 77 67 50 11 55 36 80 54 0 20 8 63 89 35 24 33 17 94 7 62 72 48 5 43 68 91 52 41 65 69 82 1 42 2 45 16 49 37 86 81 12 85 74 95
24 93 37 70 49 13 87 42 43 11 86 46 57 59 28 4 18 27 0 89 1 50 17 75 64 14 20 66 2 41 5 80 10 32 38 68 19 9 48 40 3 82 95 91 22 7 85 76 69 74 62 71 73 39 31 77 78 88 36 44 81 67 15 63 29 25 34 51 55 83 65 35 23 21 54 92 8 61 58 84 79 53 47 94 30 90 6 56 16 60 52 45 26 12 72 33
82 2 50 38 22 88 4 95 5 0 37 8 17 76 64 45 89 85 58 48 24 28 27 35 13 73 39 16 19 79 34 62 78 23 91 15 87 53 81 7 36 49 1 55 40 44 65 60 57 92 41 59 70 21 51 20 30 75 72 9 83 12 33 77 56 26 90 93 11 32 14 47 71 67 86 74 25 46 42 29 94 6 52 80 63 61 3 43 68 84 54 69 10 66 31 18
32 0 62 26 61 16 49 53 36 12 34 52 90 9 60 21 70 81 69 44 33 65 10 86 78 59 14 84 23 28 6 80 74 17 31 72 88 68 41 42 67 11 7 57 45 1 13 29 92 87 95 71 27 8 73 85 38 37 83 58 75 4 54 40 18 76 79 20 93 48 63 43 47 46 94 22 91 35 5 89 55 30 66 15 50 19 2 51 64 39 77 24 82 3 25 56
89 87 50 37 63 43 14 55 30 94 28 74 86 24 60 67 33 91 22 9 8 39 23 41 15 45 52 19 69 59 4 34 18 46 92 31 38 17 81 64 12 61 68 76 72 73 51 16 25 79 29 11 83 93 13 49 65 21 3 77 26 36 80 56 48 54 27 6 5 1 71 85 53 90 88 66 10 35 40 95 32 78 82 84 58 44 42 47 7 62 20 2 70 0 57 75
20 73 83 62 58 24 48 39 93 50 88 79 38 66 51 23 8 6 17 60 31 82 10 86 34 70 74 14 0 57 13 7 47 69 29 77 54 11 35 28 63 12 40 37 89 84 27 45 81 15 41 3 32 53 67 80 65 92 52 26 91 4 36 78 85 49 44 55 42 18 64 1 16 9 30 95 21 75 71 68 25 22 5 59 90 43 33 61 19 76 87 46 2 56 72 94
65 40 20 71 42 9 22 63 92 3 53 58 0 59 4 77 12 81 55 80 35 33 38 68 11 62 54 74 43 31 19 84 39 88 83 72 1 91 10 29 8 34 85 75 93 41 86 16 57 27 13 51 36 2 61 6 52 87 37 94 64 60 47 17 25 44 23 49 24 95 30 82 69 21 28 90 70 15 79 18 73 67 89 32 48 50 78 14 56 7 46 26 5 45 66 76
42 41 26 5 65 75 23 84 46 39 3 54 45 70 15 22 56 33 71 48 89 57 59 27 43 58 11 91 6 87 7 53 82 9 93 2 12 28 81 61 10 68 74 18 55 60 51 17 29 67 64 62 83 13 66 8 30 52 4 77 49 40 69 80 47 35 44 95 85 38 76 19 94 78 88 73 31 36 50 14 32 0 90 72 34 21 37 20 86 63 79 24 92 16 25 1
3 83 76 64 88 33 61 58 15 48 13 63 91 25 51 78 20 8 70 32 59 11 2 74 47 35 94 7 60 39 34 72 68 69 37 54 75 6 44 87 5 14 10 42 56 43 67 46 49 84 93 26 81 24 21 23 12 41 53 50 85 28 89 45 19 86 57 30 0 95 22 92 52 65 27 71 18 17 38 77 1 16 29 9 73 90 36 4 79 55 40 82 66 31 80 62
74 7 28 35 70 76 77 56 66 29 42 90 8 48 69 83 34 4 75 44 38 87 80 82 39 64 14 65 12 31 92 23 43 61 22 55 89 59 51 47 93 16 94 26 33 3 67 13 71 58 53 57 49 50 86 52 20 60 68 2 45 1 6 15 37 81 18 84 88 54 62 24 19 85 25 27 10 73 9 95 46 41 63 78 21 30 32 5 91 40 36 79 17 0 11 72
85 57 58 22 68 50 21 81 94 71 56 59 30 11 33 0 19 14 54 83 80 87 95 44 77 2 53 91 42 24 70 92 55 76 62 37 20 35 7 3 90 18 41 93 27 28 29 79 65 9 73 38 1 45 47 36 49 82 31 43 12 67 10 34 88 8 13 15 17 64 86 48 66 84 78 72 26 46 61 4 16 32 60 40 63 6 89 75 23 39 51 25 5 52 69 74
3 33 39 51 59 82 0 61 54 2 53 29 35 34 50 27 57 52 44 89 11 6 16 37 76 18 23 43 68 67 77 17 5 90 80 36 71 95 91 13 55 65 21 41 81 73 7 88 26 46 66 94 4 58 10 30 69 93 20 31 64 38 15 14 63 83 62 24 22 12 87 79 86 40 45 70 75 42 49 9 92 84 25 74 72 19 47 1 85 28 78 56 8 32 48 60
82 35 37 72 95 48 83 53 16 57 88 21 3 11 74 5 65 49 78 30 31 2 87 33 18 32 14 64 77 38 61 59 84 89 26 4 12 20 19 92 75 85 73 40 80 71 81 24 39 13 90 67 25 76 8 42 7 62 10 79 51 6 0 86 34 68 43 23 91 66 1 55 94 9 28 47 36 69 50 58 70 15 22 44 93 52 41 29 56 27 45 46 60 63 54 17
62 39 56 68 53 40 49 91 18 38 90 83 27 3 31 87 57 1 33 71 65 66 58 0 42 82 94 81 45 54 11 19 9 85 46 63 37 41 6 13 89 4 73 72 36 32 10 69 14 20 44 60 7 34 70 78 79 75 77 5 22 59 15 2 28 93 43 35 55 16 67 47 52 76 30 12 74 29 86 50 95 24 88 48 8 17 26 51 84 64 21 92 23 61 25 80
89 16 34 8 62 76 26 36 71 47 53 56 63 60 46 39 82 69 57 2 81 50 54 33 22 90 74 28 6 55 14 42 77 66 1 94 41 31 37 93 75 25 3 87 79 86 51 9 21 85 38 45 91 35 65 20 72 61 73 10 19 4 18 83 15 70 13 7 59 43 80 30 92 49 58 48 84 17 5 64 32 40 52 88 68 29 11 23 78 27 44 67 95 0 24 12
68 37 66 14 83 22 59 29 34 52 19 7 3 44 4 75 53 79 2 76 80 32 45 38 35 6 5 62 26 47 56 95 24 72 43 33 39 82 46 36 9 81 58 60 88 86 23 90 11 54 48 55 21 27 85 70 42 15 12 51 78 61 89 84 31 65 16 69 92 1 13 71 17 63 94 40 87 77 25 28 74 0 73 10 41 50 91 18 57 93 64 20 49 67 30 8
21 27 67 60 79 64 38 54 88 57 39 42 29 91 30 23 14 45 49 40 32 84 44 33 65 7 82 51 68 4 87 75 9 31 43 52 5 69 62 3 17 36 10 85 13 26 20 73 83 56 37 76 63 19 41 77 6 86 22 70 78 24 66 93 0 58 61 8 15 50 89 1 74 59 53 94 90 25 11 81 28 35 71 12 46 92 48 72 55 80 95 16 18 47 34 2
30 7 61 1 32 2 76 19 68 85 52 60 18 56 6 23 42 35 9 82 65 50 14 87 22 44 11 29 17 89 58 62 21 64 43 73 51 24 78 92 49 90 67 59 94 88 69 70 46 84 66 54 48 38 72 55 10 39 75 91 81 57 53 37 27 33 41 63 8 20 86 28 3 40 12 83 0 15 34 47 93 25 95 77 74 79 5 71 16 80 26 45 4 31 13 36
12 24 51 67 57 17 68 42 28 71 59 52 90 35 55 14 34 63 2 80 5 29 56 88 11 85 48 47 15 27 46 91 58 33 1 66 77 6 9 43 69 23 22 79 37 39 32 76 82 0 21 8 74 13 60 7 53 89 38 44 73 31 25 95 83 40 4 81 84 49 36 20 62 10 18 70 75 3 26 72 93 45 65 41 16 19 30 94 54 78 87 50 61 64 92 86
8 4 24 58 69 11 36 46 12 68 3 53 37 79 92 82 47 14 66 20 10 43 91 56 67 78 90 52 55 84 73 75 44 2 72 60 81 33 38 61 76 31 77 87 88 27 65 95 16 51 41 5 83 1 28 70 0 15 71 94 35 85 89 74 18 42 80 49 19 25 17 32 13 62 40 48 29 30 34 22 86 9 57 26 50 45 63 93 39 59 23 21 6 54 64 7
18 41 25 57 43 90 67 72 77 88 35 95 64 27 61 29 50 92 60 74 94 8 11 71 48 4 23 5 34 69 14 91 36 84 47 26 83 32 19 28 85 31 58 9 22 51 20 81 52 76 53 56 87 79 21 66 16 59 2 40 37 38 73 24 54 63 17 75 42 39 89 80 68 15 70 93 65 55 78 33 49 10 30 86 62 13 12 6 44 3 45 0 46 7 1 82
25 75 87 66 47 82 52 14 73 88 68 15 53 2 78 93 5 20 22 80 37 19 55 34 33 13 50 94 92 12 65 26 11 9 24 90 23 67 40 77 84 60 4 17 71 48 6 36 8 70 43 30 63 79 91 58 44 1 49 21 18 62 74 86 51 7 27 54 0 31 64 72 39 10 42 29 32 56 41 35 89 85 59 28 57 46 76 81 38 61 95 16 3 83 45 69
36 94 61 54 30 92 82 45 7 20 57 50 78 13 42 67 16 28 9 71 44 63 74 11 2 5 15 55 88 69 25 76 83 79 27 68 93 60 90 14 87 18 39 40 23 19 17 75 47 35 65 48 66 32 52 8 59 4 81 64 77 41 29 10 37 91 38 70 53 6 21 1 31 95 26 80 24 56 46 58 73 51 12 33 84 43 49 3 86 72 62 22 0 34 89 85
67 78 82 31 85 76 93 44 57 38 20 90 37 39 66 62 6 17 15 35 47 21 18 16 19 11 2 34 48 26 70 27 61 4 88 33 94 41 63 7 84 68 72 22 25 1 89 13 58 53 30 60 10 23 65 92 14 77 54 56 59 5 24 81 32 87 75 64 9 49 69 86 51 52 12 71 0 43 74 83 28 29 55 50 42 79 80 8 91 73 40 46 36 3 45 95
46 38 41 62 40 11 49 25 52 17 48 59 50 3 7 69 70 88 12 73 61 34 53 47 30 45 67 23 27 10 5 77 43 87 29 8 55 80 33 24 2 15 78 83 20 16 44 91 71 56 85 35 14 65 6 39 76 79 75 82 21 37 64 13 54 18 60 68 95 63 66 51 31 26 94 22 93 72 1 58 90 84 81 57 28 4 0 32 36 19 74 9 92 42 89 86
29 31 33 37 39 60 84 42 46 9 95 3 59 93 92 87 75 86 26 49 15 23 30 38 51 16 78 79 62 81 80 13 85 58 44 21 43 91 56 64 14 71 18 10 6 72 50 32 63 89 11 77 40 52 83 66 19 5 34 47 73 69 88 65 61 54 2 70 76 90 25 55 20 35 1 12 0 48 67 36 27 7 57 82 28 53 74 8 94 24 17 68 41 45 4 22
78 46 24 13 70 44 20 48 51 69 45 38 50 64 76 9 17 89 25 23 6 28 31 47 49 60 72 75 61 10 84 43 26 59 86 15 58 12 32 19 62 92 22 93 95 18 56 36 91 65 71 79 94 67 68 2 77 14 41 83 52 29 4 42 66 11 3 88 85 74 7 40 87 27 82 16 33 81 73 30 90 55 0 5 80 34 8 54 35 39 63 1 37 21 53 57
5 84 25 23 12 68 52 33 54 6 66 53 11 69 57 39 56 24 76 38 50 74 19 3 2 82 31 72 55 1 71 75 70 18 7 15 62 91 43 40 63 4 65 88 35 61 85 80 28 32 10 58 47 37 83 30 16 14 95 0 67 49 22 27 64 86 42 81 46 36 78 92 87 21 77 17 8 51 45 73 79 60 93 26 94 34 89 48 41 44 29 90 9 13 20 59
38 55 85 14 71 0 36 93 53 65 50 46 10 7 82 69 20 88 37 92 13 52 70 76 66 73 25 35 16 80 21 31 64 67 56 74 51 42 30 5 9 23 58 45 90 2 78 75 57 22 79 59 63 12 28 1 15 81 18 8 33 60 95 41 91 32 40 6 47 62 72 49 61 87 24 54 17 11 43 89 4 3 19 26 27 39 48 29 86 77 83 44 34 84 94 68
73 8 29 87 22 27 18 19 6 86 72 45 80 85 7 13 44 33 70 32 71 52 91 54 76 55 28 30 81 64 63 15 39 38 23 10 5 62 49 24 79 0 51 12 2 90 65 93 75 57 26 47 53 50 95 78 82 46 41 60 69 14 40 48 94 9 89 61 16 68 59 92 36 21 58 84 1 37 67 77 34 17 74 35 42 56 43 66 11 83 88 4 25 3 31 20
6 86 93 91 75 50 71 13 44 85 83 41 28 2 89 53 84 90 3 77 9 81 42 49 21 60 17 14 4 59 45 95 23 68 29 47 94 88 24 80 12 82 15 48 22 16 70 87 33 56 25 65 78 27 26 63 38 11 69 66 0 35 64 74 8 39 20 76 40 31 72 43 79 58 36 57 55 54 61 7 51 46 18 37 30 67 32 1 34 10 5 19 92 52 73 62
80 85 64 48 84 62 81 83 29 10 88 95 57 23 1 65 19 13 44 51 66 69 90 61 77 5 63 46 12 71 30 87 2 89 76 14 3 43 45 16 26 28 0 79 49 35 68 34 54 39 18 55 91 50 31 60 17 73 7 52 24 4 32 82 22 58 27 93 92 8 37 78 42 75 86 36 33 41 38 70 40 56 9 21 11 67 15 59 53 94 47 25 72 6 20 74
32 3 44 92 8 33 39 88 87 46 15 83 17 82 31 70 38 76 30 95 84 25 58 65 0 28 24 40 67 62 91 7 53 64 74 6 26 48 1 80 10 56 51 69 79 54 49 52 13 45 63 71 18 90 61 9 12 72 86 78 37 73 23 47 57 4 22 93 5 29 68 16 89 19 11 2 27 36 55 43 77 35 20 21 66 34 50 59 14 85 42 81 60 41 94 75
48 80 60 0 10 25 18 27 46 72 76 4 33 59 28 47 51 57 6 87 67 64 45 19 89 38 71 39 3 66 92 83 34 20 68 7 79 37 84 70 53 29 86 63 41 9 90 40 93 82 65 44 36 52 69 14 94 78 17 43 56 77 81 35 31 22 73 61 54 8 2 24 50 12 88 5 32 1 16 42 62 21 95 15 26 91 55 11 13 58 74 23 30 75 85 49
54 9 45 83 14 92 82 24 4 78 70 25 35 49 87 30 3 26 43 86 77 13 10 80 60 79 73 51 12 88 32 7 66 58 20 62 37 91 40 0 15 56 93 53 59 21 75 41 11 28 8 5 1 71 76 50 55 74 63 47 42 46 22 67 39 6 81 85 36 34 44 68 27 65 89 64 52 38 31 84 19 16 33 48 2 29 94 18 69 61 72 17 57 95 23 90
83 4 92 63 93 22 9 35 51 66 43 40 84 94 3 58 53 65 42 82 44 1 15 12 26 52 55 25 28 11 67 73 10 23 20 69 19 90 70 85 27 54 61 0 38 48 2 74 39 31 95 34 91 29 7 56 18 5 14 24 76 79 8 47 6 86 50 89 30 72 68 49 88 64 33 36 62 75 59 80 81 45 78 57 71 21 32 46 17 41 87 60 16 37 77 13
16 82 13 63 30 18 7 79 14 64 49 59 45 92 72 47 46 23 12 39 83 5 34 27 94 71 73 56 31 33 32 3 85 25 42 90 43 28 11 41 9 69 57 4 62 65 80 17 24 91 15 61 53 89 68 40 81 60 86 52 88 38 51 29 76 50 19 78 74 10 20 48 2 66 21 6 55 75 44 54 70 58 84 95 93 35 8 26 36 22 1 37 67 77 0 87
25 58 23 69 31 10 11 9 80 7 55 51 53 89 39 78 88 85 22 47 5 75 3 19 81 82 48 50 65 18 87 57 1 72 52 70 61 38 79 30 35 73 94 32 90 12 6 86 16 34 76 29 59 62 8 36 84 33 21 66 77 0 40 74 15 67 93 45 27 44 14 92 64 41 42 54 56 17 63 13 83 71 26 60 2 28 46 95 4 68 49 43 91 37 24 20
70 20 69 89 44 1 11 16 50 22 30 53 63 54 45 49 86 51 85 95 13 18 36 5 34 77 12 40 72 76 0 94 42 78 38 68 17 3 43 84 92 52 91 74 88 29 83 57 90 10 60 41 59 56 14 73 19 33 4 46 62 82 75 21 58 79 28 71 7 87 37 80 66 48 8 27 31 2 23 39 65 81 15 6 26 55 67 61 32 47 93 35 25 9 24 64
43 15 68 4 3 70 0 44 54 42 6 83 76 86 84 18 32 81 28 33 21 78 22 85 5 72 8 26 90 89 25 29 64 92 1 62 45 36 59 52 27 9 14 51 12 79 10 47 95 38 2 80 60 34 66 49 19 65 31 71 48 13 94 87 20 50 30 73 93 17 41 82 58 7 88 57 56 55 11 77 16 69 40 35 37 63 75 74 61 67 23 46 24 39 53 91
2 1 55 52 93 44 23 22 0 47 43 94 6 19 67 39 56 84 82 34 92 58 7 61 63 95 83 25 70 28 33 27 54 73 8 65 72 88 24 18 17 30 80 48 66 74 50 40 59 85 36 86 57 69 90 26 29 76 46 31 49 12 16 62 10 60 79 91 4 21 81 15 35 13 45 53 9 89 75 32 5 71 68 14 51 42 37 41 77 78 3 64 11 20 38 87
14 19 82 30 17 20 43 66 60 55 63 95 87 38 73 1 80 85 41 81 10 2 52 9 75 57 76 78 37 22 0 65 74 25 53 89 46 77 42 35 86 90 13 83 32 88 31 36 40 48 45 26 72 15 51 93 84 79 11 27 8 69 54 94 18 4 67 23 61 7 28 44 29 33 71 5 49 16 6 47 3 34 59 91 64 56 24 62 12 70 58 50 39 92 68 21
38 62 76 37 95 20 22 36 8 33 77 93 66 15 26 74 40 16 6 19 88 3 87 45 35 53 90 82 2 64 69 78 21 67 84 30 92 34 85 11 18 5 31 27 44 32 94 46 12 7 55 72 83 49 4 58 51 68 80 9 81 63 42 65 61 0 13 47 60 57 29 24 70 28 1 56 48 54 23 41 89 50 17 14 25 10 91 43 59 39 71 52 86 79 75 73
5 7 13 9 11 46 64 82 49 70 4 58 55 31 75 91 51 83 66 37 86 92 35 34 15 16 89 73 30 38 0 25 63 62 26 3 2 19 54 42 68 60 39 41 29 85 48 95 87 56 47 74 61 18 24 28 72 43 36 50 90 8 71 27 65 1 76 23 12 94 69 78 52 20 6 88 44 33 93 32 45 21 53 81 14 40 59 67 17 79 84 22 10 57 80 77
94 48 67 28 89 9 31 74 3 65 77 85 61 4 42 21 51 57 20 62 22 14 34 12 84 86 33 93 23 32 24 78 43 30 92 63 47 72 58 10 0 36 16 13 68 64 83 35 49 70 45 75 60 19 38 81 82 91 18 53 88 80 15 71 90 95 79 50 6 59 25 7 29 87 39 66 69 44 76 2 41 26 46 56 73 54 17 27 8 5 52 11 37 40 55 1
73 4 31 59 75 69 15 93 94 27 49 36 79 30 29 90 25 81 48 76 56 58 46 20 39 57 80 28 78 51 54 8 41 47 18 68 34 3 67 89 43 70 95 1 45 32 42 11 44 77 85 84 38 2 88 22 60 64 21 65 13 74 10 37 71 23 61 12 55 26 82 0 17 53 66 83 5 62 35 24 16 92 19 91 40 7 33 72 63 86 50 52 14 87 6 9
56 81 92 80 17 44 18 9 40 88 90 57 13 28 1 21 42 29 52 73 75 63 71 3 83 31 7 41 5 35 15 94 54 2 53 11 39 77 76 27 8 47 34 51 82 46 20 70 19 86 12 78 79 16 85 10 0 55 49 25 30 6 67 32 23 95 45 26 68 62 22 59 93 60 69 84 24 89 64 74 36 33 4 37 72 65 38 91 50 66 14 48 61 87 58 43
13 30 41 74 78 63 36 69 79 84 86 44 8 35 54 53 95 5 73 93 18 34 64 71 29 67 39 57 55 70 87 65 6 40 10 1 52 22 32 0 23 46 60 31 75 66 20 76 4 51 15 27 47 37 89 77 7 88 19 82 58 12 21 80 68 9 33 94 17 38 3 25 81 90 2 11 72 92 85 45 48 91 62 26 24 28 42 49 83 56 14 16 43 61 59 50
77 37 49 20 3 39 34 47 53 24 62 26 83 74 16 19 35 91 71 9 7 21 61 90 45 75 84 51 31 13 58 29 81 11 56 17 2 44 72 64 22 86 0 95 36 79 30 46 27 57 48 93 38 10 25 65 32 33 60 94 55 67 92 8 80 69 59 23 41 89 70 4 1 42 73 66 76 18 78 88 28 40 68 54 85 63 5 50 14 15 43 87 6 82 52 12
78 28 47 0 7 24 63 8 50 39 22 68 26 71 18 11 36 55 33 94 5 82 93 79 67 87 74 89 84 2 95 21 44 91 10 54 35 6 60 52 77 29 57 56 31 25 75 42 3 16 9 30 23 45 1 32 51 58 66 40 17 92 4 76 37 34 86 83 13 38 43 59 80 72 64 53 41 14 65 69 20 81 62 27 88 48 15 70 46 19 73 61 85 49 90 12
65 31 71 88 81 34 9 48 86 29 63 53 43 41 95 74 76 55 92 59 46 82 6 21 89 38 10 51 54 75 25 11 5 0 19 66 56 78 57 17 28 72 3 33 18 1 20 15 50 80 8 40 47 13 2 94 24 91 77 79 14 84 4 85 60 87 44 45 26 42 23 16 52 22 32 61 69 37 90 7 73 83 35 70 64 49 58 93 27 62 30 68 67 39 12 36
30 28 60 57 46 29 43 70 77 5 87 66 7 92 41 68 62 78 35 38 69 86 89 34 47 59 16 31 82 11 1 91 2 88 17 75 39 74 81 10 22 64 90 94 95 48 44 19 61 24 51 50 80 45 93 23 49 85 37 54 3 83 32 73 26 63 36 84 9 56 76 8 55 27 67 40 42 14 25 71 53 15 33 21 6 52 65 0 20 58 79 18 13 72 12 4
56 53 86 10 62 12 38 79 21 90 69 77 16 72 0 27 64 46 50 59 49 68 25 94 60 82 52 84 51 17 22 5 33 54 70 1 15 76 28 9 40 19 37 36 7 55 24 42 63 48 43 32 88 78 13 58 93 39 35 18 85 91 26 83 61 65 74 6 3 8 57 67 75 11 23 41 44 30 31 29 73 4 47 14 66 81 34 87 80 2 71 20 89 92 95 45
67 8 14 92 89 5 58 3 40 36 35 93 10 30 26 20 88 78 38 85 1 63 46 17 86 47 49 23 33 45 79 55 28 83 19 60 24 75 54 2 73 25 29 53 31 64 43 76 84 7 13 81 42 77 66 12 87 34 37 15 71 0 21 44 52 82 4 70 51 32 6 48 69 56 39 22 74 90 68 50 62 11 91 27 95 72 59 80 57 65 9 41 18 61 94 16
63 87 60 55 14 69 94 49 73 20 81 64 48 8 92 43 7 21 35 46 29 12 33 95 79 70 0 3 22 13 50 41 31 82 75 16 91 32 74 42 83 77 36 71 84 23 24 59 47 37 76 89 61 66 9 53 6 54 58 11 65 38 40 68 44 78 80 10 26 86 51 28 18 5 45 62 15 52 4 57 56 72 30 17 34 25 1 2 93 39 19 90 27 85 88 67
33 12 16 18 43 10 94 6 25 34 83 38 17 50 39 24 53 73 35 32 37 19 9 7 30 42 51 93 71 0 76 46 28 61 78 85 54 52 87 67 27 36 8 3 68 4 66 90 84 5 70 59 92 65 14 22 23 62 81 21 48 40 41 55 88 45 47 72 44 49 57 58 63 82 56 60 26 11 69 80 1 29 89 86 74 75 64 91 13 77 20 79 95 31 15 2
64 2 88 31 84 17 3 65 5 16 92 33 69 18 59 86 56 41 73 95 80 23 29 66 93 25 50 54 12 58 36 10 32 71 90 62 11 38 1 8 70 77 42 26 46 14 67 13 7 55 53 51 30 60 28 4 40 75 49 27 52 47 45 15 22 6 21 57 34 94 43 19 79 37 39 72 24 74 89 76 83 0 91 9 35 78 61 20 68 63 87 82 85 48 44 81
37 12 61 65 59 0 6 15 40 74 75 17 27 69 44 60 51 32 26 7 93 45 71 19 25 56 83 52 54 35 89 64 78 8 22 14 13 43 77 73 92 39 16 88 86 21 34 68 5 90 50 87 48 36 80 30 11 81 29 41 18 63 79 1 95 72 55 58 62 20 57 4 76 67 91 46 24 42 28 70 82 23 10 66 85 3 38 9 49 31 94 47 53 2 33 84
19 53 41 51 91 65 4 16 73 26 43 54 88 67 8 11 93 6 63 23 81 42 20 5 77 2 25 30 13 34 78 89 48 87 3 18 72 33 15 85 7 27 24 10 64 58 90 35 28 55 31 9 44 94 47 21 39 76 32 56 14 74 82 61 86 38 80 12 84 62 75 17 1 66 83 36 45 69 52 50 57 37 0 79 22 40 59 71 70 46 68 95 29 60 92 49
50 9 80 88 43 15 55 67 95 12 34 72 24 14 41 62 45 20 36 44 56 46 83 54 31 1 38 53 74 42 93 86 28 25 32 65 78 3 91 57 21 2 6 52 90 35 63 0 77 92 29 61 75 40 8 37 27 82 30 69 51 11 13 18 66 73 49 89 7 94 47 85 58 84 22 64 60 23 16 48 68 81 33 19 71 17 59 39 87 5 79 76 10 26 70 4
69 50 86 17 33 51 95 0 20 43 18 12 65 7 68 94 2 11 92 49 84 78 39 89 35 81 22 6 24 46 62 44 72 90 82 10 31 5 16 53 79 32 40 58 8 13 59 48 37 25 15 61 27 4 77 47 85 74 80 21 75 91 34 71 64 28 55 73 54 76 63 60 52 3 41 66 14 56 93 42 23 26 67 36 19 1 88 9 57 30 70 29 87 45 83 38
34 89 10 8 35 3 22 7 14 58 92 17 33 76 62 0 77 15 40 88 23 64 61 5 87 78 47 4 55 24 56 19 57 2 9 41 59 65 27 63 42 51 94 30 32 50 90 85 74 79 82 73 70 93 80 48 46 18 37 31 45 49 72 39 44 26 75 43 36 28 13 38 52 53 60 20 21 84 95 11 83 67 54 6 69 29 91 86 68 25 1 66 16 12 71 81
45 67 49 88 47 13 41 26 68 24 23 0 89 28 39 54 43 80 11 84 63 83 86 58 73 36 4 77 9 52 72 29 75 48 69 71 10 19 37 46 92 59 42 40 64 3 82 53 93 50 55 61 6 76 56 85 16 90 65 34 1 7 57 35 62 15 27 12 8 22 38 74 5 60 94 87 44 91 70 33 30 17 51 14 66 25 32 20 31 79 18 95 21 81 78 2
6 93 92 65 44 54 13 40 50 25 77 85 5 76 90 31 32 7 70 91 38 22 48 52 9 16 15 35 60 63 3 80 58 37 17 42 23 39 4 72 10 74 41 81 61 56 64 29 49 83 94 84 69 8 51 47 43 71 87 82 95 75 1 27 46 86 36 2 24 62 45 33 14 55 73 59 18 11 78 19 34 53 57 88 28 79 68 21 89 66 0 67 26 30 20 12
0 49 35 3 55 25 6 65 73 53 83 78 64 30 50 33 8 75 12 29 32 19 7 67 90 79 63 70 87 16 28 41 5 31 9 13 42 46 92 43 45 95 74 22 17 86 54 62 36 60 93 68 20 94 48 15 76 77 2 47 18 51 26 4 89 84 23 57 38 27 10 44 61 58 72 21 88 14 69 34 56 40 85 80 52 37 11 82 71 66 81 1 59 24 39 91
4 6 76 23 37 47 56 14 35 84 32 1 83 2 33 73 15 27 17 20 75 43 90 24 77 86 67 53 45 92 21 69 18 34 95 19 12 29 48 28 88 26 91 85 63 39 54 36 40 74 46 66 11 49 38 65 62 80 93 72 68 50 3 22 55 51 60 82 87 78 8 31 61 5 81 70 94 57 89 71 79 59 42 16 52 44 7 13 0 58 9 25 10 64 41 30
44 9 24 84 12 34 31 57 55 4 26 46 14 62 39 59 52 33 63 72 88 48 11 19 61 81 1 40 43 91 80 15 51 93 29 37 32 5 7 20 22 65 45 94 53 16 13 74 49 64 69 67 71 42 77 76 60 47 50 2 25 35 82 92 78 0 58 66 89 87 28 73 23 27 8 17 54 95 6 3 79 10 30 56 90 70 21 86 85 18 41 38 68 75 36 83
7 43 27 23 38 87 63 62 70 71 46 45 52 93 75 54 10 26 83 22 68 25 72 49 78 21 6 59 0 8 12 47 35 39 85 13 95 80 2 48 61 3 11 57 44 18 14 50 64 34 74 77 55 53 24 91 4 36 19 56 81 42 1 16 32 76 65 92 51 86 31 30 20 84 40 89 37 33 90 79 28 73 41 67 88 5 94 17 69 66 29 9 58 15 60 82
48 18 65 88 81 34 77 72 40 52 49 41 80 71 0 61 84 91 50 32 19 7 37 87 38 67 55 23 20 82 70 16 54 90 45 44 11 21 85 22 53 78 64 1 66 74 68 43 15 58 24 79 42 28 59 51 57 26 94 25 13 73 69 86 5 14 46 2 63 17 83 27 36 9 10 56 75 60 31 3 92 89 8 76 39 12 29 47 4 30 6 35 62 33 95 93
50 26 79 15 84 90 27 92 59 35 93 94 24 23 7 14 5 86 68 11 13 31 21 3 44 63 71 57 34 12 67 20 80 52 38 55 28 65 58 54 83 19 72 81 85 73 56 36 6 61 9 88 37 87 46 43 95 60 32 17 48 8 2 78 77 64 18 89 91 53 25 33 39 49 47 1 0 62 82 4 41 42 29 40 51 76 75 70 16 22 74 66 45 30 10 69
34 3 51 25 64 12 14 89 75 23 77 54 43 24 7 55 0 37 46 5 20 28 16 11 71 57 21 1 32 86 33 4 70 90 18 94 79 13 84 73 35 39 87 59 41 17 44 69 92 31 83 30 49 78 60 26 67 50 58 56 42 22 88 68 52 10 85 48 15 53 80 76 36 93 8 9 2 45 62 66 81 74 95 47 6 63 19 61 65 82 29 91 27 40 72 38
65 63 77 23 85 49 1 73 36 94 54 82 27 53 75 76 59 31 93 46 37 12 19 55 33 66 67 51 3 25 84 60 28 78 30 26 8 6 42 88 47 57 86 80 69 16 17 89 50 20 40 92 58 52 45 81 32 95 56 21 83 34 43 10 87 11 91 15 7 79 2 74 44 22 18 61 90 72 41 5 48 29 0 70 13 64 24 4 68 35 14 9 62 39 38 71
56 7 76 92 39 2 9 19 71 21 89 34 25 13 26 60 65 86 8 20 40 42 1 72 95 47 50 94 88 36 55 48 16 90 82 91 85 12 53 5 61 52 93 84 32 18 17 59 4 79 23 44 64 29 28 33 35 46 41 27 78 11 54 58 37 67 75 74 81 51 77 24 69 10 31 38 87 45 80 14 43 0 30 66 3 62 73 57 22 63 83 70 6 49 15 68
23 80 29 26 34 95 46 24 89 90 77 91 61 86 18 20 41 11 19 94 73 63 64 70 5 79 68 35 69 0 40 93 50 60 51 76 33 13 88 74 66 84 92 67 12 15 52 57 59 43 81 48 6 38 28 54 36 2 31 45 85 83 56 62 4 3 53 9 49 44 72 25 42 82 7 75 78 14 37 21 8 1 55 27 39 65 87 22 32 17 47 16 30 71 58 10
62 65 32 42 0 79 59 8 22 39 61 85 72 69 64 48 13 83 55 73 75 92 5 41 49 70 10 68 40 87 50 90 60 23 81 91 28 51 14 25 27 34 35 15 54 43 7 86 24 1 16 33 19 80 20 84 37 74 46 71 63 82 30 6 67 45 77 93 95 78 57 31 44 58 12 29 2 21 36 4 94 89 56 47 11 17 66 3 26 53 88 38 9 18 52 76
23 66 20 53 71 18 86 9 83 1 92 11 29 42 57 37 26 19 31 36 70 74 24 88 3 25 48 93 13 62 21 4 2 89 35 5 54 80 41 52 38 39 28 44 30 0 78 72 47 10 95 49 17 55 43 91 65 79 56 82 85 75 34 14 94 51 64 73 61 27 77 69 84 22 40 8 87 15 16 50 60 6 81 33 12 67 68 63 76 58 46 90 59 45 32 7
73 42 84 21 33 2 48 19 38 5 45 75 18 89 59 80 1 81 86 60 82 26 20 77 10 28 46 74 55 47 56 29 32 53 90 95 87 93 8 40 78 17 9 12 0 51 16 36 4 66 7 44 62 30 49 61 11 35 58 69 39 72 50 63 92 52 15 3 70 71 68 22 43 64 24 14 31 76 6 54 65 57 13 23 91 94 83 25 34 79 67 27 85 88 41 37
67 91 13 6 35 3 7 86 69 81 33 9 75 42 16 43 76 32 31 8 39 18 85 24 60 58 17 56 55 73 52 34 87 89 15 1 70 64 19 61 21 11 10 80 95 79 30 25 14 54 78 57 68 45 72 26 63 93 23 41 71 50 44 47 5 94 22 36 92 83 2 62 84 82 20 59 27 28 74 65 48 29 53 37 77 51 0 40 66 4 46 12 90 88 38 49
78 20 11 76 89 86 39 62 53 95 8 50 45 68 33 36 94 3 57 43 42 35 30 64 40 29 72 38 9 22 85 31 34 87 10 1 69 37 75 41 2 4 13 27 63 71 61 47 6 15 91 49 84 58 92 93 55 12 48 52 82 16 24 77 18 5 67 28 19 21 88 7 73 60 46 17 70 14 0 74 56 32 66 54 23 51 65 59 44 26 80 81 25 83 90 79
52 69 44 60 63 21 88 13 67 22 6 36 24 64 33 10 39 74 54 31 87 49 7 25 17 81 72 19 92 3 47 20 76 35 95 43 77 48 75 68 26 38 34 66 11 55 62 27 9 78 83 90 45 42 12 1 46 53 23 91 80 71 82 50 51 59 56 16 65 30 58 41 85 37 73 70 61 18 15 14 40 29 2 57 4 79 32 28 89 5 94 93 86 0 84 8
28 91 17 13 64 14 79 43 63 2 75 23 24 57 10 55 81 53 86 1 8 60 66 73 71 95 67 52 47 42 3 59 25 77 44 33 87 90 46 69 0 74 19 20 40 5 11 45 51 26 88 18 31 30 83 15 21 82 80 41 56 4 72 27 36 7 34 35 38 92 89 50 16 94 32 93 62 39 58 84 61 65 9 12 37 78 48 6 54 49 85 29 22 70 76 68
20 81 24 45 87 88 18 50 82 14 55 1 23 59 48 44 46 39 11 79 71 90 19 13 27 68 83 62 17 95 80 0 33 28 16 41 40 58 70 42 57 94 51 9 64 92 69 52 73 77 30 53 38 4 76 85 61 37 25 72 5 60 65 10 78 54 49 7 47 12 36 3 91 15 6 67 31 21 89 8 34 2 32 63 66 93 26 74 35 29 84 22 75 43 56 86
44 45 34 65 24 82 6 78 92 57 43 69 53 87 90 95 39 30 40 15 9 52 47 28 12 70 2 22 93 29 8 46 42 48 41 58 38 72 27 18 13 81 20 31 5 14 61 19 26 73 49 85 88 36 33 25 1 64 80 91 23 60 10 16 76 17 3 62 55 0 21 84 54 74 86 66 89 77 35 37 83 7 71 79 51 75 11 63 67 94 32 68 4 50 56 59
43 11 82 91 51 46 29 38 66 35 89 24 7 4 12 73 3 1 16 94 77 45 19 0 33 13 5 10 64 69 86 84 72 14 87 68 49 63 79 55 52 20 54 61 95 57 39 44 22 42 8 36 70 27 93 60 85 74 40 88 2 17 67 71 80 90 65 15 9 50 32 18 30 59 47 92 26 56 81 6 83 28 48 41 23 25 62 75 31 37 53 21 78 58 76 34
14 60 5 53 30 61 18 37 80 91 78 86 28 72 3 93 70 47 32 11 21 6 13 89 68 22 12 54 7 92 83 95 67 69 24 29 65 41 10 48 4 17 26 77 1 46 62 36 58 42 64 76 20 52 16 40 84 50 0 75 74 31 25 8 63 81 49 2 94 55 15 35 82 43 85 90 79 71 23 88 87 27 19 44 56 39 51 38 73 45 9 34 57 59 66 33
40 89 16 15 43 83 5 19 42 9 26 92 0 45 39 87 66 2 48 75 12 95 55 13 63 57 88 77 38 94 3 33 76 22 78 51 31 80 60 64 72 41 1 11 73 71 44 52 8 58 47 32 29 4 59 46 67 50 81 25 34 37 49 79 23 21 53 10 90 56 36 28 69 14 61 91 65 85 24 35 18 54 84 27 30 17 93 82 6 86 62 7 70 68 20 74
82 88 24 28 7 23 95 6 63 18 49 34 72 50 43 91 38 8 10 79 36 19 27 65 30 62 4 2 46 1 71 74 84 54 26 14 61 41 90 69 55 57 47 87 93 5 56 32 48 80 76 64 29 86 31 21 92 59 60 39 15 44 33 53 0 68 16 70 77 81 94 13 89 37 20 3 42 17 85 12 52 58 11 40 51 75 35 45 67 78 9 66 25 22 83 73
87 4 12 80 37 46 78 35 26 40 53 64 51 34 32 50 24 66 75 3 61 11 45 7 55 38 52 6 48 79 86 13 73 71 76 5 68 22 74 56 18 85 29 1 62 77 19 54 15 8 94 2 42 16 81 43 93 9 63 21 72 60 84 59 83 28 67 31 39 69 0 92 14 20 82 88 95 49 27 30 70 47 91 23 33 41 57 65 44 89 90 17 10 36 25 58
15 4 69 45 24 19 38 81 16 44 61 93 68 11 5 56 23 27 50 58 71 73 80 84 34 25 13 10 82 74 77 43 66 8 22 2 51 40 54 46 9 86 35 95 14 0 18 42 78 33 91 65 55 37 39 62 59 1 60 63 89 29 52 21 47 67 26 70 48 88 92 94 90 72 30 31 28 79 64 7 85 12 75 3 87 53 83 57 17 76 32 41 20 6 49 36
2 21 80 84 24 81 83 79 87 46 59 18 43 51 1 12 86 66 50 7 52 15 22 38 17 26 4 42 74 29 40 30 48 70 45 54 44 93 92 57 69 95 47 89 20 9 55 11 28 27 58 10 67 19 71 61 36 31 72 78 41 37 88 39 75 94 25 33 5 16 68 65 23 0 32 64 35 34 3 85 13 53 49 14 62 56 77 90 76 82 8 60 73 91 63 6
13 93 11 58 37 16 10 19 36 41 39 81 26 48 66 45 73 78 28 47 74 50 18 60 63 68 59 7 67 29 22 42 12 3 80 64 1 56 89 20 86 32 15 5 85 57 21 49 9 2 90 52 79 23 35 92 95 76 17 40 0 72 33 94 75 71 4 88 46 6 70 65 53 82 51 77 61 91 25 34 87 44 83 14 62 55 8 27 38 54 31 84 24 69 30 43
2 6 22 82 10 78 76 38 28 56 71 93 95 85 25 81 67 14 19 31 45 3 36 40 59 7 35 73 91 64 89 17 0 49 50 51 21 43 48 61 77 33 11 30 20 5 24 68 57 47 94 12 42 86 53 23 58 34 32 63 54 18 90 37 80 87 83 15 46 66 26 70 55 4 72 16 79 52 69 1 44 29 75 13 65 27 74 60 9 8 88 92 62 41 84 39
44 33 49 62 86 35 72 56 14 37 64 61 16 24 36 19 67 60 87 22 3 59 54 10 47 55 85 80 4 9 17 89 81 52 30 63 79 8 51 91 43 20 6 58 1 15 39 73 42 40 90 12 83 21 32 71 48 11 78 38 45 74 23 69 29 26 46 31 0 50 66 84 94 13 41 92 68 25 27 18 70 95 2 34 5 53 75 76 77 93 7 28 88 65 57 82
38 13 83 49 43 15 12 52 69 22 47 7 0 23 46 48 17 53 79 45 74 89 35 50 14 91 10 65 67 39 59 80 68 62 95 41 51 24 93 70 71 58 6 16 54 61 81 75 78 8 87 57 85 73 40 42 56 29 30 21 26 27 34 36 94 82 25 86 2 72 84 33 1 76 20 11 92 32 9 4 60 5 90 18 64 88 77 31 44 66 3 28 63 55 19 37
2 42 29 48 95 1 50 52 45 63 39 27 62 24 68 56 47 58 11 4 53 61 22 87 71 18 70 88 57 19 5 90 74 69 17 49 31 9 92 80 43 36 93 81 35 0 28 41 26 67 66 8 64 10 44 75 73 84 3 79 54 16 51 13 34 20 25 89 14 40 78 82 46 86 32 85 21 77 76 83 6 33 30 7 65 72 60 94 15 12 23 59 55 91 38 37
49 33 10 65 22 50 12 74 1 32 73 80 51 0 26 15 86 76 35 68 85 70 75 94 72 52 69 48 53 78 43 54 20 61 17 89 60 67 42 29 14 84 47 18 59 28 92 41 46 16 39 13 82 57 7 44 64 9 27 79 56 83 36 2 91 71 31 55 30 90 88 87 3 45 63 21 19 58 77 25 66 23 37 8 40 38 62 93 6 11 5 81 95 24 4 34
59 39 24 68 2 81 22 63 31 69 95 36 41 15 74 23 8 90 4 49 42 29 0 52 73 30 92 46 16 94 86 11 61 54 44 48 43 21 66 17 34 32 56 91 27 12 71 10 77 60 6 80 20 51 45 84 50 47 5 38 70 88 35 13 93 19 72 57 85 89 40 55 64 53 26 25 1 78 14 7 83 79 33 18 58 62 75 28 37 9 82 76 67 87 65 3
25 36 58 65 92 41 32 82 49 16 59 86 71 83 90 88 11 33 67 6 63 8 89 73 29 61 68 54 23 9 10 80 76 75 39 37 20 45 15 18 14 5 87 47 95 26 42 78 46 0 50 21 79 34 69 72 81 53 70 60 35 24 44 64 43 27 7 51 62 91 66 56 17 84 3 48 52 13 85 31 57 74 4 94 12 1 22 19 28 77 55 40 93 30 2 38
23 10 18 61 81 52 37 86 0 17 77 71 15 49 16 92 68 83 57 19 54 53 34 14 90 26 58 21 88 89 45 1 30 29 95 59 73 27 32 35 2 22 41 75 13 43 60 63 42 4 78 38 39 66 85 36 31 40 56 64 7 87 46 47 33 91 12 62 94 8 25 20 74 50 93 5 65 9 28 72 84 82 6 51 48 79 80 24 69 55 76 44 3 67 11 70
51 81 6 79 14 92 56 64 84 45 95 63 47 16 21 15 3 2 80 52 17 42 5 10 34 91 74 19 86 58 49 71 89 75 24 62 94 82 9 55 87 7 83 23 31 20 36 37 39 60 32 59 13 46 29 12 8 40 65 54 66 93 78 27 11 26 90 25 88 22 41 28 67 57 61 30 0 68 70 53 85 4 44 48 35 33 69 72 18 50 76 73 38 77 1 43
55 94 92 66 50 3 6 64 71 60 72 31 82 48 15 17 29 22 2 83 65 21 33 49 20 7 0 25 70 76 10 57 46 62 38 54 61 41 79 95 85 37 93 58 90 59 16 13 52 69 44 12 30 42 4 14 35 5 28 91 89 80 9 53 87 26 77 27 19 47 8 36 45 1 63 32 68 43 23 34 18 88 56 78 67 40 51 75 39 73 81 24 74 86 84 11
73 67 7 27 86 40 8 82 94 9 12 77 71 84 64 57 52 89 13 21 70 44 6 56 87 38 31 92 22 14 91 88 62 25 61 90 72 68 79 35 55 69 29 32 63 59 83 51 1 33 49 45 41 19 11 78 2 42 3 81 93 54 28 58 66 30 95 4 74 0 5 18 43 26 76 23 24 39 75 50 36 20 17 53 34 46 16 48 10 15 60 37 65 80 85 47
48 61 60 40 64 14 75 44 51 74 11 72 33 2 5 0 29 71 92 21 49 43 42 82 78 39 13 19 83 9 57 56 3 6 93 26 55 67 53 87 86 66 16 50 77 52 10 25 69 46 28 41 20 90 45 23 4 80 12 76 73 34 36 17 94 35 30 63 54 84 89 91 88 81 59 38 65 8 24 85 70 95 7 27 62 32 37 68 15 22 18 1 47 79 58 31
87 80 69 19 62 88 50 28 40 51 56 76 91 34 24 15 75 64 20 77 0 78 48 30 66 3 52 53 85 83 71 90 13 63 67 8 70 27 93 42 35 86 5 92 84 59 44 79 95 26 46 82 10 6 32 73 22 49 61 38 43 31 94 72 16 12 57 60 81 7 74 47 37 55 68 25 14 39 18 33 11 17 65 4 21 58 89 2 45 23 36 41 29 54 9 1
61 64 60 74 92 42 24 20 91 46 94 85 71 70 4 30 7 14 23 88 1 55 21 48 0 53 67 10 28 25 34 87 75 82 27 16 89 80 65 51 66 35 31 78 50 45 22 17 63 32 33 84 95 57 93 68 41 81 62 29 86 12 54 39 36 58 13 37 9 11 52 40 3 79 19 56 43 83 69 6 59 47 2 15 8 18 44 76 26 38 73 90 77 5 49 72
27 54 85 24 84 10 31 87 20 32 5 82 0 95 50 2 72 28 61 38 43 56 41 78 15 45 3 37 63 6 69 26 88 77 13 60 86 64 83 16 80 79 34 90 8 7 53 21 17 22 1 47 57 46 66 81 12 25 74 35 65 18 76 49 4 68 9 55 62 67 23 33 48 42 58 51 93 73 91 14 70 11 94 71 52 44 36 89 40 92 19 59 30 75 39 29
29 68 31 36 64 84 33 48 16 95 66 40 74 0 41 20 7 4 79 50 92 46 49 55 52 17 69 51 70 35 39 23 45 86 28 56 15 43 11 37 65 27 5 75 81 58 44 42 61 80 30 59 6 83 76 34 13 25 10 88 21 3 26 47 32 22 91 82 1 38 89 9 93 2 18 60 53 90 67 8 54 72 24 63 57 87 14 77 85 71 12 94 62 73 19 78
54 53 66 3 28 76 47 78 89 57 22 14 55 1 24 7 82 73 87 21 6 64 51 33 9 67 30 83 25 74 29 49 36 44 12 27 69 92 19 93 95 17 5 70 52 37 4 63 46 0 40 45 26 65 35 71 31 50 42 79 56 60 86 90 91 38 10 39 62 48 84 68 58 16 88 8 11 20 18 61 94 75 59 32 15 23 34 13 41 85 2 72 77 81 43 80
10 19 94 85 14 50 3 80 11 25 1 44 12 31 93 82 36 66 90 42 71 88 70 62 84 17 65 13 56 26 75 32 67 81 63 41 69 47 6 45 68 43 73 83 4 33 2 37 95 7 86 51 89 60 78 79 57 92 76 87 34 38 18 58 0 72 54 23 24 16 52 28 27 21 61 9 35 29 40 8 30 59 39 74 49 64 77 91 15 46 20 5 55 22 48 53
17 8 56 74 12 70 82 4 75 5 36 55 20 76 23 27 41 64 14 67 47 45 92 33 62 16 78 83 34 42 15 73 29 89 53 72 46 49 30 69 94 59 25 28 87 40 57 0 39 85 11 18 80 19 3 58 88 44 95 26 21 43 38 66 61 52 7 71 84 32 63 79 60 35 91 6 37 22 24 10 54 50 93 65 2 68 13 51 31 1 48 9 86 90 81 77
62 26 63 64 9 86 77 32 76 78 8 18 89 93 59 14 7 70 84 56 10 80 35 21 90 92 38 53 40 91 23 19 37 30 31 42 16 72 65 69 79 11 94 13 88 46 41 45 60 50 73 6 29 25 28 39 12 2 22 55 85 57 51 52 17 54 81 61 74 67 82 5 48 95 66 44 27 4 87 20 3 43 24 58 75 1 47 0 15 83 36 33 68 71 34 49
13 90 61 39 24 73 7 4 35 67 59 11 74 49 65 6 15 51 29 45 84 36 22 38 31 55 12 42 41 21 14 30 76 62 50 9 37 8 34 63 25 88 69 83 18 91 27 64 46 78 57 89 70 47 94 80 20 75 28 19 16 17 0 95 58 43 52 79 32 3 92 2 93 5 48 54 10 60 82 33 44 66 77 53 71 40 72 85 26 86 23 56 68 87 81 1
93 63 26 88 82 72 29 33 4 77 51 56 44 0 65 42 71 8 6 91 52 75 48 23 59 83 37 45 73 70 80 2 34 30 81 24 7 17 50 55 90 49 1 94 35 69 18 53 14 27 87 15 43 32 11 67 47 25 95 79 5 74 64 62 31 78 39 85 92 86 84 57 20 28 68 41 60 40 12 9 21 13 54 58 36 10 61 22 16 38 46 3 19 76 66 89
23 31 77 24 40 12 39 22 53 7 71 67 19 93 78 88 45 33 74 69 75 79 25 13 8 44 90 43 65 66 72 63 6 4 91 28 46 36 84 38 64 58 49 57 41 0 5 55 73 89 21 48 42 83 1 37 35 82 11 2 10 29 18 3 59 92 14 26 87 50 85 86 60 34 68 94 95 51 15 32 52 54 62 27 56 61 47 20 80 16 9 30 76 17 70 81
12 80 46 2 16 31 64 69 47 36 40 90 53 91 15 27 0 50 82 60 34 5 87 95 86 29 68 94 77 14 3 13 92 63 11 42 4 70 84 43 62 74 23 18 24 6 56 55 33 83 44 57 58 88 93 28 65 19 20 52 38 41 73 75 9 78 48 8 61 76 54 1 79 45 85 35 10 32 25 39 21 26 66 51 7 72 67 22 71 49 17 89 30 37 81 59
70 52 19 93 55 83 35 16 81 92 59 29 51 67 15 33 5 85 48 26 14 65 74 90 10 64 78 17 23 50 6 34 7 0 12 75 77 49 68 9 45 32 4 21 84 56 80 62 8 42 46 43 11 58 82 61 37 72 1 89 71 36 63 13 39 87 22 73 66 31 28 44 57 40 79 94 2 41 20 88 27 47 54 38 3 18 53 30 91 25 95 60 69 76 86 24
52 3 26 7 10 33 14 94 28 21 32 38 69 74 30 78 92 43 51 12 46 31 49 4 34 35 59 57 39 90 9 88 58 73 64 17 6 11 16 62 84 36 0 40 23 86 91 47 48 83 76 22 20 41 70 71 45 19 55 42 54 80 37 61 8 85 72 15 13 95 75 18 68 24 79 81 66 89 25 93 82 29 50 60 2 27 56 5 77 67 1 63 53 87 44 65
20 25 9 58 29 52 93 82 94 77 26 53 16 71 6 14 69 49 19 56 3 44 11 51 54 67 89 62 18 32 31 17 37 42 30 46 10 8 12 66 43 91 59 64 86 27 55 5 28 39 60 22 4 88 7 83 15 57 50 68 47 74 13 34 24 40 61 0 92 23 33 70 73 79 36 63 85 35 87 72 65 41 48 1 80 2 38 78 45 95 21 84 75 76 81 90
32 36 6 49 14 47 39 43 42 80 85 66 31 40 86 77 4 41 76 74 21 95 56 69 93 82 63 92 25 29 19 30 34 33 55 11 17 15 90 10 0 59 54 2 37 22 18 87 78 88 26 65 60 38 67 50 46 81 16 51 53 13 72 20 48 1 9 70 23 27 24 28 84 7 52 73 75 68 44 94 79 3 62 83 71 35 45 64 91 12 8 89 61 57 58 5
84 12 75 29 48 37 78 76 81 71 51 23 45 27 91 95 22 49 19 11 54 25 47 70 69 26 5 43 10 52 44 65 56 4 2 90 86 50 3 77 55 85 42 59 35 92 40 61 89 94 30 36 20 41 32 6 73 15 79 31 1 67 64 62 57 82 66 39 16 38 13 9 72 83 68 58 18 33 88 93 8 14 21 80 74 0 53 87 63 24 34 46 28 7 17 60
37 66 60 93 13 22 4 77 25 18 2 10 15 7 38 62 58 89 72 67 24 86 29 75 9 55 91 47 92 31 45 74 44 8 5 56 54 21 26 12 71 84 46 57 51 95 14 88 48 80 23 69 78 1 68 63 36 76 82 83 43 6 16 35 39 34 59 30 32 70 28 50 61 40 73 27 81 52 42 41 0 20 19 53 65 79 85 49 87 90 33 11 3 17 64 94
18 26 16 34 80 29 83 67 45 65 74 55 21 52 31 87 56 50 48 59 14 95 70 6 44 33 53 10 38 27 8 15 88 12 3 85 62 20 30 11 64 13 2 92 49 60 63 93 42 22 36 94 77 78 39 17 89 57 69 28 91 4 90 32 24 46 84 23 9 73 75 25 71 82 40 81 54 0 37 19 41 66 5 43 58 47 51 68 76 72 61 86 35 79 7 1
1 38 94 61 79 14 84 92 32 11 60 39 83 68 48 36 67 4 47 15 23 74 45 26 2 65 75 82 57 30 44 13 17 69 51 52 58 21 20 40 31 16 9 5 43 37 54 56 85 88 46 6 12 64 7 0 87 22 80 29 72 33 10 28 25 76 71 86 27 93 78 90 62 35 89 91 34 49 70 81 55 59 18 3 95 24 8 77 63 50 66 41 53 19 42 73
94 33 10 16 48 5 0 7 58 12 81 9 47 46 59 34 40 11 20 45 43 87 91 4 64 65 60 35 2 15 6 19 53 31 69 26 39 83 56 67 63 77 70 79 89 37 86 73 55 21 3 49 51 68 24 85 80 18 61 75 52 88 66 41 17 13 28 30 29 95 22 84 38 93 90 78 36 92 71 62 57 50 1 76 44 54 32 42 8 25 74 27 23 72 82 14
79 14 22 82 55 75 45 2 83 7 59 19 44 30 52 18 95 26 4 58 49 74 15 33 76 17 91 38 68 23 41 90 54 70 88 56 9 6 94 46 1 0 13 78 72 53 89 47 16 31 51 62 93 39 34 85 27 36 11 5 40 12 71 20 65 10 28 25 24 37 43 50 57 84 3 8 81 21 80 86 32 77 69 29 42 92 67 35 61 73 63 60 48 87 66 64
53 37 12 34 33 86 54 57 65 48 80 30 52 29 31 42 47 55 75 18 69 64 85 7 24 1 73 43 61 89 93 82 50 22 77 76 27 70 2 10 4 83 66 79 13 56 84 40 74 8 67 25 3 44 59 0 90 28 41 46 72 35 92 9 15 39 87 81 71 14 95 5 91 60 45 16 38 36 21 23 68 58 32 78 20 19 11 6 17 51 26 94 62 49 63 88
19 51 58 65 12 49 48 89 78 76 53 72 43 14 8 16 25 60 71 54 22 30 15 2 0 66 67 50 7 64 85 20 59 63 88 13 6 33 46 92 79 84 57 17 52 36 10 29 39 32 31 55 75 45 21 95 9 70 3 74 47 27 93 87 35 61 82 4 77 1 69 83 90 37 62 44 86 28 18 23 40 73 81 80 11 38 24 41 56 5 34 68 94 91 26 42
0 4 17 47 77 28 90 86 55 13 12 73 2 31 22 84 38 29 43 87 36 33 62 81 32 68 64 52 8 14 89 40 9 49 3 78 88 23 60 1 94 85 20 91 57 46 34 93 51 6 92 44 5 11 54 80 41 50 61 39 15 19 25 42 65 63 58 35 70 24 26 71 7 16 69 30 66 72 82 67 95 79 37 74 53 21 10 56 45 48 75 83 27 76 59 18
40 62 50 73 82 64 67 91 0 9 36 31 10 33 25 88 55 3 92 66 84 47 89 85 23 11 75 80 8 48 65 42 22 24 69 52 49 77 37 59 87 30 68 57 38 46 58 79 39 16 27 13 26 53 41 2 28 32 45 6 63 60 61 44 14 81 54 70 83 34 51 21 17 43 1 56 18 15 72 74 78 29 7 20 35 86 71 95 5 19 90 93 94 76 12 4
89 39 58 48 86 56 59 26 47 68 69 65 11 92 41 57 6 93 22 14 67 77 9 78 20 81 76 13 88 91 75 19 94 16 53 95 70 25 72 62 80 64 79 12 30 73 31 10 15 35 37 85 87 60 66 38 32 34 51 46 55 2 45 36 27 54 71 3 82 52 1 4 44 40 29 84 33 63 74 8 5 24 42 61 23 50 7 28 43 83 17 90 18 49 21 0
61 73 23 22 24 91 43 71 89 33 18 11 74 38 25 20 59 77 15 68 51 13 84 14 30 10 93 49 41 55 50 54 6 0 57 27 90 80 66 19 17 69 36 86 64 31 95 76 28 3 94 88 5 81 44 39 53 52 7 87 83 8 4 9 2 62 60 37 67 12 82 35 56 34 47 48 75 29 85 32 78 45 92 1 70 42 46 26 65 72 79 58 21 16 63 40
47 80 52 42 39 94 13 4 2 8 31 48 40 18 62 76 28 53 3 81 24 9 72 7 82 55 60 0 86 12 83 58 41 19 36 51 17 56 91 57 27 74 10 35 23 11 79 75 1 33 61 16 15 92 29 22 65 44 66 46 54 93 73 68 70 34 6 49 37 38 95 63 45 5 85 89 26 67 43 21 87 69 88 20 32 78 50 59 71 64 90 25 77 84 30 14
53 35 1 90 51 65 54 41 86 36 50 59 56 10 26 2 88 87 84 39 43 52 69 27 73 94 20 21 85 81 66 93 7 0 63 44 72 82 19 38 8 76 62 14 28 64 89 25 68 16 75 91 58 48 9 23 83 5 55 67 77 79 71 60 80 95 15 24 74 31 32 11 49 70 12 29 33 34 46 13 47 3 61 57 40 6 42 17 78 4 37 45 18 92 30 22
52 49 3 4 95 72 51 10 85 13 16 20 19 23 79 70 87 31 28 46 26 81 76 14 83 30 93 39 41 50 89 59 56 62 45 60 77 58 29 24 2 11 33 8 68 32 78 94 44 64 18 42 54 27 86 57 90 71 40 5 55 35 17 47 65 84 63 73 48 61 37 15 92 1 36 88 38 82 9 74 75 34 12 6 80 43 7 91 25 21 53 69 22 0 67 66
60 94 84 13 72 17 37 23 38 16 35 74 46 27 81 68 83 79 56 42 86 6 69 30 77 43 4 71 91 48 55 88 34 53 24 95 8 51 39 75 50 78 18 32 54 73 82 9 66 7 90 36 58 80 59 87 61 10 20 3 93 70 52 14 45 67 63 65 5 29 22 47 64 89 40 31 2 44 92 41 62 19 26 57 85 49 11 25 1 33 21 15 0 12 28 76
25 95 37 77 59 44 65 4 90 79 91 48 49 47 3 1 86 50 2 57 51 12 45 8 81 30 23 29 35 56 64 76 31 11 17 72 19 0 42 89 32 27 69 70 24 84 40 41 61 13 66 75 43 28 68 38 16 74 18 83 92 10 87 88 9 73 34 6 36 58 22 53 62 63 52 46 93 14 67 20 55 85 15 39 21 54 26 80 5 60 82 71 94 7 33 78
49 15 95 7 53 16 64 50 60 51 5 21 39 4 24 92 87 80 55 91 2 69 34 75 77 6 59 18 74 76 94 31 22 68 38 84 40 30 62 20 54 32 71 9 14 27 17 13 37 86 88 10 93 56 61 46 25 52 1 0 45 29 81 41 89 82 58 90 70 19 72 63 26 33 3 79 67 85 47 28 35 48 12 65 23 83 11 42 36 43 8 57 44 66 73 78
66 78 33 19 30 59 61 10 95 72 47 52 2 26 88 8 57 32 31 79 35 28 39 16 85 3 11 5 67 69 34 77 82 22 74 90 93 92 37 13 49 60 65 42 20 55 91 45 18 38 29 24 83 46 7 43 62 70 84 64 40 56 73 0 89 71 6 80 1 63 4 51 23 94 36 48 21 53 81 15 12 41 86 25 14 58 27 50 68 76 17 87 44 75 9 54
48 39 12 80 62 60 87 92 49 16 21 25 44 20 8 33 86 42 41 46 70 90 55 57 14 37 40 85 5 73 28 69 81 63 91 38 36 64 0 77 54 27 10 11 45 52 17 7 4 47 18 35 67 72 30 93 95 50 26 31 56 58 9 24 13 74 79 23 43 84 65 32 15 59 22 61 75 66 68 3 71 19 2 76 29 78 94 88 53 1 82 89 83 6 51 34
9 48 6 23 80 89 81 41 29 72 57 14 20 53 93 71 70 56 76 7 92 31 5 61 50 85 66 16 78 27 63 37 15 8 13 28 21 3 67 45 94 88 2 10 60 55 26 47 42 11 91 17 19 22 54 34 84 51 38 30 33 1 69 77 65 74 46 90 58 83 12 0 25 44 59 86 40 39 62 87 18 52 75 32 73 24 68 82 49 64 79 36 95 35 4 43
53 41 5 47 94 84 3 83 40 77 9 89 6 26 51 56 43 31 27 4 37 1 91 0 2 18 72 78 44 70 74 20 33 58 69 90 19 79 38 21 82 61 63 34 46 49 30 73 45 17 68 13 39 80 64 75 48 8 15 29 93 76 36 23 65 71 67 50 28 16 92 14 54 57 42 11 59 7 10 86 87 32 95 52 24 22 55 88 35 62 60 12 85 81 25 66
48 4 88 82 2 56 6 83 13 64 58 40 20 60 5 32 71 39 47 52 68 73 35 74 50 26 51 81 85 95 9 44 93 21 29 61 41 66 75 7 15 92 59 16 53 8 43 10 28 49 36 27 62 80 18 87 67 65 12 33 0 46 24 91 45 25 30 19 94 37 38 3 63 31 14 84 90 1 89 57 11 17 86 22 79 55 72 70 69 77 42 34 76 78 54 23
58 18 77 67 27 43 12 19 47 59 51 90 76 87 89 7 84 8 73 46 36 57 66 83 86 79 2 63 72 61 48 88 11 91 92 50 30 69 85 81 28 55 15 65 39 80 0 21 42 93 54 5 13 44 82 35 17 29 14 71 45 34 75 23 6 53 37 9 41 10 49 22 62 31 1 24 68 52 33 32 70 38 60 20 25 94 64 74 4 3 40 95 26 78 56 16
38 7 74 1 77 50 41 60 64 20 59 30 90 39 42 33 32 79 14 17 87 6 2 25 52 75 55 23 46 80 57 43 78 16 63 65 10 49 84 86 11 37 5 4 28 73 15 85 22 44 27 26 67 71 8 94 21 34 61 45 18 70 47 91 68 92 53 95 36 3 89 35 62 0 69 48 58 66 93 72 82 24 40 31 51 76 83 19 88 13 12 56 29 9 81 54
66 90 6 14 51 65 44 3 67 71 85 73 2 46 94 80 81 61 37 72 89 12 50 42 33 49 40 24 87 93 38 15 41 63 69 43 75 36 32 29 34 74 48 52 27 25 19 1 58 84 45 77 70 95 13 31 10 56 68 76 7 35 9 16 22 4 18 59 5 82 17 91 28 55 47 83 8 92 57 60 21 53 78 79 11 23 86 88 39 20 62 64 30 26 54 0
46 86 72 39 91 49 65 33 94 69 20 59 26 18 38 90 50 58 93 36 56 43 62 77 73 25 15 48 37 2 40 60 31 79 66 4 75 19 67 29 51 21 42 17 85 82 6 10 88 16 68 30 1 13 22 54 92 12 74 8 52 47 53 78 3 14 63 32 71 45 5 81 80 61 83 11 35 84 95 7 23 57 24 9 55 28 34 44 0 76 64 27 87 70 89 41
59 5 73 40 45 76 38 20 9 81 8 41 10 61 37 19 22 32 71 25 39 88 84 17 86 56 6 30 72 47 27 7 14 52 55 21 75 24 83 90 35 1 16 31 66 65 85 26 12 67 43 63 44 23 0 57 95 13 33 34 54 74 87 69 2 58 15 64 92 93 48 82 46 29 18 49 51 11 68 42 36 78 3 89 70 60 50 28 62 80 4 94 53 77 79 91
12 65 73 52 37 79 57 62 13 67 35 91 25 58 47 50 1 55 30 53 88 95 16 2 48 6 24 20 71 74 22 82 59 19 90 70 42 56 77 68 63 39 33 28 80 72 21 34 46 18 14 84 10 76 17 85 23 0 43 66 44 75 32 49 9 78 40 54 5 3 45 41 94 69 61 60 87 64 11 7 51 93 38 86 92 31 4 26 89 8 83 36 29 15 27 81
46 47 89 30 92 17 60 16 71 62 93 2 87 31 59 1 57 6 14 75 77 72 64 26 69 35 95 70 61 81 44 55 66 0 58 38 51 32 67 4 48 83 85 56 10 78 9 43 11 5 79 84 42 24 33 34 20 3 12 54 40 15 22 82 8 18 49 37 80 52 86 91 28 63 27 41 65 94 50 76 39 73 53 45 13 7 36 25 88 21 74 90 29 68 19 23
69 27 23 21 62 49 82 22 66 42 0 68 28 73 91 26 41 88 64 61 58 16 48 3 6 38 70 15 34 53 4 36 24 5 1 9 87 89 92 46 59 50 60 72 19 43 94 86 25 80 33 63 32 20 95 45 29 85 44 90 56 71 77 7 79 13 14 30 11 35 31 84 39 10 81 55 47 57 76 18 40 74 8 51 78 37 83 65 52 67 12 54 2 17 75 93
38 67 29 30 21 8 15 83 60 68 63 70 66 46 16 18 5 27 13 94 31 91 17 52 23 19 37 45 24 59 79 20 10 65 88 7 11 71 85 69 51 81 43 40 6 32 58 87 2 22 56 92 42 61 84 35 12 0 53 41 64 47 89 82 34 75 50 76 3 73 93 48 78 54 74 49 95 72 77 9 25 1 36 33 44 14 90 62 57 55 4 39 28 86 80 26
74 95 27 79 58 20 1 5 57 60 31 94 72 18 88 14 12 23 6 52 42 90 25 59 68 39 75 83 86 50 35 36 9 66 43 45 11 71 47 30 7 65 4 21 51 64 22 67 61 13 62 87 38 69 32 93 28 76 41 0 33 19 17 24 15 81 70 77 26 82 91 2 56 73 16 84 34 44 37 10 80 92 49 63 3 54 48 29 46 40 78 8 89 55 85 53
34 49 44 23 5 20 56 37 79 75 62 82 78 47 68 60 2 33 42 87 40 93 81 54 7 18 52 88 59 29 0 92 10 58 43 6 48 84 55 38 8 14 35 45 80 74 31 46 89 24 28 73 4 51 83 53 85 57 22 30 65 9 50 3 95 16 94 19 72 86 17 21 64 90 76 13 70 67 61 91 26 1 36 69 63 66 25 27 32 39 11 15 71 41 77 12
53 15 59 12 54 10 25 88 42 86 4 71 7 60 31 46 64 0 30 32 74 36 26 44 18 8 85 22 92 81 52 95 73 75 70 58 67 51 23 16 14 24 57 63 5 77 82 35 69 38 90 39 1 13 43 62 55 47 61 48 21 49 11 27 76 94 84 19 17 37 45 20 33 80 68 56 78 2 93 6 65 89 28 79 41 9 91 3 72 34 83 50 87 29 66 40
20 54 63 49 50 83 42 55 79 94 72 36 53 81 13 78 95 76 45 12 71 60 86 77 90 62 26 74 68 8 7 88 10 48 46 23 57 67 4 14 43 30 61 92 56 18 51 89 58 15 25 21 66 33 44 65 17 35 37 38 5 93 64 11 0 19 16 47 52 84 24 80 59 69 75 82 40 3 2 85 1 70 29 39 91 9 34 28 87 73 6 27 32 22 31 41
94 2 21 30 52 74 95 6 8 25 92 60 12 18 38 70 4 93 62 46 29 0 50 90 9 56 66 80 57 64 59 55 69 20 63 67 71 34 82 32 77 75 37 45 47 68 43 65 88 89 72 27 16 85 73 84 51 78 23 33 24 13 61 76 11 81 58 31 83 87 79 10 54 26 42 91 7 40 44 86 36 17 14 3 1 35 53 28 15 41 22 5 49 39 48 19
66 37 72 93 42 19 83 89 68 59 44 76 90 58 23 74 41 87 73 81 46 39 94 20 36 6 91 78 63 88 67 84 48 95 86 56 50 77 4 43 80 5 62 11 10 65 17 82 53 57 32 75 51 35 34 49 9 71 21 24 31 15 85 30 26 69 29 12 2 3 7 61 28 55 8 1 64 0 13 54 40 16 38 70 14 60 27 18 52 22 79 47 25 92 33 45
54 69 7 14 63 66 88 61 70 1 94 44 8 47 32 18 0 22 75 79 35 5 24 83 27 31 15 92 67 76 29 64 26 59 30 10 13 93 58 53 52 65 78 34 9 50 71 46 62 81 16 2 19 23 77 36 11 43 41 56 48 4 42 87 51 89 6 72 45 40 91 57 49 86 38 12 33 95 17 28 3 39 74 60 80 85 68 20 84 73 25 21 82 55 37 90
13 46 71 89 48 79 56 57 52 10 69 47 19 78 45 7 6 36 82 26 63 16 95 9 37 65 49 20 5 74 15 11 21 40 88 66 53 22 83 39 42 76 28 87 38 90 73 68 44 84 43 8 23 92 25 29 72 32 51 61 31 54 50 33 64 85 91 17 93 67 3 80 30 70 12 86 55 0 41 75 4 14 27 60 94 1 2 59 34 18 77 58 35 24 62 81
41 79 8 87 42 85 54 47 11 72 92 63 15 5 86 12 60 34 57 53 18 14 1 43 32 91 4 62 49 2 20 40 84 88 13 19 81 80 61 56 71 3 74 82 58 51 25 22 30 44 78 65 24 33 50 77 95 90 46 38 28 69 70 48 9 31 59 75 0 67 16 45 68 76 26 7 27 64 93 83 6 89 66 29 73 55 21 94 35 23 10 36 37 39 17 52
44 39 61 6 46 35 74 87 70 30 28 8 12 13 83 64 60 10 57 43 75 18 71 69 49 26 7 53 40 15 22 59 82 54 76 65 90 85 42 2 27 21 9 91 50 34 95 68 72 17 67 89 23 78 77 11 16 29 37 5 4 32 25 1 63 41 55 47 45 93 0 33 66 24 56 79 92 48 81 14 73 31 88 3 19 20 84 38 51 80 36 58 86 52 94 62
89 32 25 70 40 13 90 34 29 78 6 3 79 11 75 8 43 51 4 58 31 37 53 71 63 45 66 23 10 91 22 64 57 21 92 72 47 44 85 87 24 9 14 55 39 62 7 52 30 1 68 12 28 33 41 38 95 59 74 2 16 27 61 36 18 67 50 15 46 35 20 48 54 81 69 83 26 82 88 65 80 42 73 5 56 19 17 49 94 77 76 0 93 86 84 60
7 76 20 35 38 14 59 42 88 69 3 86 71 89 66 52 0 74 85 93 32 78 92 51 44 6 82 4 91 77 28 10 72 31 33 11 46 45 90 61 79 49 22 2 57 25 29 48 24 8 73 95 27 43 23 15 53 34 16 83 21 56 58 54 13 75 18 39 17 81 47 63 5 84 64 62 94 30 68 60 67 37 1 80 26 19 36 50 9 41 12 87 55 65 70 40
40 46 66 18 64 50 47 93 55 74 12 4 38 91 3 52 77 36 29 90 92 61 84 45 76 78 72 27 34 86 75 8 14 73 22 21 30 11 60 9 35 68 43 49 87 89 53 67 7 54 17 57 23 25 63 33 41 26 70 0 94 82 59 37 15 20 81 62 28 95 69 39 6 19 71 65 48 44 79 13 1 58 42 85 80 32 31 51 10 16 56 24 5 88 2 83
3 71 73 2 58 42 45 84 49 78 16 32 89 82 93 81 86 88 13 41 85 38 15 17 74 60 40 50 83 43 20 22 59 19 48 28 52 24 35 37 44 23 66 0 72 87 69 27 46 62 18 90 30 33 68 21 56 1 92 51 9 34 94 47 63 70 8 64 29 54 75 10 91 80 61 39 31 55 57 76 53 14 36 4 26 11 79 25 12 77 7 65 5 67 95 6
84 89 55 9 8 21 10 12 75 37 67 83 86 60 5 81 59 62 29 87 90 15 51 7 13 82 0 41 25 14 2 79 39 91 28 17 78 43 64 33 16 58 50 73 19 76 42 32 40 72 52 44 18 24 36 26 31 88 63 61 65 49 53 22 11 68 38 20 30 6 85 56 45 80 35 93 95 57 92 71 54 94 48 77 23 70 69 4 74 3 27 66 34 1 47 46
76 80 14 17 77 4 68 8 33 90 87 27 5 1 46 65 51 92 56 79 61 41 0 82 53 72 15 86 7 43 38 40 66 44 95 54 34 28 45 62 60 52 75 57 23 50 58 71 18 2 67 21 6 63 91 13 36 85 19 35 22 16 64 94 84 89 20 70 32 12 73 74 26 37 29 11 31 55 93 30 25 69 48 78 3 42 10 39 24 59 83 81 88 49 9 47
7 73 95 47 19 85 30 90 46 71 48 78 64 68 88 26 77 4 84 14 44 61 21 79 20 18 57 40 62 34 31 25 23 53 2 45 83 63 54 1 35 16 89 17 43 59 56 66 15 22 11 50 87 27 12 36 29 65 0 93 60 37 94 67 38 5 8 9 24 33 32 28 82 58 70 3 74 51 76 55 6 42 69 92 81 91 52 10 39 41 80 86 72 75 49 13
87 64 27 4 52 92 91 93 5 89 34 69 18 16 67 19 37 68 56 76 63 49 88 33 17 36 15 86 90 50 26 62 44 8 12 61 39 24 77 70 25 22 3 29 43 85 48 94 59 81 28 23 35 95 71 54 80 46 75 74 31 41 51 9 73 2 57 78 20 40 65 6 58 7 13 0 83 79 1 38 47 66 82 10 55 84 30 32 45 14 60 72 42 53 21 11
79 8 21 53 56 37 18 87 51 5 16 57 92 67 13 74 42 66 35 89 94 27 91 88 0 6 26 31 22 38 4 28 61 59 63 43 19 95 85 2 82 40 78 75 25 46 48 41 86 50 73 69 30 1 54 52 14 45 64 76 90 47 83 7 20 33 44 32 23 84 12 77 72 15 17 10 70 65 9 93 55 68 58 36 11 71 60 39 80 29 49 24 62 3 81 34
21 77 94 79 72 69 32 67 58 78 76 33 8 71 0 82 84 28 53 30 74 44 35 1 85 63 6 55 80 16 81 66 3 62 14 5 4 89 10 37 23 34 90 11 95 48 24 75 38 64 13 60 45 91 2 41 39 25 86 15 52 42 73 47 29 36 87 57 43 93 12 22 61 17 51 56 46 92 26 68 83 19 88 50 54 59 9 31 65 27 49 70 18 40 7 20
73 17 61 51 6 72 24 86 62 80 14 63 43 12 83 70 95 33 78 91 94 11 47 48 76 26 90 66 18 81 87 60 65 46 74 25 10 85 7 93 16 31 88 2 0 15 13 20 44 41 67 21 49 28 32 19 50 29 57 68 38 77 54 55 23 8 82 42 27 9 40 35 75 89 71 64 84 58 22 56 59 79 3 45 69 34 36 92 30 5 53 52 39 37 1 4
5 68 85 70 77 49 53 42 31 0 60 66 64 71 45 36 57 73 12 47 86 61 32 35 28 74 25 38 82 92 52 65 89 50 46 94 13 56 51 75 54 1 80 91 84 93 62 39 33 7 88 41 22 83 6 21 76 37 67 55 14 19 24 4 11 26 29 59 23 40 3 69 63 87 48 10 79 58 9 8 34 15 2 20 18 16 90 27 43 30 78 95 44 72 17 81
85 83 27 51 40 48 53 38 73 82 1 58 45 61 31 13 88 93 19 15 2 89 43 14 37 64 86 46 35 32 5 25 33 11 67 87 17 4 49 76 70 7 62 74 56 63 68 30 28 41 44 90 60 22 3 9 78 77 23 12 39 81 79 65 92 80 21 75 36 34 24 6 10 47 20 55 50 29 94 26 72 57 95 52 91 71 16 42 69 18 0 54 8 59 66 84
6 91 81 19 66 68 3 23 83 70 15 58 17 47 40 49 11 54 67 75 38 69 4 77 37 27 59 78 2 56 39 24 33 28 9 52 74 86 43 88 60 55 65 73 87 0 85 12 51 8 31 50 94 32 7 5 25 71 10 80 95 22 48 34 14 79 26 1 92 21 44 63 36 46 20 13 30 29 18 82 35 93 89 90 64 45 16 76 53 72 41 61 84 42 62 57
62 71 22 53 88 24 92 50 7 36 95 64 39 51 76 43 17 85 74 72 55 59 60 33 13 30 66 28 3 26 23 94 8 40 69 48 65 84 21 75 32 18 77 31 5 78 52 42 54 16 47 37 41 10 45 35 81 29 67 90 56 73 0 83 93 12 6 14 70 15 86 58 79 91 2 38 57 63 82 27 89 44 80 34 68 19 49 25 87 4 61 1 46 20 11 9
16 6 56 13 92 32 90 27 45 69 17 88 50 29 36 64 3 15 34 38 31 21 30 53 83 37 68 39 47 84 33 74 60 71 48 4 78 10 8 59 0 49 26 2 42 24 79 18 91 23 58 1 85 54 28 67 75 5 76 51 7 25 62 44 61 81 19 55 70 52 94 63 41 82 89 95 20 35 43 93 80 73 22 86 46 72 57 11 87 65 12 9 40 14 66 77
15 42 88 16 39 27 4 70 95 48 49 19 77 2 17 64 31 52 13 54 40 37 87 63 79 68 23 56 3 25 84 94 34 83 90 45 36 10 6 7 41 80 51 72 62 65 44 9 58 91 71 92 1 73 69 22 26 93 20 81 74 38 43 82 28 46 61 24 59 89 76 5 11 66 50 57 78 85 53 33 35 55 8 67 29 60 0 30 21 18 86 75 32 47 12 14
36 22 93 23 49 11 75 41 78 34 2 0 89 51 72 64 30 14 32 76 37 58 40 12 6 69 5 27 21 42 90 25 95 62 87 52 60 1 50 71 8 48 57 68 92 38 44 70 45 56 65 86 20 55 81 10 39 33 28 46 15 43 9 74 82 53 54 35 91 19 85 4 16 94 7 77 63 61 13 73 67 29 88 24 84 31 47 17 66 26 59 83 3 18 80 79
28 48 91 41 93 68 15 38 33 8 39 13 43 65 56 22 11 55 35 60 82 44 6 70 14 85 45 64 32 10 74 69 71 87 29 92 37 47 42 63 88 46 31 94 21 51 36 19 3 5 58 84 78 26 52 76 49 86 83 30 57 24 2 34 16 80 77 20 73 9 17 18 75 1 54 61 66 67 7 0 25 90 23 62 27 89 40 72 59 50 79 95 12 53 81 4
30 34 59 8 63 11 82 83 69 32 61 56 10 25 17 66 3 64 84 78 36 71 29 24 16 91 1 72 38 49 35 43 57 46 21 68 15 89 80 13 4 81 20 58 40 12 0 27 73 92 75 45 50 22 51 14 2 86 31 95 44 53 33 74 26 18 47 7 93 70 42 6 85 19 9 52 94 23 28 62 60 41 5 39 79 54 90 87 88 48 76 37 55 65 67 77
25 74 2 37 63 62 45 40 81 27 15 60 50 39 46 44 14 35 59 93 88 30 18 47 72 71 1 76 22 95 7 56 87 92 4 84 26 94 79 32 53 77 51 83 19 21 38 20 17 23 86 11 13 24 70 16 0 69 80 36 89 65 64 66 54 29 67 31 34 3 33 82 42 12 68 55 5 28 90 58 9 10 85 75 43 78 49 91 73 52 57 41 8 6 48 61
94 37 19 28 26 71 92 36 42 53 3 2 63 5 21 48 76 93 17 43 34 95 55 41 30 79 64 13 9 80 24 15 77 51 86 61 8 44 12 85 1 56 25 20 62 57 60 18 45 32 7 83 40 47 59 75 65 81 87 31 27 11 23 29 91 90 38 78 4 14 33 6 16 84 68 89 72 39 46 88 69 54 50 22 0 70 52 74 73 67 58 82 66 10 35 49
91 10 63 77 75 4 64 28 30 26 29 66 84 23 34 46 27 87 72 89 6 88 37 21 80 73 54 57 40 32 79 9 94 25 68 35 65 86 48 71 5 16 53 49 38 2 74 20 78 85 83 60 39 81 19 44 42 92 43 61 59 51 58 41 95 14 22 11 50 7 15 17 70 45 13 0 33 56 52 69 12 67 24 82 93 18 76 47 3 62 55 90 36 1 31 8
73 2 28 83 71 48 44 54 85 77 82 41 56 40 12 66 72 75 5 45 39 8 15 55 23 14 78 19 59 36 65 32 58 61 0 24 33 90 34 9 86 1 26 17 76 95 29 67 68 47 74 25 13 62 35 84 91 51 4 69 21 10 38 42 57 30 18 63 80 37 11 60 31 16 92 79 3 6 53 87 49 64 50 93 22 89 27 94 20 52 7 43 70 88 81 46
10 33 38 60 50 53 81 57 14 83 92 7 34 64 18 40 28 29 87 26 20 56 36 75 23 44 48 89 76 25 62 24 93 51 6 66 11 4 77 70 2 52 85 58 46 71 19 12 3 27 1 16 43 21 74 54 84 88 42 47 79 39 73 65 61 35 69 80 41 8 17 86 82 32 78 30 91 68 31 45 5 94 15 72 67 59 37 95 90 22 13 63 9 49 55 0
42 36 95 4 79 65 51 86 54 24 48 29 89 61 21 67 72 59 70 34 56 18 5 55 63 80 37 68 20 30 39 35 90 8 52 0 73 41 93 1 15 71 2 88 13 28 16 27 85 76 49 12 7 75 17 45 23 47 40 50 43 82 44 9 58 33 64 78 66 46 25 3 84 87 22 53 83 77 38 60 11 57 6 10 26 32 94 81 91 19 92 14 69 31 62 74
14 76 20 37 29 63 71 40 32 84 36 81 51 82 7 16 22 54 85 13 73 64 69 86 68 23 74 88 79 50 90 31 48 47 5 70 3 10 25 34 33 72 67 12 28 87 66 26 8 56 53 52 93 83 42 62 78 77 75 43 95 2 1 92 94 21 45 80 39 91 18 9 46 61 24 15 30 6 60 41 59 65 55 44 49 4 89 57 58 19 17 27 11 35 38 0
72 13 7 17 50 51 33 2 86 30 25 82 68 62 87 32 79 23 6 1 21 40 67 35 90 60 0 95 55 27 83 77 22 56 48 61 4 42 89 26 16 43 34 20 69 36 70 73 88 85 63 14 52 66 8 28 53 31 81 91 38 59 58 75 93 37 45 18 80 74 78 46 76 5 24 84 94 92 11 39 57 49 64 29 54 71 12 41 9 44 15 47 19 10 65 3
13 14 74 40 47 79 78 24 28 29 75 35 66 72 90 49 48 88 16 15 45 60 18 76 52 10 69 32 39 67 11 81 89 65 63 91 3 37 57 0 94 83 6 23 17 61 22 43 73 68 92 85 80 27 20 42 50 26 93 71 34 31 41 36 77 2 55 1 59 82 87 38 21 44 95 33 58 4 62 25 86 54 51 56 8 5 9 30 46 12 53 19 84 70 64 7
94 32 12 41 37 50 28 92 52 86 0 19 16 46 73 8 61 65 10 17 26 48 24 66 7 35 20 84 49 21 71 79 36 13 88 78 76 29 55 83 63 33 72 85 30 40 58 11 70 89 34 81 87 22 80 5 2 56 47 45 74 59 69 51 54 93 68 1 4 57 62 95 42 23 60 3 44 25 43 67 31 6 64 82 15 18 53 14 9 39 91 38 27 75 90 77
76 12 69 17 31 87 56 30 78 18 15 92 44 83 59 3 58 70 9 42 60 61 63 57 8 26 65 7 34 38 91 19 62 85 10 33 55 50 4 81 75 74 5 68 36 86 54 24 40 90 27 48 88 94 51 84 0 28 16 95 25 67 89 41 21 93 39 6 52 14 22 2 11 43 53 47 35 29 73 82 20 72 71 1 79 46 32 13 80 64 77 49 37 23 66 45
22 19 25 0 20 62 54 6 95 85 9 61 43 42 75 74 63 59 58 79 24 21 51 48 44 90 35 91 23 30 60 84 7 78 37 36 82 69 76 70 18 46 27 10 15 28 16 2 26 87 4 11 53 49 34 68 39 1 12 67 38 93 81 33 80 50 45 65 31 3 72 56 57 5 17 8 86 64 71 77 41 92 73 47 88 66 83 29 55 40 32 13 89 14 52 94
72 21 83 57 35 61 62 50 42 79 84 82 38 1 33 37 58 75 43 18 64 23 95 88 70 94 34 73 76 40 28 32 0 5 66 36 67 53 12 86 29 11 14 39 3 63 85 52 51 87 92 16 2 6 4 44 77 56 90 71 24 9 93 8 7 55 45 30 65 80 15 91 48 49 68 78 31 54 74 89 69 13 41 59 19 81 46 22 20 17 26 10 25 47 60 27
22 77 4 68 71 43 46 45 21 51 54 0 57 31 23 64 40 78 84 30 1 88 76 82 63 80 81 72 34 19 44 9 12 20 73 93 13 62 53 47 6 89 66 61 48 39 94 41 42 32 90 24 85 74 92 3 49 14 11 75 65 25 70 35 15 8 18 79 5 26 56 55 52 60 59 83 38 91 10 87 36 67 33 50 86 95 58 37 27 16 28 7 69 2 29 17
4 45 71 68 82 8 75 1 63 94 67 32 54 52 43 47 60 91 0 73 11 30 62 83 22 70 90 59 57 55 34 42 95 53 26 50 65 89 5 81 92 78 80 49 14 58 25 27 93 10 66 77 64 13 33 12 85 87 48 31 6 29 18 86 35 40 46 23 3 88 9 15 20 39 44 19 2 37 16 79 21 84 56 74 7 28 17 24 38 36 51 61 41 69 72 76
9 80 83 6 50 47 81 73 59 19 62 70 4 55 75 57 11 46 52 66 92 36 10 82 64 88 39 34 56 22 86 26 7 37 38 25 78 18 30 32 74 16 49 33 84 91 13 35 3 87 63 51 85 95 20 29 61 53 14 44 43 1 12 21 90 23 2 45 42 69 8 60 93 67 58 0 40 79 15 77 27 17 76 31 48 94 5 68 71 89 24 65 28 41 72 54
64 54 13 22 76 15 60 61 63 55 47 78 81 12 51 53 32 77 38 94 44 87 75 92 80 95 52 58 21 29 0 67 74 85 45 33 48 11 42 46 49 50 3 79 84 57 31 68 16 82 24 6 30 1 4 20 39 70 8 2 40 41 90 65 35 91 9 69 34 18 62 73 59 23 7 93 10 72 5 25 86 36 27 26 19 17 66 89 71 28 56 37 88 83 14 43
86 9 4 65 53 33 38 5 22 94 93 17 88 55 56 16 21 3 60 2 13 62 36 30 95 48 51 24 78 52 39 6 41 75 18 35 8 15 68 31 91 92 29 40 37 11 32 54 12 85 27 1 69 20 23 28 82 90 61 50 81 43 66 47 7 14 72 79 64 34 76 45 49 74 0 42 26 84 71 59 57 10 63 19 46 89 58 83 87 80 44 25 73 67 70 77
57 11 46 77 17 48 44 85 0 32 80 88 65 40 70 1 92 72 15 9 58 39 93 37 42 19 7 5 82 26 45 33 78 52 20 81 2 60 59 67 64 43 3 75 95 89 84 23 55 54 94 49 63 12 76 4 8 14 6 69 34 71 24 51 16 25 68 61 38 21 79 74 41 83 53 90 87 86 29 28 35 47 18 91 62 36 27 73 10 31 56 30 13 66 50 22
93 12 33 64 92 38 76 66 29 59 57 39 67 42 69 34 72 15 55 37 88 95 28 41 63 81 75 83 43 30 47 3 84 70 1 0 94 74 17 13 44 52 80 77 4 9 8 82 48 32 16 85 11 19 50 36 87 71 24 40 65 58 91 26 49 62 78 51 35 68 56 6 73 46 5 22 54 14 7 18 27 61 23 45 21 89 31 25 53 60 86 90 79 20 10 2
78 37 16 50 15 79 91 12 17 43 11 51 65 20 57 7 60 34 53 85 75 36 2 49 46 94 21 64 39 44 18 92 82 9 6 86 63 38 71 74 25 95 77 14 27 76 69 72 1 45 70 8 30 22 62 35 80 31 42 28 40 23 81 48 83 56 61 3 59 58 0 73 66 90 54 84 10 26 4 32 19 55 68 13 47 33 24 67 29 52 88 93 5 87 41 89
53 3 49 50 74 92 25 55 57 90 68 75 15 18 91 29 95 89 46 48 0 23 80 30 22 63 60 54 28 16 41 64 33 19 2 52 47 13 43 79 66 51 26 93 73 14 65 69 84 67 81 72 10 1 82 71 4 24 35 39 86 61 59 85 94 31 32 44 83 36 27 34 78 45 70 88 20 7 56 38 5 17 87 8 11 6 62 42 58 12 9 37 77 40 76 21
13 29 51 7 72 38 27 64 39 52 88 74 67 1 63 94 31 44 45 82 92 11 15 36 5 93 65 78 41 90 33 42 21 58 61 30 85 8 25 3 62 6 50 57 23 89 37 16 48 34 81 86 59 70 12 28 87 17 60 79 53 56 26 75 40 55 19 49 20 18 71 9 83 47 54 43 2 14 46 24 95 4 0 32 84 76 35 10 80 66 68 22 73 91 77 69
1 19 10 23 95 52 67 46 81 15 91 26 30 43 90 79 36 8 89 45 55 33 38 32 78 49 73 88 57 6 82 80 13 22 74 58 9 84 60 44 7 39 28 0 86 35 54 47 12 70 62 61 94 20 17 29 51 64 92 41 34 53 77 85 2 48 56 14 27 25 50 4 31 66 72 16 68 63 18 71 24 21 11 69 87 93 3 83 59 42 5 65 76 37 40 75
64 77 70 24 52 18 54 68 80 67 75 73 61 25 95 87 50 31 9 45 78 6 11 48 47 0 10 22 19 14 89 26 3 90 63 72 71 49 4 82 15 93 81 94 13 40 92 79 20 58 62 33 8 29 91 38 27 43 51 1 5 84 57 30 34 88 21 28 59 44 85 76 66 41 17 55 2 12 42 23 53 46 60 69 35 37 16 39 83 7 86 32 65 36 56 74
37 64 63 61 35 32 1 78 42 7 9 82 28 0 21 71 2 16 65 70 56 47 79 12 66 6 34 83 59 25 50 86 41 93 84 43 13 27 53 8 23 20 74 68 30 33 49 4 60 17 87 48 75 67 51 85 77 94 36 88 18 44 29 54 80 91 3 81 22 62 5 31 90 72 26 46 58 76 10 38 89 92 11 19 39 73 52 45 55 57 24 69 14 15 95 40
21 18 89 39 41 8 53 3 51 88 75 28 34 90 14 78 48 19 33 43 42 60 67 9 62 58 50 23 94 93 47 77 10 85 45 4 86 52 70 40 95 35 65 63 91 74 54 61 92 73 66 46 56 32 22 27 29 36 64 76 31 25 5 71 82 16 87 20 57 83 44 2 1 6 55 15 79 37 17 11 7 81 38 0 49 26 13 59 80 72 84 12 24 68 69 30
5 93 14 71 83 36 41 29 13 2 75 22 9 38 25 63 30 87 80 53 20 17 12 90 32 3 39 70 64 28 54 15 95 4 21 82 44 33 73 18 88 48 67 23 1 10 11 79 69 43 47 91 60 66 40 76 59 24 35 55 74 86 58 94 61 62 49 81 34 84 50 65 27 37 92 72 16 0 46 52 68 57 6 77 89 78 7 19 45 51 8 26 56 31 85 42
27 15 59 37 10 88 68 34 5 69 7 8 76 71 31 20 12 51 2 85 93 79 46 32 11 72 3 6 26 92 19 38 82 89 44 95 30 81 16 50 47 60 1 24 80 90 62 39 57 13 77 65 4 64 18 87 49 21 17 22 14 61 52 83 56 35 33 91 86 41 78 28 75 48 29 63 73 84 43 94 74 66 25 45 36 54 23 70 40 53 55 58 67 0 9 42
14 38 49 36 50 2 4 41 39 33 43 53 11 46 79 94 31 44 64 93 58 88 51 76 59 27 86 19 85 60 28 54 10 90 15 82 25 9 56 12 74 20 23 65 13 78 83 3 95 47 89 87 80 17 55 7 70 91 57 6 63 42 68 16 67 81 71 5 73 37 34 21 61 1 18 35 72 75 66 30 40 52 45 29 32 26 92 22 84 0 24 8 62 48 69 77
62 18 37 31 84 4 36 35 1 27 24 41 43 33 57 83 68 59 79 66 93 20 25 95 78 82 45 46 60 22 34 81 38 17 71 10 28 67 44 65 85 80 32 51 69 49 56 7 75 54 30 13 3 70 8 2 88 12 6 19 16 9 23 48 14 26 21 77 76 5 90 47 86 0 61 29 42 39 91 94 50 64 55 92 87 11 72 74 73 52 40 15 53 58 89 63
73 38 19 81 6 59 58 93 5 50 27 9 10 1 68 11 29 4 22 74 90 32 48 51 40 30 94 57 16 55 14 56 7 8 33 42 34 20 82 47 13 45 70 53 75 35 28 24 17 3 12 2 87 37 39 88 84 36 69 44 63 60 64 72 62 79 66 80 86 77 78 54 92 25 52 65 85 83 89 15 46 43 21 41 95 71 76 91 0 61 26 23 67 49 18 31
45 64 5 70 63 4 39 94 81 36 12 38 13 2 67 65 42 80 16 56 52 21 49 91 82 50 95 59 61 44 40 1 27 34 85 30 68 72 86 23 14 15 22 8 83 10 9 54 77 78 43 92 88 51 87 35 76 17 0 75 28 31 60 6 66 37 7 29 58 32 19 62 20 84 48 24 46 18 53 47 57 79 26 55 71 93 73 69 74 3 90 11 25 41 89 33
27 8 2 87 86 84 21 9 52 53 45 68 42 12 18 77 15 30 59 94 49 28 26 83 24 10 89 25 71 75 79 5 7 70 61 80 50 4 76 35 31 29 19 66 34 36 93 92 60 63 67 33 55 14 81 16 3 38 13 90 32 44 20 64 58 40 48 74 73 46 78 91 47 37 0 51 62 85 69 57 65 22 1 17 95 72 56 11 88 41 82 23 43 54 39 6
78 61 94 30 83 32 59 7 35 82 65 14 31 43 86 75 29 44 50 37 16 19 95 69 9 90 25 91 18 2 81 93 33 23 34 71 77 64 54 80 73 41 62 46 42 85 79 58 1 56 72 84 47 76 5 39 15 53 27 68 13 21 57 92 51 89 17 12 6 8 20 49 45 52 66 38 40 3 67 22 28 63 60 70 74 88 87 10 36 55 26 4 11 24 0 48
14 59 52 6 67 29 60 27 62 49 86 21 61 50 34 7 33 58 38 94 44 18 68 83 51 41 53 22 65 69 71 2 91 90 1 13 48 32 45 55 89 25 54 40 42 47 74 88 57 30 70 92 73 95 82 31 87 26 16 37 79 17 93 75 3 5 10 76 35 9 66 20 12 19 36 81 43 24 56 80 78 39 8 23 77 64 11 84 46 63 0 85 4 28 15 72
2 89 32 25 23 60 75 82 67 29 45 64 53 84 70 80 27 81 36 7 77 87 30 93 51 39 71 72 49 88 44 33 69 28 19 90 68 3 31 50 91 17 0 42 61 9 76 12 22 8 37 38 4 78 63 26 6 47 65 52 21 85 15 94 62 24 16 5 43 54 41 34 11 35 56 83 20 66 74 48 46 92 57 79 59 73 40 55 13 18 14 1 95 58 86 10
82 5 67 87 33 45 3 28 56 1 55 54 88 23 58 68 41 52 90 30 2 50 80 31 26 91 46 59 20 17 24 32 13 34 42 94 92 27 36 0 74 77 43 6 14 57 72 73 53 44 40 60 39 10 49 70 79 11 29 9 22 48 76 62 15 63 61 69 64 7 25 47 75 51 83 95 93 4 66 86 65 78 19 85 81 12 84 89 18 16 71 21 37 35 38 8
77 63 75 12 30 23 54 5 87 67 7 20 68 90 48 72 95 8 80 81 43 3 64 35 82 69 44 79 83 50 57 59 49 71 56 17 29 62 73 2 18 28 6 13 45 10 31 46 65 58 84 74 52 19 47 21 22 78 60 91 76 39 51 66 86 89 14 0 36 32 61 4 94 26 33 41 9 42 11 15 93 34 24 25 92 85 88 70 53 16 37 55 1 40 38 27
33 48 84 22 35 94 61 82 80 44 89 27 77 38 9 81 47 90 54 65 52 62 93 73 78 21 28 56 66 18 57 4 5 25 37 42 26 88 15 60 58 71 7 3 95 91 34 85 63 36 0 17 55 32 83 87 1 64 50 8 86 75 59 53 10 79 19 43 74 76 72 70 92 69 29 23 31 30 51 6 13 49 11 40 45 2 12 68 16 14 24 41 46 67 20 39
84 31 85 5 28 18 41 59 71 13 76 34 54 2 66 91 40 92 65 39 87 25 46 16 53 27 75 80 10 44 30 72 26 32 73 37 57 56 74 42 95 3 86 8 17 64 67 50 58 81 36 90 43 1 21 45 11 82 47 60 14 52 38 4 83 23 49 35 15 7 48 29 61 88 19 24 69 79 77 78 94 12 0 89 22 93 9 20 68 62 6 51 63 33 70 55
