75 25 56 18 63 94 7 14 62 6 20 32 73 84 3 49 31 39 68 66 90 23 65 42 58 22 60 64 50 76 80 27 57 12 88 0 92 33 38 79 11 87 85 34 5 1 19 26 41 69 28 67 37 30 91 51 9 40 15 70 46 52 86 82 54 55 95 93 16 13 21 4 43 8 74 53 71 48 47 89 10 29 44 77 24 61 36 83 2 45 17 59 78 35 72 81
49 42 5 43 51 54 29 80 45 11 28 33 27 61 90 93 4 84 0 59 79 7 66 24 15 73 10 62 58 65 75 95 26 8 81 18 38 16 9 63 53 57 36 78 91 20 55 60 71 14 56 19 46 83 3 1 48 21 6 34 67 13 52 41 25 47 2 88 12 68 32 82 87 94 50 69 31 86 77 76 44 39 17 37 22 40 30 85 89 92 70 74 23 64 72 35
70 43 94 38 54 45 86 77 64 19 8 80 47 78 37 30 95 68 56 59 18 61 73 31 32 85 4 6 49 27 60 33 90 13 23 44 29 24 53 76 75 79 42 22 16 36 82 93 83 40 26 34 51 46 41 10 12 48 87 39 91 65 3 25 50 66 17 89 9 20 69 35 5 63 55 58 21 15 2 81 74 28 92 62 71 88 72 52 57 14 7 0 1 67 84 11
18 12 30 73 44 52 0 40 82 85 65 38 5 88 78 57 68 45 28 9 69 86 25 87 2 15 13 83 34 71 56 48 35 19 26 58 79 27 75 8 66 3 94 76 7 11 41 21 55 20 80 53 81 90 23 14 62 51 6 64 24 93 50 32 59 31 63 43 33 84 4 60 72 47 46 91 49 70 16 89 39 29 1 61 74 17 42 92 77 22 36 54 10 67 37 95
48 68 21 74 83 16 35 65 92 50 62 39 13 52 20 4 11 34 72 80 73 64 45 77 42 23 81 0 2 91 55 69 29 3 84 85 60 90 88 93 75 40 26 95 10 15 49 12 82 87 53 22 61 6 24 44 38 28 70 56 89 1 5 76 46 25 36 57 86 7 58 43 47 31 59 54 66 19 41 51 71 14 8 18 17 30 37 32 79 63 9 78 27 94 67 33
71 17 67 84 85 46 59 26 8 45 54 24 28 82 78 36 35 15 51 53 0 22 14 75 91 48 80 5 13 87 89 70 10 29 92 2 50 60 38 95 61 76 69 25 52 79 77 21 62 39 27 42 74 44 12 19 83 7 3 47 9 33 16 20 65 68 63 81 58 37 32 93 73 64 4 34 56 40 86 72 6 94 57 43 41 49 55 18 23 90 1 88 30 11 66 31
85 73 50 49 80 9 91 43 60 35 82 0 93 10 52 31 92 89 57 34 75 79 32 16 46 3 54 47 11 58 65 29 84 28 59 64 23 40 48 42 15 8 62 90 56 61 21 72 39 70 27 14 78 44 24 94 86 71 67 55 53 20 26 83 81 1 25 66 38 37 95 36 4 18 30 76 41 74 45 69 51 6 22 12 5 33 77 87 88 17 13 63 7 19 2 68
6 91 52 61 38 47 31 40 84 59 18 53 77 11 94 89 75 34 86 67 72 12 73 23 10 54 5 62 20 50 14 80 83 4 2 27 90 29 24 35 7 42 87 64 92 51 81 36 1 65 26 19 68 44 37 85 13 74 56 88 93 17 71 95 41 32 28 57 9 22 82 0 60 43 69 8 49 55 15 33 79 46 58 30 21 76 66 45 16 3 70 78 25 63 48 39
50 24 55 72 41 92 56 3 14 11 12 17 63 2 27 28 89 10 6 34 78 95 16 37 15 67 36 49 61 65 46 58 48 20 68 52 93 88 40 43 69 90 45 62 70 4 76 7 30 86 94 53 80 23 51 59 81 29 91 64 26 84 19 22 39 33 38 66 42 82 31 44 32 60 47 13 87 1 57 85 79 54 74 9 0 35 71 83 73 77 18 25 8 75 5 21
82 65 83 44 4 29 35 37 10 76 20 2 59 60 90 53 5 46 66 79 78 1 87 58 33 94 3 9 51 95 23 24 77 73 41 11 63 91 8 18 47 49 42 62 13 57 28 56 54 21 68 81 16 27 7 71 75 88 34 19 38 17 6 85 69 22 70 12 84 0 93 86 89 61 48 40 74 32 14 31 64 72 30 25 43 15 39 50 52 80 45 67 55 92 26 36
48 6 7 33 30 55 4 50 27 67 21 95 64 73 92 81 93 8 66 94 88 86 18 68 65 41 2 75 25 80 54 61 15 3 36 63 17 40 32 91 20 31 58 28 85 71 44 70 0 13 14 82 52 69 23 90 79 53 12 43 29 51 39 89 83 34 1 47 9 78 76 5 72 60 35 24 10 59 49 57 87 16 46 74 11 22 84 38 19 42 37 45 56 62 26 77
5 82 3 89 4 53 86 41 30 62 43 48 84 16 72 2 93 46 80 31 40 91 44 14 36 35 23 39 8 0 45 7 52 28 94 74 59 67 58 54 66 76 22 68 49 75 20 38 95 77 12 57 32 34 50 70 69 15 18 92 55 6 33 90 37 27 65 87 73 29 78 24 47 88 51 71 19 42 83 63 21 11 17 81 13 79 25 1 9 60 85 56 64 10 26 61
84 70 93 47 66 92 95 17 41 94 75 40 59 79 4 30 0 71 60 6 38 62 44 52 12 51 46 19 18 58 14 7 23 56 57 39 48 73 27 33 80 50 29 43 22 65 83 2 16 42 74 1 64 15 88 85 78 69 67 53 81 25 8 90 72 89 31 86 26 5 91 11 32 87 63 10 24 3 34 45 49 9 35 36 54 21 77 28 82 68 20 76 61 13 55 37
28 76 55 84 22 40 83 67 78 39 74 85 47 25 91 60 20 23 34 46 37 71 58 44 82 45 73 50 38 3 42 12 52 9 90 92 56 6 48 11 72 89 61 62 30 24 14 65 41 18 66 59 26 93 68 79 87 4 7 1 54 31 81 95 21 35 15 75 43 13 49 32 5 70 53 8 80 0 2 88 10 19 17 29 86 33 27 36 57 64 69 51 16 63 77 94
29 6 51 58 72 37 48 26 27 16 83 4 92 36 44 14 2 86 91 80 9 90 11 93 25 85 57 38 47 45 24 75 70 52 15 60 65 64 10 46 31 55 71 87 35 13 17 77 20 63 18 19 54 79 95 84 76 5 89 12 0 22 68 8 40 61 34 82 62 28 23 32 41 50 73 7 42 69 66 39 49 3 81 59 56 21 94 88 30 78 1 33 53 74 67 43
10 59 80 73 31 32 4 56 87 39 18 65 82 1 86 20 17 26 64 13 22 51 48 74 30 24 36 83 40 69 33 70 6 88 84 62 57 15 49 94 35 9 7 61 67 23 8 75 34 90 71 41 53 72 58 47 77 79 52 19 14 54 29 44 81 63 37 16 11 38 55 28 21 2 93 95 0 68 12 46 43 50 5 45 3 89 78 76 42 85 27 91 60 25 92 66
6 9 55 62 5 43 16 70 86 41 95 90 93 76 35 51 38 82 19 64 54 83 31 52 15 47 49 91 39 25 89 58 42 88 11 57 92 10 30 78 32 73 26 40 4 84 53 61 50 37 0 22 33 2 65 46 81 72 68 3 1 67 60 20 44 29 56 28 24 23 18 12 77 17 13 63 87 21 14 48 7 66 94 8 69 27 45 59 71 79 80 75 36 85 74 34
83 37 8 33 64 16 67 52 76 56 14 84 17 72 54 59 23 15 82 49 50 41 12 78 86 43 28 6 19 91 70 9 31 40 4 55 61 34 69 51 77 57 27 3 2 7 39 26 13 95 80 90 68 5 20 85 75 24 10 65 66 73 36 30 71 79 48 89 46 92 47 93 42 88 62 87 53 25 22 63 45 32 18 94 35 60 81 1 74 38 21 29 0 58 11 44
76 92 61 56 37 72 73 80 9 74 75 42 50 3 1 41 59 11 51 39 6 36 93 19 34 58 54 82 69 45 4 7 30 16 0 40 33 77 2 28 84 85 43 83 38 86 46 81 62 13 89 31 15 32 17 47 44 91 29 18 35 49 70 68 23 52 8 21 20 60 48 55 5 12 79 95 14 78 71 57 94 10 25 64 67 26 22 66 63 87 88 27 65 90 24 53
39 9 71 89 11 20 53 14 84 16 51 88 78 4 55 7 29 43 73 0 94 61 76 86 70 12 93 68 75 17 74 87 67 41 21 23 1 36 34 38 50 60 91 48 33 45 46 3 85 64 24 63 27 92 56 26 19 54 90 30 22 25 47 40 77 52 69 95 66 28 31 15 5 8 81 32 83 10 49 59 58 82 65 79 72 18 6 13 35 57 37 44 62 80 42 2
69 46 33 77 15 57 22 6 34 56 27 85 26 90 45 16 40 17 7 73 76 89 84 59 0 23 28 65 72 21 19 14 78 63 67 87 37 53 79 20 3 94 70 8 43 51 13 74 60 36 31 58 95 38 64 5 24 4 29 44 25 93 1 62 32 18 11 9 71 48 83 81 10 49 80 50 42 91 66 54 30 82 52 86 75 92 88 55 2 61 47 39 12 41 68 35
89 88 10 42 30 73 44 32 69 15 13 25 79 40 72 24 94 82 23 33 67 68 35 95 31 26 37 58 47 91 6 38 11 90 85 36 39 50 84 76 61 0 86 60 74 4 3 1 8 55 71 70 14 54 56 81 80 28 43 63 9 53 16 59 87 52 92 7 20 21 75 2 64 27 49 46 78 22 19 93 34 12 5 65 51 48 17 57 83 62 29 66 18 77 45 41
56 6 20 18 45 72 68 91 2 3 64 16 47 25 28 43 88 12 83 0 74 87 94 26 80 19 8 70 38 9 55 73 34 59 89 7 57 32 77 10 52 13 78 37 5 82 44 95 22 50 53 4 54 69 76 49 30 29 1 51 92 61 81 11 15 41 86 66 65 27 21 75 36 14 62 39 90 40 48 42 24 23 31 67 63 35 84 17 79 46 93 33 71 85 60 58
1 84 22 3 91 31 53 32 40 82 42 51 86 65 61 58 0 79 77 44 55 93 2 59 57 73 80 92 7 67 72 89 29 28 26 70 68 30 13 14 95 41 10 16 19 69 71 25 52 24 35 5 36 78 90 18 74 12 17 6 50 21 47 49 81 33 46 43 85 60 76 20 87 63 37 8 56 9 66 39 62 15 38 64 23 88 11 48 27 4 83 54 94 75 34 45
95 14 29 38 49 19 8 76 56 3 44 37 13 88 46 72 25 50 36 5 7 47 63 71 86 23 55 51 34 42 77 0 62 60 39 79 48 65 75 32 69 59 80 12 18 27 74 2 84 22 92 31 4 91 43 11 57 45 64 94 70 15 54 16 9 58 17 6 1 52 24 66 73 41 28 10 81 83 89 53 35 87 82 67 78 68 20 85 21 90 40 30 26 93 33 61
85 93 6 25 60 14 67 63 22 83 33 36 28 8 70 78 79 94 13 77 68 2 7 24 47 53 11 61 48 62 0 72 66 30 31 35 64 32 75 18 58 92 4 91 59 73 89 19 71 1 74 82 10 39 54 29 41 43 49 87 37 81 56 20 27 55 69 21 3 90 38 65 80 57 16 12 40 76 50 26 46 51 95 84 9 34 5 42 23 52 15 88 86 17 44 45
54 74 18 50 4 31 88 85 46 40 65 95 39 94 8 33 82 69 19 83 21 26 57 12 61 79 27 93 55 17 16 15 72 42 70 51 48 23 13 1 73 5 24 44 7 81 43 20 58 52 11 80 49 66 92 0 89 78 64 68 35 2 3 47 14 60 90 62 67 77 91 37 38 84 41 10 32 59 29 28 53 75 71 36 30 63 45 22 6 25 34 87 86 76 56 9
43 8 70 60 87 1 3 10 88 13 34 63 82 27 23 15 74 45 0 95 58 25 11 39 7 42 76 18 81 12 48 36 75 44 86 59 64 51 33 72 21 61 52 94 90 56 47 68 89 57 26 6 92 14 73 91 29 83 37 84 69 5 79 17 30 55 66 65 19 85 78 9 49 93 50 46 24 35 77 38 71 22 2 53 31 40 28 32 67 16 41 4 54 62 20 80
57 73 1 53 46 23 9 19 29 75 34 16 77 66 25 26 89 69 70 47 49 32 0 87 56 68 15 81 8 91 95 3 28 10 43 50 82 54 59 86 35 2 80 55 83 90 58 33 48 5 92 39 85 84 72 67 64 22 20 44 12 40 88 38 71 24 94 74 13 37 14 52 78 65 63 11 42 61 31 7 21 93 30 17 6 60 18 51 36 41 62 76 79 4 27 45
56 8 44 63 15 23 1 26 28 54 20 80 84 43 11 30 37 17 46 29 88 90 52 83 24 2 64 73 36 71 75 72 68 3 65 33 81 13 58 40 66 53 25 31 89 48 74 21 12 32 67 9 62 38 47 76 59 49 27 69 78 16 57 60 50 45 94 51 61 14 55 93 70 82 35 86 6 7 95 41 18 79 39 22 91 0 42 10 19 5 85 87 92 77 34 4
22 51 80 36 0 43 42 30 33 44 47 79 46 66 73 2 62 71 81 39 89 84 24 26 23 1 40 34 54 38 48 13 6 5 29 59 9 52 65 7 55 90 77 76 91 92 87 67 95 21 72 4 85 19 31 8 58 61 12 57 27 74 18 78 64 50 63 82 56 69 94 68 83 14 17 28 53 93 20 60 25 70 45 88 16 32 41 75 10 35 86 37 11 3 15 49
47 39 86 64 13 25 56 76 91 16 4 36 45 73 67 28 63 34 65 6 95 0 23 79 33 12 81 22 89 35 52 88 20 2 18 68 84 92 57 43 75 59 26 94 70 3 82 32 14 58 80 78 93 41 38 77 55 54 1 87 8 10 21 83 46 9 60 40 17 62 66 11 30 53 85 48 50 24 61 7 29 72 19 15 27 5 90 74 51 71 49 31 44 37 69 42
76 29 30 51 70 26 58 1 28 43 48 12 14 78 10 50 25 6 71 74 65 46 40 62 33 3 88 64 15 90 31 5 53 18 92 4 37 20 39 91 52 55 0 61 60 11 69 49 45 82 8 86 83 84 24 42 66 21 47 22 32 41 38 7 73 72 89 34 44 63 95 68 57 19 2 77 79 87 93 35 59 36 13 94 9 56 23 75 80 54 27 85 67 17 81 16
7 92 8 49 62 85 2 15 64 29 22 77 45 56 94 89 47 9 67 91 35 36 59 68 66 52 0 95 53 57 72 84 71 20 69 79 1 70 5 88 14 21 32 19 42 86 16 46 63 61 24 34 17 43 58 25 37 78 81 28 6 30 33 54 31 50 39 40 11 23 13 74 26 83 82 65 4 41 48 44 75 38 93 73 27 60 90 3 12 51 10 55 87 18 80 76
31 10 71 15 94 6 39 42 61 12 87 73 63 89 29 77 8 81 44 33 20 54 49 95 43 9 51 45 16 75 70 36 1 24 69 50 72 13 23 28 60 65 88 62 92 26 46 91 19 22 35 58 11 14 76 74 4 56 82 3 66 57 78 38 18 64 21 2 47 34 90 30 55 17 53 0 41 25 59 7 68 37 32 48 93 83 84 79 40 80 86 67 5 52 27 85
46 78 74 44 28 5 60 24 15 47 51 77 0 10 29 48 34 25 14 11 8 9 13 70 19 3 84 95 67 79 65 68 52 40 6 43 64 81 54 58 66 85 35 7 37 86 71 76 61 75 91 88 80 32 20 38 26 57 82 23 55 93 62 31 94 89 30 59 49 92 45 87 73 42 16 21 63 41 27 39 83 1 33 72 12 56 53 2 36 22 18 4 50 69 90 17
13 83 23 60 94 11 22 14 92 57 40 56 86 85 61 80 62 1 82 16 39 71 17 6 72 21 50 37 10 88 33 35 47 79 84 49 18 95 8 67 91 46 31 3 29 63 2 90 77 9 59 5 73 15 25 53 19 78 7 55 24 58 68 51 20 0 36 42 44 66 76 43 54 89 28 41 64 81 12 32 52 65 38 87 27 48 93 4 70 74 45 34 75 26 30 69
69 43 54 12 73 35 36 23 39 20 94 1 48 68 8 85 70 53 84 32 6 37 92 27 13 17 79 2 21 56 63 90 41 86 14 40 51 24 93 57 22 38 4 33 46 30 81 91 88 60 28 82 80 67 71 9 76 29 0 55 87 42 3 7 18 95 78 47 66 74 10 11 5 72 83 16 89 34 45 26 52 65 64 75 61 59 19 49 58 62 44 50 15 25 31 77
59 43 76 7 83 72 40 28 69 30 60 68 50 3 10 2 90 95 18 1 56 23 75 15 92 19 87 52 62 80 82 54 4 55 39 53 81 35 44 71 70 57 77 5 88 12 37 29 48 36 27 26 85 8 94 25 32 31 14 79 93 91 17 13 24 74 41 42 0 34 64 9 46 89 61 84 38 67 73 16 66 21 22 58 6 33 45 63 65 47 20 51 86 11 78 49
40 42 29 28 35 5 31 61 34 55 26 23 60 0 76 83 14 53 3 88 17 79 10 11 38 82 66 75 62 41 20 64 92 8 58 59 6 15 56 33 57 50 9 78 80 54 19 30 52 74 37 43 86 47 18 70 24 44 95 27 45 65 48 67 36 84 32 93 69 4 22 49 12 94 72 21 7 63 46 51 71 87 1 90 73 16 77 85 91 13 2 39 68 81 25 89
88 93 11 49 94 51 77 19 50 47 95 15 13 75 3 25 7 55 8 4 62 37 41 90 85 86 24 32 61 68 1 48 63 92 65 91 34 79 78 31 52 72 87 82 84 12 57 64 20 6 66 27 58 26 73 21 43 29 17 39 67 44 23 18 40 80 14 89 74 71 22 28 0 16 35 54 5 83 36 46 69 81 60 70 33 9 45 30 56 59 10 76 2 42 53 38
1 44 25 72 59 54 35 75 2 79 19 43 63 90 15 74 16 26 24 17 50 28 12 18 47 13 78 60 67 91 7 65 31 84 3 6 70 86 8 20 93 36 39 40 94 27 41 77 30 33 48 51 76 68 14 0 49 46 56 37 80 87 4 61 57 82 5 22 10 73 29 34 92 89 71 55 45 42 95 88 64 85 58 32 66 21 53 52 38 62 83 69 9 81 11 23
30 40 39 25 13 66 16 87 12 91 17 14 56 61 35 77 26 81 55 5 8 43 18 68 22 10 74 83 19 49 15 29 21 94 63 92 58 4 85 38 70 76 20 45 47 78 3 7 75 79 88 44 57 54 42 84 89 11 59 37 34 1 71 53 28 73 50 41 0 65 64 51 23 36 52 9 6 46 60 27 62 93 48 82 69 24 67 86 72 33 31 95 80 2 90 32
12 66 19 93 64 5 40 80 85 61 65 89 63 50 67 44 31 39 95 57 36 13 94 18 15 37 92 78 81 86 54 3 45 87 53 35 75 79 43 49 88 48 0 46 28 73 71 38 27 21 68 30 59 7 82 56 83 69 25 17 10 32 76 60 26 77 1 47 8 23 33 84 58 62 4 11 22 9 91 42 41 16 72 2 29 90 20 6 52 70 51 14 34 55 74 24
48 63 17 44 79 83 14 68 10 33 80 76 54 82 6 35 56 15 75 77 24 9 49 73 5 28 92 22 53 95 66 72 52 12 87 25 46 18 11 27 13 31 94 71 70 50 36 8 2 1 41 60 47 89 38 78 90 29 7 39 42 3 65 91 26 40 16 55 74 0 58 21 62 81 85 61 23 32 59 67 88 37 69 84 20 34 19 43 64 57 86 93 51 4 45 30
11 49 12 32 4 82 72 45 18 9 23 10 69 86 79 54 56 57 38 71 20 47 92 40 51 76 90 3 24 37 50 58 95 48 1 77 68 73 28 81 87 31 91 59 22 0 93 41 27 42 15 5 19 53 64 46 78 8 26 43 35 83 66 63 21 61 13 75 33 14 17 67 34 36 84 7 39 2 88 16 29 60 44 94 30 6 62 70 80 74 85 52 55 25 89 65
22 58 78 89 7 65 43 16 54 62 53 84 23 10 29 14 66 30 56 79 90 33 82 2 86 27 72 74 91 42 88 67 5 57 45 12 95 8 21 4 64 17 49 32 59 51 25 63 69 94 77 85 75 3 81 83 35 61 92 60 20 28 34 76 40 18 39 73 19 31 55 37 70 71 36 47 68 50 13 80 1 26 38 15 46 9 48 0 6 11 44 41 87 52 93 24
9 60 35 31 94 4 84 38 7 95 29 48 80 52 39 22 59 51 1 28 3 86 40 54 90 66 65 17 93 92 71 67 5 33 78 15 89 50 47 24 76 88 62 82 53 30 57 42 20 14 0 68 21 64 49 79 6 37 46 18 27 81 36 34 56 23 13 16 75 87 61 72 45 26 41 77 12 32 63 8 85 91 25 11 69 58 70 74 44 73 10 55 83 43 2 19
14 62 56 13 2 84 79 85 16 78 77 19 47 81 52 26 48 58 15 49 63 7 20 55 34 31 67 75 30 36 9 89 3 57 68 74 65 11 32 87 60 43 44 29 6 76 27 33 10 37 95 40 42 80 82 12 72 41 71 21 53 5 51 23 88 54 45 59 70 22 24 1 61 90 69 83 64 28 0 92 93 4 73 8 66 91 35 86 25 50 46 38 17 18 94 39
84 15 62 10 57 82 77 63 61 54 73 91 14 49 22 3 27 38 90 72 80 42 81 65 75 32 83 87 79 53 45 21 2 17 55 23 58 26 31 24 86 44 66 0 68 92 13 43 52 7 36 12 40 95 29 51 94 59 70 9 69 35 41 6 50 89 8 48 16 78 71 64 28 19 46 88 1 34 60 39 67 30 74 93 85 25 20 11 4 37 5 18 56 33 47 76
49 34 71 67 87 43 33 60 17 1 78 54 56 79 45 83 80 9 65 41 92 39 62 70 2 74 28 15 94 16 32 88 44 21 38 85 51 30 93 31 89 81 63 37 91 64 25 75 4 3 27 47 73 59 61 0 40 42 24 13 52 10 58 77 68 90 76 12 69 57 14 86 66 6 5 48 50 23 55 20 8 19 11 22 72 82 35 84 26 46 36 53 95 7 29 18
39 44 38 10 73 18 61 50 13 66 34 7 6 20 5 28 33 3 82 16 74 51 62 40 29 48 24 46 21 32 65 37 2 68 71 75 8 9 86 57 19 87 77 56 4 35 43 60 22 70 90 53 30 67 88 25 92 23 52 78 80 14 31 17 72 69 84 94 85 76 0 49 12 83 55 11 64 81 41 36 42 91 63 89 27 47 59 26 15 54 95 79 45 1 58 93
35 3 51 73 7 69 82 1 31 61 29 49 92 34 45 18 15 66 26 47 40 2 30 20 46 80 76 57 14 64 62 33 88 90 94 93 39 6 71 72 81 21 59 65 0 74 83 78 56 95 79 19 87 58 23 53 85 89 9 24 86 77 63 17 10 28 41 43 22 36 12 68 8 38 91 5 16 37 52 48 25 55 84 27 60 50 70 32 42 13 4 54 44 67 75 11
39 78 74 69 19 8 28 54 90 18 66 83 16 24 49 80 75 47 42 25 33 62 27 36 85 45 51 2 92 1 10 48 95 14 67 64 12 9 43 23 5 84 15 31 7 13 29 89 63 56 61 94 26 60 40 72 17 20 55 32 76 77 3 38 34 81 21 37 50 87 41 0 88 65 53 30 22 4 70 68 6 73 59 82 91 93 11 35 44 57 71 46 52 86 58 79
61 2 58 66 5 34 35 31 83 52 11 30 74 37 60 28 91 45 10 95 89 21 41 24 72 50 33 73 82 19 17 76 9 46 90 53 0 6 39 70 68 92 47 7 13 57 64 75 42 59 26 93 65 20 40 15 86 43 56 81 29 79 51 27 36 44 78 4 3 84 54 67 77 62 85 14 88 8 94 63 1 25 38 48 69 22 16 55 49 18 32 23 87 12 71 80
76 16 77 18 35 71 93 14 57 12 91 68 63 80 5 31 2 69 87 32 88 74 94 89 73 36 56 15 13 59 52 65 23 64 50 70 4 29 62 40 53 82 44 9 72 42 92 30 6 60 39 86 11 95 55 7 19 20 3 37 46 43 79 34 51 75 81 1 49 67 22 66 54 25 38 33 48 61 24 90 26 78 17 45 85 0 10 83 47 8 28 84 27 21 41 58
73 56 6 80 4 74 38 77 89 0 24 62 75 37 32 20 83 65 11 54 59 23 69 46 17 61 30 48 36 33 39 47 49 71 92 70 79 88 53 16 42 85 60 44 40 67 81 51 8 7 27 86 34 63 84 52 18 2 13 21 78 28 1 41 66 12 72 29 57 43 22 94 15 95 9 55 10 26 14 31 35 58 25 68 50 93 91 87 19 90 64 45 82 3 5 76
90 75 66 92 30 17 53 70 14 11 59 6 62 3 93 94 51 77 32 16 31 45 69 33 5 48 65 42 39 9 63 55 43 24 76 21 82 22 81 71 20 46 8 44 72 91 34 2 85 54 49 4 74 41 78 87 67 28 1 56 79 7 88 15 36 26 86 73 13 61 29 38 57 52 95 12 19 84 0 89 40 23 37 58 60 27 10 80 25 35 50 68 64 18 47 83
47 27 30 49 31 55 53 36 19 10 34 5 73 69 57 9 52 78 22 86 24 39 63 4 28 8 71 66 50 18 21 65 89 74 59 88 38 11 93 81 43 64 72 40 51 0 82 1 61 77 83 42 7 84 14 62 92 45 23 48 26 95 20 16 29 60 25 41 54 32 17 35 76 87 6 94 12 70 75 90 80 68 3 15 33 2 85 91 56 37 79 13 46 44 67 58
42 11 9 37 77 40 81 43 31 56 84 24 54 58 94 18 74 12 23 83 39 26 51 53 30 71 61 86 92 66 75 4 95 46 67 1 91 70 49 6 44 38 36 63 25 64 48 10 57 34 82 20 17 19 89 59 68 88 90 55 65 22 16 52 15 32 41 5 69 80 3 78 8 73 45 50 35 14 47 0 29 62 21 28 7 72 87 79 33 76 93 60 85 27 13 2
78 21 34 39 70 59 0 30 13 6 23 77 25 40 20 48 55 69 79 29 89 64 95 85 5 51 58 22 67 10 76 83 27 31 9 86 19 75 63 14 1 38 72 26 65 57 15 71 53 35 11 32 54 74 43 50 91 44 94 73 90 82 24 87 68 18 46 3 37 88 49 80 66 93 12 81 17 52 8 2 62 7 36 47 28 45 4 16 92 61 41 42 84 33 56 60
36 56 95 20 78 59 42 49 67 57 35 66 47 23 43 14 81 86 0 34 94 45 27 51 2 31 77 64 80 68 89 8 30 26 65 53 82 6 83 62 3 58 41 15 39 9 16 73 10 5 38 50 24 76 40 69 87 72 70 84 60 44 54 85 7 22 13 11 46 32 12 88 33 18 28 52 21 4 37 61 90 1 71 25 55 48 93 75 91 19 74 17 63 29 92 79
90 45 78 54 64 34 44 11 30 82 39 77 42 0 8 89 67 6 79 7 14 13 81 5 52 65 40 12 1 69 29 83 53 58 47 95 4 61 71 66 63 3 57 49 18 28 94 33 41 26 74 31 17 15 76 22 48 73 46 50 87 43 2 51 27 24 36 62 88 21 37 25 68 91 70 38 19 23 9 75 60 59 80 84 55 92 10 85 86 20 32 72 56 35 93 16
63 39 73 51 3 14 4 30 36 10 49 7 79 55 85 26 84 27 17 72 24 94 21 77 13 33 53 15 52 2 6 67 45 59 54 34 43 41 8 95 70 18 89 93 69 38 68 23 83 16 64 86 5 82 37 50 92 25 32 12 62 66 60 40 0 61 80 11 19 76 91 65 74 29 48 31 78 20 47 56 44 46 1 88 58 35 57 42 9 87 81 90 75 22 71 28
35 17 38 93 22 94 55 78 30 26 37 5 43 4 0 79 80 58 89 1 91 27 23 81 64 76 36 39 90 70 54 83 29 16 62 28 33 74 51 8 9 63 84 71 53 49 31 11 14 92 18 66 10 52 12 59 87 47 56 75 69 44 3 41 61 50 77 24 46 20 25 88 57 65 15 68 45 67 32 42 82 13 21 95 73 2 6 72 85 40 7 48 86 34 60 19
26 9 87 2 84 36 81 33 92 45 27 72 57 47 71 74 14 32 94 77 50 65 40 85 69 43 22 42 61 3 19 89 1 46 16 56 80 39 83 52 49 93 4 91 31 62 41 18 30 24 44 63 86 6 15 28 10 8 82 79 29 90 67 51 48 68 95 73 53 21 88 0 54 64 17 7 55 76 37 5 38 20 66 78 13 70 23 12 75 11 34 59 58 25 60 35
59 61 4 88 81 64 6 42 20 51 44 60 46 76 25 73 21 52 95 69 86 57 26 45 77 1 38 74 10 32 91 23 56 9 65 31 30 33 66 78 94 85 72 12 11 70 63 89 40 24 16 48 50 27 29 87 19 14 13 34 2 37 8 71 35 83 62 28 36 3 67 5 43 90 0 17 39 18 7 79 22 54 41 92 80 82 49 53 84 68 47 75 15 55 58 93
40 42 34 23 47 51 65 37 22 91 73 14 1 78 3 46 49 12 43 7 33 89 76 35 27 93 62 87 29 67 25 39 0 10 60 85 69 84 48 54 64 92 94 21 80 63 38 75 30 16 13 17 15 6 95 18 53 11 70 59 88 56 45 32 86 5 79 66 8 26 68 74 57 44 50 19 82 52 55 71 90 83 77 20 58 31 2 41 81 61 72 4 24 36 28 9
1 53 21 49 52 64 41 46 85 20 73 5 19 74 13 12 70 79 33 2 60 24 81 7 71 94 28 89 75 84 27 82 93 92 77 15 69 83 86 87 23 42 56 61 34 67 48 10 32 30 72 11 59 62 26 25 35 22 88 95 37 65 17 40 57 0 78 66 38 4 63 44 16 14 58 45 3 51 47 90 55 76 6 68 54 18 43 8 39 29 31 9 91 50 36 80
84 7 91 1 87 60 75 58 13 17 57 79 50 26 82 5 72 19 12 59 67 64 23 47 49 16 78 24 54 44 11 69 39 40 66 34 37 89 76 81 71 90 0 88 63 10 20 15 3 14 45 6 56 42 8 48 43 93 29 28 53 83 73 70 62 46 36 85 35 32 68 31 33 52 27 22 94 61 74 30 9 25 80 92 65 38 86 55 21 41 51 95 18 2 77 4
64 4 89 33 30 43 17 19 76 45 56 52 91 79 35 13 7 36 57 24 39 83 85 88 54 27 90 12 92 87 75 78 14 81 95 58 80 3 38 41 44 26 63 65 21 25 2 66 16 47 9 34 10 46 48 62 82 73 74 37 11 23 50 8 72 31 53 40 22 93 70 69 42 15 67 18 29 51 6 86 5 61 49 55 1 94 77 68 32 0 20 71 59 28 60 84
14 81 34 38 12 61 47 10 24 66 62 94 43 16 70 86 63 20 30 15 56 1 91 36 40 6 78 3 52 60 44 27 19 7 46 50 0 48 67 26 25 79 93 95 8 17 54 4 9 28 89 21 64 87 74 80 71 18 37 41 65 29 73 83 49 90 5 42 45 35 33 53 57 84 51 39 82 76 55 77 31 68 2 32 22 23 59 69 11 85 75 58 92 72 88 13
90 33 66 92 73 3 45 34 74 46 24 69 14 49 13 87 28 10 59 17 15 20 63 80 11 48 60 25 94 30 37 5 89 95 29 55 36 8 52 12 0 38 53 18 81 93 21 50 2 4 71 82 78 51 42 40 70 23 27 61 47 22 79 19 54 62 26 41 9 56 88 39 35 31 57 68 75 6 16 85 76 64 72 65 83 7 67 86 91 1 84 44 58 77 43 32
68 64 31 36 87 42 58 70 88 94 80 44 40 69 2 65 52 60 84 15 35 34 14 83 23 6 20 33 22 66 55 56 17 9 41 16 30 1 38 19 18 77 59 90 89 7 79 27 12 76 28 62 21 0 26 51 78 32 92 8 43 5 74 48 25 47 11 10 4 75 49 67 63 81 57 50 95 82 86 93 46 37 3 29 72 85 39 45 73 54 71 61 91 13 24 53
42 4 0 84 15 54 7 67 34 92 88 77 50 47 52 3 73 17 9 65 33 93 28 1 95 55 59 68 38 80 26 48 8 27 12 19 72 86 57 29 16 66 90 78 22 83 44 74 31 21 64 89 10 94 53 70 81 45 58 62 39 79 75 91 40 24 23 32 46 60 18 51 82 61 71 11 69 49 30 5 41 25 87 20 56 76 36 13 35 14 2 37 63 43 6 85
45 78 12 7 66 75 41 32 30 90 64 77 56 76 92 40 25 35 4 2 48 51 69 36 22 52 59 93 49 67 60 31 17 72 88 46 50 58 82 0 19 84 13 63 53 79 34 43 80 37 1 42 24 14 91 94 68 61 5 6 15 8 20 73 83 95 57 10 21 47 28 23 71 26 70 81 3 39 9 29 86 89 85 11 74 16 18 55 38 62 27 44 33 54 87 65
91 76 11 13 52 45 58 25 80 62 82 1 51 49 28 0 3 42 59 94 70 93 5 34 21 31 14 85 26 73 65 36 84 48 41 17 54 23 27 89 10 30 44 19 46 88 69 8 22 83 53 77 4 79 57 66 50 90 87 61 64 38 43 60 32 24 78 39 56 72 75 74 6 71 86 95 16 9 35 81 92 68 29 15 55 40 2 33 67 63 12 18 37 47 7 20
45 87 47 7 43 78 2 94 51 22 24 80 90 13 71 16 57 21 74 38 20 23 81 63 30 70 50 14 33 76 93 89 48 3 42 62 27 41 49 82 53 35 9 44 17 73 69 25 8 11 95 79 18 77 29 92 31 5 19 88 91 75 46 1 0 68 12 67 54 84 4 6 85 40 66 34 15 55 32 52 72 58 28 39 60 83 61 64 65 10 86 59 37 56 26 36
76 60 36 45 53 15 85 64 37 81 13 87 21 5 55 19 40 84 75 72 91 34 77 68 4 29 35 89 41 25 95 27 17 80 11 57 71 88 67 69 48 65 66 73 3 83 74 6 7 79 23 39 16 32 59 49 90 20 94 47 22 38 12 52 8 2 78 43 44 92 33 42 10 28 1 31 50 62 14 46 61 30 26 58 9 0 51 54 82 24 56 70 63 93 86 18
34 32 18 75 83 40 44 72 0 11 2 26 89 47 31 12 93 46 54 64 14 70 77 50 7 78 88 42 49 69 33 85 43 60 86 29 16 84 37 41 80 68 57 28 92 1 94 23 53 15 9 48 24 76 79 59 8 71 66 45 56 62 91 17 67 27 90 10 13 22 21 52 58 39 51 6 4 25 38 30 74 81 35 3 82 87 61 55 19 95 65 73 5 36 63 20
95 84 10 70 41 38 12 68 85 92 37 63 86 35 77 33 17 36 66 25 32 52 46 20 42 58 60 7 61 27 55 31 74 90 18 21 69 62 91 39 22 49 72 29 9 48 67 59 56 71 81 6 0 43 78 14 19 15 11 4 57 93 45 76 30 89 73 94 47 26 34 44 51 8 3 64 53 87 54 83 16 82 79 40 50 24 28 2 5 80 23 75 13 88 1 65
4 58 45 62 56 21 41 52 91 48 0 25 81 54 23 92 6 57 64 40 22 50 37 17 33 60 65 7 72 5 89 12 36 11 27 68 74 30 44 35 49 43 8 14 47 31 10 51 83 77 15 9 69 71 80 26 18 73 75 95 87 39 16 67 78 38 86 63 93 42 94 79 84 13 2 28 61 70 82 24 53 88 55 34 90 32 85 46 20 3 29 1 59 66 76 19
48 36 42 47 18 4 72 85 59 54 9 12 56 93 25 61 31 60 76 91 78 70 64 10 40 30 13 51 8 20 16 62 17 44 26 5 80 63 34 77 38 6 43 67 68 15 27 82 73 87 74 32 92 2 66 71 90 7 83 22 81 24 53 39 94 52 33 89 14 23 58 86 65 35 37 45 19 50 88 11 79 0 41 28 49 46 3 95 84 1 21 57 55 69 29 75
2 72 34 31 16 50 69 43 85 65 10 3 1 28 83 49 60 40 73 48 18 79 17 30 32 22 93 24 88 94 51 44 75 23 95 66 64 46 36 62 63 0 27 41 21 91 13 76 89 52 45 84 70 81 54 19 67 29 35 58 55 5 25 53 15 6 14 37 80 78 68 20 39 74 57 86 11 71 77 26 56 12 42 61 9 8 92 4 59 47 7 90 82 87 38 33
70 29 24 18 90 46 41 27 95 10 6 58 16 79 78 82 21 23 2 31 84 80 37 3 47 73 74 83 43 89 59 94 42 55 49 86 91 60 64 4 56 68 17 7 38 25 33 63 61 0 44 1 72 67 26 19 81 88 39 13 69 9 32 77 57 62 71 28 12 76 36 85 11 50 34 5 54 15 75 65 51 20 35 52 8 14 93 53 66 40 87 48 22 30 92 45
48 71 82 80 22 50 86 28 78 23 39 59 3 15 93 74 29 79 73 32 60 9 72 83 17 51 36 61 62 46 0 11 63 54 88 34 64 91 49 90 70 8 24 21 42 43 66 58 95 4 35 56 6 41 55 89 85 12 26 45 76 68 38 87 18 27 75 40 37 47 81 30 2 16 57 44 67 25 53 33 31 20 14 10 5 1 52 13 92 94 69 65 19 7 77 84
76 49 10 18 95 71 19 62 17 11 9 65 16 5 84 55 50 4 53 20 21 33 2 69 83 74 54 35 48 27 92 31 81 73 43 70 61 75 93 40 72 23 22 39 46 87 25 79 34 3 36 12 51 45 57 30 44 14 66 28 78 0 8 88 6 41 60 59 32 67 56 94 7 85 38 24 64 37 47 29 58 15 42 91 13 77 1 89 26 82 63 68 90 52 80 86
17 28 2 23 84 73 58 46 90 44 25 14 0 79 31 69 42 55 8 65 66 38 33 89 10 1 81 3 15 9 41 36 24 48 78 39 5 83 34 29 76 27 92 85 56 60 51 12 82 52 6 95 20 77 53 61 49 32 13 68 88 54 62 94 63 59 26 67 50 11 80 75 16 45 35 86 70 18 7 72 37 91 4 30 47 71 57 22 74 40 21 43 87 93 19 64
82 91 43 51 25 79 40 84 50 46 12 10 88 62 26 39 17 59 63 15 54 66 75 83 24 60 0 32 87 67 92 42 22 77 47 65 48 4 81 71 38 57 28 56 55 86 49 76 9 5 44 78 64 2 73 93 23 41 34 16 35 33 70 27 45 31 68 85 29 89 80 8 3 52 18 30 21 58 1 37 7 19 90 11 61 74 14 69 53 94 13 6 36 72 20 95
44 7 87 37 85 30 91 81 36 12 27 17 46 35 29 4 72 77 25 21 54 84 93 42 82 69 57 38 31 3 75 79 33 40 10 20 95 92 86 64 74 67 65 13 18 61 14 51 50 73 53 59 94 24 45 43 58 15 1 5 22 90 83 9 55 63 34 47 19 11 89 26 0 49 6 78 80 39 56 8 70 41 88 66 60 23 62 28 2 76 68 71 32 52 16 48
53 46 19 67 50 95 24 71 85 58 44 87 82 8 55 21 14 91 59 43 56 66 29 90 0 84 26 54 6 94 1 39 57 64 48 37 10 5 77 86 62 36 18 2 42 27 12 80 15 22 63 89 4 3 83 34 35 38 13 72 23 93 45 16 92 30 88 74 40 70 31 78 7 76 69 52 9 73 79 75 25 81 68 60 20 61 47 32 28 33 11 41 17 51 65 49
34 88 36 0 7 23 14 31 90 4 47 68 82 1 70 8 48 16 86 49 28 9 92 94 3 26 75 66 15 43 54 27 89 77 72 78 6 84 74 50 71 45 46 25 67 65 30 79 10 11 17 24 32 63 60 38 12 62 56 39 37 73 19 55 51 18 41 93 44 76 64 35 52 57 20 80 5 42 33 58 95 83 69 81 40 59 85 21 2 91 87 61 13 22 53 29
16 13 83 50 35 37 24 51 69 26 64 63 82 94 70 58 65 19 38 88 28 48 4 80 10 87 93 89 59 17 45 56 47 42 75 12 33 60 40 32 74 14 2 20 92 0 36 90 8 91 34 61 62 86 57 73 22 43 11 15 6 9 41 23 18 27 95 46 5 44 84 53 49 72 39 85 67 1 79 76 55 68 29 71 31 21 3 7 52 54 78 30 77 25 81 66
84 93 40 21 52 49 43 9 69 74 15 82 65 72 76 75 12 18 86 5 38 60 37 85 59 79 6 64 89 46 68 10 19 3 51 87 29 70 34 17 42 44 32 20 28 61 56 55 47 81 31 48 16 39 94 24 78 4 91 0 11 36 95 14 8 80 83 58 7 35 71 33 1 67 63 25 62 13 53 45 22 41 92 2 77 73 54 30 88 27 90 57 66 23 50 26
45 5 31 43 70 66 2 25 74 51 9 18 12 29 23 53 41 93 89 49 7 48 56 26 75 82 4 80 22 24 14 34 58 20 16 38 76 64 81 94 10 69 32 17 79 84 72 28 68 73 59 57 37 90 67 6 60 11 19 8 44 39 77 0 63 87 55 27 36 42 85 61 95 13 54 65 62 52 46 40 33 30 91 78 15 3 35 50 88 47 83 1 71 21 92 86
33 92 69 78 18 29 58 67 75 49 40 50 55 47 77 6 62 59 63 48 0 51 36 9 54 8 15 25 31 52 4 89 74 23 26 10 44 30 1 82 2 27 68 39 12 65 16 37 7 42 84 66 64 56 41 53 61 73 32 72 35 19 90 5 46 17 28 34 45 20 3 13 83 95 43 57 85 91 81 88 21 14 24 60 70 80 86 76 71 38 11 87 22 94 93 79
1 33 23 6 59 74 36 25 78 32 77 7 51 66 49 13 69 39 54 35 28 30 60 24 18 62 37 5 94 65 85 48 2 3 29 89 45 10 71 81 38 73 93 34 47 63 46 58 90 52 64 43 92 88 61 75 15 57 0 55 86 44 11 16 8 56 50 41 53 42 68 17 31 12 26 9 4 67 14 80 76 95 27 87 19 82 40 84 91 21 22 79 83 70 20 72
87 36 23 48 26 24 0 52 17 13 76 40 72 56 90 75 80 65 50 34 16 2 94 6 67 64 9 69 73 51 15 44 49 91 43 11 60 4 41 81 93 58 22 55 18 8 47 37 53 57 12 89 32 62 14 59 1 92 5 7 46 77 86 33 70 3 78 85 29 71 30 27 61 31 19 38 79 35 63 28 45 74 95 66 25 88 10 68 54 20 82 84 83 21 39 42
21 10 66 82 59 9 12 39 30 32 37 89 58 84 53 78 56 60 31 3 93 0 57 7 61 36 8 44 6 2 95 19 18 91 14 13 26 76 33 80 46 15 74 11 23 85 5 25 83 70 62 69 94 43 79 1 45 77 20 92 16 86 88 27 49 55 75 34 50 73 81 48 52 24 40 68 90 71 87 64 67 22 42 51 72 65 17 38 47 41 29 63 28 54 35 4
26 28 34 53 17 41 15 72 31 50 4 51 76 70 59 56 20 0 7 80 60 22 86 73 5 71 81 9 11 21 35 47 19 54 77 55 78 33 45 36 52 25 82 48 88 46 90 75 84 37 94 74 44 43 23 1 38 42 2 64 24 13 83 8 10 87 68 91 58 95 16 18 89 66 63 12 49 32 93 92 14 61 67 85 65 29 62 27 40 57 79 39 3 6 69 30
24 45 21 13 88 74 43 6 31 64 28 46 33 32 92 8 68 81 50 34 48 39 89 84 26 56 52 14 80 60 53 10 82 69 44 71 41 0 75 20 4 79 54 58 87 23 61 65 95 70 72 30 57 67 18 73 77 3 7 66 94 25 16 17 59 40 27 12 93 63 49 90 36 85 91 15 11 9 51 78 86 38 1 22 42 83 19 2 37 29 62 35 55 76 47 5
3 27 25 11 88 44 53 36 23 46 48 7 59 80 4 2 26 10 9 92 83 55 40 91 78 1 89 90 16 8 71 28 43 69 93 30 86 39 13 87 67 33 0 56 35 18 5 17 84 37 60 34 58 79 75 42 54 94 85 64 6 66 52 31 74 47 32 72 51 61 14 76 12 49 65 38 70 82 50 57 21 45 29 41 63 62 22 24 95 68 20 15 19 81 73 77
78 19 12 6 29 75 23 39 61 13 0 47 68 35 4 22 70 40 7 67 9 50 20 82 5 88 2 48 92 69 33 10 65 62 94 57 42 79 46 64 66 77 45 53 15 3 34 60 36 11 21 41 28 17 73 30 49 95 86 44 59 63 55 51 54 91 32 25 24 85 89 72 83 93 18 76 74 1 52 90 43 27 56 81 38 26 58 71 31 37 8 80 87 14 16 84
78 66 57 33 92 43 45 89 6 59 26 2 68 0 22 83 84 73 18 90 4 65 74 40 38 61 47 64 37 46 5 10 67 16 75 91 19 49 34 82 44 28 13 85 32 1 62 7 72 51 12 48 77 25 95 27 93 21 94 55 8 42 79 41 58 15 24 14 81 29 88 71 60 70 54 87 20 11 30 35 63 3 23 39 86 69 9 17 31 50 36 80 52 76 56 53
45 28 47 16 42 25 68 17 24 5 2 35 64 92 32 75 52 69 81 30 71 12 43 82 59 36 76 3 93 51 26 57 56 19 41 8 4 86 1 87 10 0 54 74 61 62 72 58 95 18 53 6 89 15 9 14 60 27 88 80 85 83 34 23 50 90 84 66 29 65 22 79 20 48 70 21 37 13 55 73 7 67 77 91 11 78 94 39 44 31 33 63 46 38 49 40
16 94 37 72 51 29 65 89 91 7 33 14 53 8 12 1 73 10 21 58 6 38 76 86 61 59 28 60 84 54 71 63 70 77 78 19 35 32 27 48 2 74 0 18 43 55 81 90 36 3 88 68 15 26 9 87 46 13 67 64 41 45 93 80 11 34 66 69 95 85 4 56 92 22 31 52 47 82 50 79 5 83 62 23 20 39 42 17 24 25 44 57 30 40 49 75
37 25 61 75 77 26 70 78 60 54 35 81 22 46 57 51 5 88 43 66 9 71 72 42 39 20 62 84 27 83 34 69 89 47 24 52 44 87 95 49 30 32 79 17 16 58 21 76 33 12 31 48 93 50 3 0 23 41 64 67 7 8 55 92 56 15 85 18 28 40 94 4 10 36 74 19 91 86 63 59 1 68 38 13 45 53 90 14 65 11 6 73 2 80 82 29
38 65 43 71 66 17 46 30 41 49 78 92 50 20 26 33 15 62 4 16 63 57 5 19 44 52 55 32 74 51 89 59 31 6 1 61 83 69 86 77 87 79 85 3 14 88 21 11 76 70 23 24 12 13 35 80 2 72 28 67 27 75 60 84 73 82 0 81 54 45 58 7 90 91 39 47 68 8 40 48 29 42 53 64 34 22 93 36 94 9 18 25 37 10 56 95
26 58 9 68 20 87 12 86 18 53 15 78 82 13 66 73 0 71 23 50 4 91 59 74 70 60 45 37 3 52 61 1 29 69 56 54 84 2 94 7 95 46 57 90 64 31 77 8 79 43 24 39 83 14 55 67 88 21 33 49 38 22 30 16 32 93 41 40 85 28 65 27 63 47 80 19 48 10 11 44 75 42 62 35 6 81 34 25 36 76 51 17 72 5 92 89
92 45 30 84 36 31 65 46 64 0 63 69 81 83 77 1 49 42 62 23 39 90 55 21 13 91 86 37 41 54 38 40 35 94 22 53 24 80 75 68 74 87 27 17 44 4 66 3 70 7 60 16 88 48 71 2 15 8 25 79 56 5 67 9 73 29 95 6 61 52 93 14 82 89 28 58 43 78 12 34 50 33 76 51 19 32 18 85 10 57 26 11 47 72 59 20
90 3 60 5 41 63 0 94 29 30 92 80 22 21 59 65 70 76 4 24 89 28 57 2 84 15 31 52 75 48 7 36 1 33 69 50 74 34 10 11 61 78 19 83 77 18 47 71 58 67 85 16 68 40 23 13 46 25 12 55 95 51 64 8 86 37 66 54 6 53 91 26 27 87 42 32 72 88 44 81 9 14 35 56 43 93 45 79 82 17 62 73 38 39 49 20
56 24 78 80 47 77 41 8 1 81 58 9 34 50 74 0 91 72 84 20 30 95 14 39 65 15 87 92 63 42 37 25 10 16 48 49 69 4 18 17 2 26 62 89 90 22 83 12 28 70 76 33 35 86 66 13 85 40 36 54 21 68 29 75 93 59 71 51 60 38 73 55 61 45 79 19 43 31 64 52 94 7 27 23 5 46 88 57 82 67 32 11 44 3 53 6
76 16 63 94 45 72 4 5 15 95 7 6 68 85 47 88 29 26 34 41 38 21 91 32 17 67 20 56 28 79 87 11 93 64 27 92 22 90 2 25 48 10 1 74 0 58 30 77 43 52 80 71 44 36 35 86 40 89 59 57 3 75 61 31 24 70 82 60 19 53 9 42 49 13 55 50 18 12 69 39 66 14 83 81 33 51 8 23 65 54 73 37 46 78 84 62
71 12 45 33 48 41 39 10 37 68 11 17 92 69 60 81 58 34 59 66 16 78 2 26 52 89 86 57 54 40 9 27 53 36 1 6 14 13 63 0 67 28 15 64 51 44 50 88 22 74 19 61 80 49 43 21 3 7 25 38 8 24 18 75 30 73 20 85 5 46 65 95 91 77 47 93 55 35 29 31 4 87 42 23 79 83 70 32 76 62 72 90 84 56 82 94
36 95 15 42 65 28 82 45 75 26 48 89 50 68 58 91 80 51 47 72 73 32 8 83 88 54 43 25 94 77 64 14 9 69 23 17 56 5 76 40 21 4 20 46 92 57 52 2 66 29 16 87 22 7 13 18 55 53 85 70 10 61 24 67 60 41 34 78 39 27 93 35 81 30 71 12 49 44 33 37 3 84 11 79 6 59 31 74 38 0 63 90 86 1 19 62
5 8 23 33 3 9 52 76 56 43 54 61 30 29 31 18 19 63 88 59 84 2 20 50 38 0 24 41 32 90 35 53 27 94 67 48 16 75 7 26 14 42 82 81 49 1 37 89 47 93 78 57 21 71 44 95 70 65 22 55 46 10 92 64 11 83 68 6 74 25 85 34 60 45 62 87 86 39 28 66 72 58 13 17 15 79 40 4 80 77 69 36 12 91 51 73
39 38 37 45 71 79 9 92 80 22 11 95 2 23 53 47 84 25 42 52 54 85 24 58 82 28 59 34 68 94 44 26 56 18 57 4 89 69 63 35 14 30 6 48 7 19 91 0 46 83 29 31 13 32 49 67 81 75 65 10 1 21 86 64 93 36 16 20 43 74 88 77 40 12 27 90 62 66 3 70 61 15 50 76 87 8 33 72 78 60 73 51 5 55 17 41
60 17 56 72 15 68 5 32 64 94 91 92 45 29 51 23 28 38 58 25 20 78 69 75 31 63 93 59 2 6 84 19 86 11 90 87 53 54 36 35 88 24 27 8 80 47 81 77 67 40 14 12 61 79 55 16 41 26 52 1 57 62 21 89 10 95 7 43 85 70 30 71 3 0 48 83 46 74 18 9 44 33 76 37 82 50 4 65 66 42 34 22 39 13 73 49
0 15 53 23 78 27 19 91 87 70 95 32 55 16 21 41 29 72 5 93 90 17 92 22 74 24 25 64 62 6 3 11 48 63 34 37 31 77 43 94 61 2 81 47 1 7 88 75 82 14 10 45 56 12 9 40 68 4 39 67 46 44 60 57 71 76 85 51 18 59 33 83 38 86 20 28 80 49 52 30 65 35 69 42 54 84 36 66 58 8 73 26 79 89 50 13
85 45 71 2 84 86 4 51 41 95 13 27 36 6 77 80 18 68 63 54 32 23 20 58 93 0 65 89 31 69 79 55 74 61 8 35 81 26 11 21 87 3 57 24 46 52 22 49 9 64 15 1 39 12 91 53 83 66 62 72 56 75 88 76 25 28 7 37 30 38 40 90 48 94 43 34 59 50 67 14 70 10 92 47 44 5 33 16 78 42 73 60 17 29 19 82
79 78 10 69 14 93 42 58 3 9 49 89 61 44 25 85 43 24 60 21 76 22 34 63 16 31 19 90 77 68 75 2 46 38 72 18 1 91 32 12 28 7 84 6 48 37 23 35 66 86 81 57 17 13 70 94 55 59 26 54 11 45 74 4 62 71 51 92 39 65 50 33 8 73 80 30 56 53 20 95 15 5 88 83 82 27 87 47 64 36 40 52 67 41 0 29
49 47 40 18 66 77 81 57 82 84 88 83 28 53 0 54 23 48 4 42 73 58 80 32 31 41 9 87 45 15 56 38 35 60 52 63 65 51 75 94 2 85 8 26 70 19 43 16 7 27 92 22 76 61 78 37 50 86 3 11 6 12 55 36 13 46 30 93 21 90 72 91 62 34 33 79 95 89 5 14 29 67 17 74 64 44 59 25 68 39 69 1 20 71 24 10
83 91 32 13 4 10 49 73 28 2 14 88 76 59 67 44 93 94 70 0 1 65 22 56 95 19 62 18 81 45 74 31 3 27 17 6 86 26 40 39 69 82 90 78 46 15 24 77 25 42 53 55 11 51 71 34 50 47 29 87 57 58 52 38 9 21 33 35 61 75 66 41 23 60 79 16 84 85 54 92 43 20 80 12 7 36 63 37 72 68 30 8 64 5 89 48
25 12 56 39 60 91 9 44 53 36 48 76 84 49 88 69 57 45 43 61 77 8 72 95 7 59 54 33 19 63 42 62 26 83 87 64 29 66 85 4 10 28 40 13 34 89 67 79 41 80 18 20 30 0 74 35 6 55 22 86 14 46 32 52 58 21 51 78 17 50 23 73 71 47 31 38 70 81 37 3 11 65 24 68 94 92 15 75 90 93 82 1 16 2 5 27
43 31 3 10 84 75 74 24 32 22 1 2 70 29 56 60 64 19 36 50 68 21 89 33 57 23 20 88 37 5 85 16 41 8 28 90 45 49 83 63 14 67 40 77 59 13 81 15 4 92 76 71 62 25 44 91 78 27 82 65 47 7 69 66 58 9 18 87 35 0 26 11 80 79 51 55 52 86 48 42 17 95 93 34 46 54 72 73 38 94 39 12 6 53 30 61
84 70 38 29 85 34 13 1 62 65 27 77 57 64 72 14 2 7 60 74 80 6 63 25 61 5 30 23 22 32 53 94 69 71 51 66 9 44 76 33 17 47 83 86 89 68 82 52 26 42 95 56 0 37 92 55 59 35 45 48 88 79 54 46 58 41 4 78 40 39 90 75 93 8 12 3 10 16 50 67 91 20 15 36 73 11 43 18 31 19 49 87 28 24 81 21
27 76 53 75 31 81 38 1 87 23 4 28 61 16 83 71 70 19 85 6 60 89 66 22 20 14 36 11 64 58 17 59 56 86 39 24 5 50 42 63 51 72 94 45 21 73 82 41 9 93 44 47 80 57 37 35 46 32 90 43 15 13 95 88 33 62 67 25 92 65 91 84 48 55 74 29 40 79 2 0 26 8 18 12 49 7 10 30 34 78 3 69 54 68 77 52
89 2 46 80 62 73 52 78 79 26 68 48 11 83 85 95 32 1 61 72 28 23 47 50 19 66 88 20 8 41 90 75 29 42 7 51 58 39 25 56 31 60 22 35 12 65 36 67 0 14 10 38 13 5 16 59 40 27 17 86 69 54 3 87 45 76 93 6 37 63 70 34 55 82 30 18 64 4 33 81 43 71 49 44 15 94 9 57 53 74 24 77 84 92 91 21
47 31 44 27 81 80 7 54 71 59 87 32 8 82 48 11 74 62 78 6 73 56 90 19 4 93 20 55 3 53 84 70 58 46 77 45 52 13 79 14 30 95 42 68 72 23 66 2 29 57 83 65 10 69 18 38 92 88 91 40 21 28 49 0 9 33 75 76 67 34 86 16 12 5 39 64 85 43 17 89 61 41 24 35 63 94 50 22 26 1 51 36 37 60 25 15
87 79 30 19 17 68 55 18 65 33 5 77 91 22 10 52 34 44 36 12 35 2 45 25 54 64 0 75 38 71 37 41 93 60 58 63 72 28 6 50 73 31 15 56 61 67 26 20 78 94 84 43 29 24 40 11 74 47 88 14 1 89 8 59 7 80 62 86 21 39 46 92 66 9 95 70 3 76 4 16 27 85 49 82 32 83 48 23 69 53 57 42 90 51 13 81
51 68 90 77 37 21 86 63 33 84 64 8 92 79 14 30 57 4 75 80 73 38 66 91 23 15 22 34 5 78 10 9 65 35 69 88 7 50 13 28 85 67 2 54 89 39 27 48 61 82 20 81 59 25 52 46 16 11 62 58 53 1 72 49 95 3 40 74 6 47 26 31 56 55 83 32 94 18 71 70 45 36 12 19 60 87 43 44 0 29 76 93 17 42 24 41
36 58 47 63 65 44 70 35 75 61 8 68 64 39 57 28 95 72 17 78 15 86 91 66 43 18 46 23 69 5 12 42 52 67 13 51 41 27 79 25 48 37 7 56 89 6 84 24 2 88 40 50 54 62 49 71 1 60 87 30 93 31 20 85 59 11 38 9 16 10 22 45 80 83 3 14 73 53 90 4 21 0 94 32 76 29 55 26 77 33 81 82 74 34 19 92
72 34 44 91 95 94 55 70 56 11 46 15 26 68 49 28 1 21 43 74 18 24 33 83 47 14 62 45 16 22 88 37 84 63 61 10 58 38 27 52 87 6 59 90 29 57 67 76 69 82 66 31 41 65 36 93 53 9 50 17 71 35 19 0 23 51 78 60 32 79 40 81 5 7 80 73 64 42 8 20 13 85 54 39 48 77 92 2 12 30 75 4 25 86 89 3
3 81 69 4 12 43 38 68 84 29 18 16 83 66 52 77 67 1 15 89 21 91 55 47 82 32 24 93 72 51 62 63 13 28 74 50 27 56 5 7 53 25 26 36 64 45 73 35 31 80 95 19 33 37 85 0 11 78 34 2 88 70 61 79 22 60 65 9 57 30 92 58 94 44 49 23 48 39 87 42 46 10 41 86 76 14 90 20 71 17 75 6 8 59 40 54
88 59 80 76 91 89 84 64 51 33 9 39 29 48 67 44 19 23 10 74 6 47 82 43 54 41 61 36 20 49 31 4 27 34 22 2 65 55 60 21 52 13 8 94 77 58 78 95 86 3 70 63 24 26 42 28 53 73 11 40 25 87 56 30 75 71 17 83 93 16 18 69 35 68 46 1 12 85 32 38 90 45 0 37 57 81 7 72 14 66 92 15 62 79 50 5
8 90 72 71 41 77 30 21 66 2 42 44 76 15 59 70 64 5 1 79 68 51 37 54 17 39 74 24 56 47 6 81 38 91 49 88 75 40 83 80 25 34 20 10 26 27 36 33 62 46 50 52 3 94 14 82 65 69 7 53 73 9 28 92 35 32 18 43 63 19 12 61 23 57 13 31 93 29 22 87 84 48 85 0 11 95 67 4 16 78 60 45 55 58 86 89
30 47 27 17 55 6 37 1 40 90 57 51 89 21 16 73 32 74 22 94 61 45 3 10 65 64 33 75 54 26 81 68 41 38 60 53 66 58 18 95 70 2 43 93 59 8 82 9 28 24 29 14 0 44 39 52 49 87 88 80 12 35 62 46 13 85 7 15 42 31 34 19 20 71 25 69 36 79 86 78 67 72 83 4 23 50 48 77 11 92 56 84 91 5 63 76
27 32 80 90 56 0 62 5 18 43 88 89 41 69 61 58 22 33 52 81 79 64 84 91 15 77 25 29 95 59 31 70 2 38 78 3 35 82 75 1 47 51 11 4 12 71 37 6 76 23 9 24 42 40 36 26 28 7 13 49 67 44 60 48 85 72 50 57 10 93 8 74 53 30 19 73 14 68 39 66 55 87 21 16 20 54 86 17 92 63 45 94 46 83 34 65
81 72 26 75 4 62 71 69 66 50 34 22 55 30 73 25 33 91 61 14 88 18 16 20 19 41 82 80 23 31 94 56 51 42 54 8 93 29 10 78 86 83 32 5 84 74 63 11 79 53 46 6 85 95 0 45 24 57 76 3 27 68 65 15 21 2 67 35 89 52 12 77 7 13 17 28 49 38 90 92 87 43 36 58 37 40 9 59 1 64 60 48 39 44 47 70
35 84 6 55 91 31 43 39 41 10 16 86 25 53 79 20 59 82 12 44 62 83 81 73 38 85 48 40 78 27 69 77 2 14 36 71 0 61 87 26 15 95 11 74 89 88 29 56 28 42 46 13 63 64 47 50 21 94 54 30 68 57 51 24 23 92 18 4 34 19 32 58 93 33 17 52 80 70 45 3 65 22 67 76 49 9 37 75 7 8 5 1 72 90 60 66
44 12 11 89 37 32 54 9 39 25 2 4 35 36 13 81 45 67 38 10 76 15 0 60 1 59 3 48 33 53 23 52 55 5 19 40 72 90 86 20 91 78 66 41 79 73 6 74 88 34 92 63 28 84 82 77 83 42 51 26 58 85 31 30 70 87 71 56 14 80 50 43 69 21 46 61 62 7 16 29 24 93 49 64 94 8 65 18 68 57 95 75 47 17 22 27
73 47 5 2 4 78 28 41 65 87 0 84 82 74 49 69 32 6 59 34 89 48 56 21 80 37 25 88 1 70 95 51 31 72 10 93 23 64 26 20 3 39 71 35 83 67 91 30 54 22 50 27 45 46 43 79 68 90 57 92 15 60 44 61 12 81 7 58 42 33 52 19 62 40 63 94 8 16 66 13 86 75 9 55 14 53 77 85 18 17 29 76 11 38 24 36
48 29 68 26 55 11 38 94 58 92 18 66 21 27 86 76 28 88 83 17 72 54 37 49 6 61 75 42 59 12 39 32 91 8 51 31 89 25 74 7 73 52 65 9 47 95 93 2 80 70 63 87 14 71 19 10 85 90 4 41 20 40 22 1 30 82 43 60 64 78 15 77 46 13 56 45 24 33 0 3 16 79 5 67 23 81 34 62 53 69 84 36 35 57 50 44
12 63 67 65 8 26 89 64 56 39 11 40 4 69 76 62 29 90 53 27 22 85 61 17 37 20 42 1 57 30 81 6 34 3 2 70 35 51 21 83 24 78 74 47 88 55 87 72 36 45 13 23 79 71 5 33 60 93 0 82 95 52 84 25 94 58 48 10 91 49 66 44 9 32 43 7 28 38 50 19 54 18 15 73 16 86 80 92 68 41 46 59 77 75 31 14
2 58 55 51 6 69 30 72 45 67 61 95 65 46 86 52 49 77 68 7 5 16 92 57 62 37 70 3 14 40 36 15 66 93 80 75 10 63 32 4 11 41 21 17 81 8 76 24 60 83 89 85 0 90 44 84 53 39 34 91 23 18 88 47 29 9 31 54 87 78 19 13 82 38 1 35 94 59 74 50 73 56 26 22 25 79 27 33 42 48 12 43 20 71 64 28
16 53 92 76 42 5 18 26 41 82 20 34 3 15 28 83 58 31 43 27 78 29 93 60 4 12 48 33 95 19 11 56 88 7 44 66 77 51 2 45 38 21 9 86 91 69 62 0 72 84 89 1 37 79 23 10 54 81 61 71 73 59 64 22 57 32 24 68 25 67 39 87 35 85 65 52 6 55 14 8 63 47 75 70 94 80 46 30 49 13 90 74 40 17 50 36
68 85 72 80 73 5 7 62 8 63 36 93 49 48 58 23 64 31 26 88 79 76 18 20 71 61 9 21 56 29 42 92 45 60 0 22 1 94 52 87 55 3 53 17 11 41 32 40 37 13 86 27 59 84 14 44 69 15 19 30 66 89 28 16 12 25 77 35 95 83 75 47 57 4 33 65 46 50 6 70 24 34 78 90 51 2 43 54 74 81 38 10 67 91 39 82
32 58 40 7 20 87 15 83 89 77 73 65 69 12 10 61 48 4 71 52 23 70 31 90 46 19 33 54 74 68 28 44 6 85 9 41 81 43 36 8 51 17 94 13 34 50 67 35 37 59 0 14 3 80 49 38 26 76 25 63 45 95 60 21 11 93 16 42 57 72 29 84 39 55 86 5 78 47 91 27 92 56 22 66 24 53 75 64 62 88 18 2 79 1 82 30
26 47 18 8 17 48 14 76 11 5 83 19 82 37 49 23 61 42 9 41 62 86 71 46 80 54 67 85 91 45 60 88 34 24 16 64 59 2 73 31 12 84 44 78 10 66 50 81 35 72 33 95 27 58 92 22 32 53 28 4 75 29 70 30 55 57 38 1 79 43 74 63 87 20 3 51 7 21 93 77 39 25 36 15 0 68 52 13 6 65 94 90 40 89 56 69
68 60 7 0 53 63 74 77 8 10 14 66 81 92 48 21 94 43 3 9 83 50 30 17 33 87 42 25 5 90 22 78 44 18 27 93 51 82 62 85 40 88 95 73 80 61 46 38 4 19 59 75 13 65 54 23 57 47 69 32 11 36 86 72 56 12 64 29 79 28 16 2 35 45 1 39 49 20 26 76 58 41 52 70 55 89 37 24 31 15 91 71 6 34 84 67
79 26 17 13 59 23 7 90 55 44 38 54 22 18 94 21 91 5 83 88 77 74 0 66 95 34 71 80 72 19 57 63 1 56 4 45 60 49 84 73 87 12 31 2 50 24 43 81 36 78 40 41 52 76 62 67 92 86 65 25 47 82 29 28 39 8 20 75 6 30 70 69 53 14 58 11 3 68 9 15 10 61 35 93 51 33 48 42 27 85 37 64 89 16 32 46
38 32 63 93 25 44 22 10 78 57 11 74 14 40 51 8 6 82 90 56 31 26 42 87 72 33 29 76 92 81 27 75 16 47 45 43 28 12 71 41 68 23 1 84 3 0 2 88 24 91 35 79 20 66 9 18 77 15 19 67 85 50 65 73 59 37 69 13 86 52 4 46 34 83 70 49 89 7 39 60 30 94 5 62 36 64 17 58 53 54 21 61 48 95 80 55
72 2 42 45 70 25 76 66 56 28 88 31 13 37 14 94 79 8 62 78 23 40 5 87 80 6 4 63 61 89 17 93 50 48 55 47 68 91 86 81 69 34 1 75 74 43 92 19 22 36 90 41 67 24 73 54 33 60 85 39 84 77 11 7 26 3 18 32 12 16 83 71 29 20 21 57 58 46 95 82 52 38 15 53 10 64 27 51 9 49 65 0 59 30 35 44
42 68 79 54 84 87 22 82 46 61 19 21 71 44 23 35 60 91 43 26 15 78 93 33 13 69 80 4 16 65 77 92 25 11 74 94 66 51 52 63 29 56 72 57 85 47 9 12 18 83 20 0 55 81 27 41 7 36 10 40 5 86 8 90 3 88 53 31 1 14 38 75 34 89 2 58 32 95 73 6 45 62 70 49 17 24 67 37 50 39 28 64 30 59 76 48
27 70 52 1 51 25 21 45 42 92 56 10 93 33 19 67 4 85 6 83 90 9 73 17 44 55 88 58 75 50 54 76 81 62 24 7 23 3 26 84 64 95 37 80 41 47 13 35 46 32 12 78 57 68 14 82 79 11 49 60 28 43 91 15 77 63 34 18 2 61 30 0 20 22 74 53 69 5 66 87 59 16 94 38 39 8 86 89 29 40 31 36 72 48 71 65
90 85 7 26 73 0 81 5 12 41 2 84 6 67 17 71 31 83 61 92 14 3 43 51 9 27 52 78 48 89 69 47 54 10 22 11 70 40 95 4 60 24 36 16 37 45 59 74 88 86 32 25 93 75 34 62 39 56 77 63 72 29 30 76 15 1 33 91 20 38 66 94 79 80 57 64 13 28 18 44 46 35 53 8 82 50 58 55 42 21 19 65 49 87 23 68
34 74 39 84 43 93 16 4 19 6 33 14 78 44 54 29 90 83 82 50 94 63 57 66 62 8 9 49 35 51 21 91 88 64 79 40 25 65 68 87 71 67 13 20 41 30 53 60 5 27 24 2 26 31 56 45 72 17 76 55 15 80 32 47 89 59 77 36 38 86 52 73 3 48 22 11 75 42 37 70 18 81 23 7 61 85 28 1 95 10 12 92 58 69 0 46
22 66 17 56 85 61 95 62 81 73 89 37 21 63 57 10 28 8 18 86 16 90 72 50 93 46 44 15 34 43 55 59 94 6 49 68 35 45 40 3 54 2 51 67 75 88 53 14 36 30 38 83 33 19 9 12 58 87 41 71 91 5 39 70 76 32 1 24 64 78 79 20 82 13 11 27 25 80 74 26 69 77 60 52 84 31 92 4 29 47 0 48 65 7 23 42
50 17 46 8 20 36 7 15 71 75 73 43 53 41 66 86 47 79 13 60 27 34 52 68 57 33 84 92 31 83 6 82 0 44 38 32 11 35 59 76 56 40 18 55 51 70 72 12 85 87 65 95 90 62 77 5 9 58 39 49 25 80 81 14 61 28 19 69 23 1 37 78 93 4 10 2 94 24 30 21 16 22 74 29 48 88 42 67 64 91 89 63 54 45 26 3
78 10 24 53 14 90 66 88 9 86 76 22 5 54 95 79 82 23 35 85 75 34 17 15 91 11 70 42 8 48 51 44 57 73 89 32 3 13 74 28 37 80 60 6 63 61 47 25 18 64 87 45 72 49 41 93 38 65 19 26 46 62 68 1 92 55 56 27 69 0 52 7 12 39 36 4 71 67 16 21 29 20 77 31 2 30 81 40 50 58 59 83 84 43 33 94
15 59 18 94 62 33 81 12 46 7 85 70 10 74 76 95 1 32 49 48 75 39 50 45 66 27 67 86 89 8 44 3 54 38 11 0 83 14 78 30 23 68 37 47 93 82 43 69 63 53 6 92 26 77 20 55 16 9 13 52 28 60 91 57 19 25 73 42 29 41 21 35 71 79 36 65 90 80 40 2 61 17 22 88 34 72 4 51 31 58 56 5 87 64 24 84
92 12 13 89 41 75 52 83 61 29 49 14 90 65 25 27 23 48 4 50 37 9 91 67 86 81 8 56 46 93 0 47 66 44 60 42 94 24 19 73 77 26 69 84 53 40 82 63 16 79 21 62 17 10 11 55 78 71 57 58 33 68 70 59 85 31 20 6 51 36 80 76 28 22 64 15 3 7 38 72 95 74 87 1 18 2 54 35 30 34 45 88 32 43 5 39
11 44 47 29 8 80 52 39 1 5 53 82 48 63 54 83 46 56 73 10 21 7 87 86 50 55 69 18 34 71 36 19 40 75 38 91 66 95 30 37 4 28 70 85 76 45 15 51 22 41 58 42 23 67 59 6 35 93 17 31 61 33 64 79 27 3 14 2 20 94 12 92 84 26 25 90 43 77 24 89 60 81 88 49 13 68 0 78 65 9 57 62 72 16 74 32
75 60 7 51 5 0 20 92 85 49 1 79 43 57 94 64 3 22 69 18 29 2 65 87 73 14 31 6 68 72 19 10 47 77 50 48 89 46 81 80 74 55 16 27 56 4 54 34 21 33 23 88 66 30 53 28 35 91 17 15 93 90 70 71 62 59 61 83 40 9 24 84 44 32 12 26 39 58 45 86 36 41 78 8 25 63 38 82 95 52 67 11 13 37 76 42
91 19 2 50 0 79 23 58 78 45 26 63 57 40 34 41 22 33 52 7 72 76 5 11 92 27 32 64 81 36 53 48 61 89 39 47 15 85 51 4 35 55 24 88 20 93 94 44 46 49 74 25 3 30 95 69 62 87 1 56 77 13 16 6 29 71 70 90 83 54 80 60 10 68 8 75 12 42 67 14 9 28 43 84 82 86 37 17 21 65 38 66 31 59 18 73
49 10 92 26 3 67 94 47 77 2 61 54 28 38 89 27 85 81 36 42 29 19 57 17 0 15 93 45 59 66 58 95 8 69 41 24 51 62 56 33 37 71 60 65 46 91 6 74 11 78 73 31 52 43 30 88 48 82 80 21 83 32 87 75 39 79 1 9 13 84 68 86 53 35 23 25 90 44 63 20 40 70 34 50 18 14 22 5 72 4 55 16 76 12 64 7
43 32 63 18 28 61 74 78 52 17 35 12 11 86 62 44 31 25 83 1 91 34 33 85 38 46 13 15 64 41 67 89 94 75 23 7 71 20 40 22 57 5 42 79 73 6 49 60 69 37 9 45 81 72 93 82 92 87 8 39 19 10 84 65 77 50 3 30 70 56 90 4 16 2 29 55 26 66 80 58 54 0 14 59 53 36 47 95 68 48 24 21 76 88 51 27
43 61 27 23 49 90 25 44 47 85 40 94 37 51 65 32 28 72 15 1 84 22 81 3 89 20 38 78 36 0 14 82 86 68 69 62 67 29 83 63 39 12 7 16 60 2 75 35 5 57 93 18 92 45 76 8 19 66 88 77 95 17 10 33 87 91 79 48 4 50 55 41 52 26 64 71 46 56 73 53 9 74 80 70 24 31 54 11 58 59 6 21 30 34 42 13
27 67 18 81 72 6 55 26 91 50 33 54 5 65 19 21 77 75 39 44 32 12 62 31 95 88 58 17 90 8 51 36 79 4 1 86 63 49 38 24 43 89 56 76 80 15 78 16 68 69 7 9 92 60 84 42 29 64 13 85 14 83 82 87 41 53 23 70 71 46 59 35 3 45 66 94 28 57 52 40 48 37 34 61 22 2 20 11 73 30 47 74 25 93 0 10
7 13 89 32 95 82 65 39 90 38 44 30 68 20 18 43 76 49 35 11 67 10 5 79 57 51 40 25 94 83 56 34 63 23 21 9 0 14 77 54 19 15 3 8 64 78 1 17 6 85 29 31 42 93 69 91 37 58 72 81 60 4 66 86 62 33 24 46 28 74 22 55 52 16 48 70 88 87 80 71 45 75 59 2 27 61 41 36 26 47 92 12 53 73 84 50
36 19 81 38 50 32 42 77 66 34 52 73 51 22 33 93 24 53 2 9 30 25 84 82 11 18 89 27 54 68 65 40 39 17 55 21 75 69 8 3 94 23 59 78 90 87 58 72 61 92 16 60 44 85 7 35 57 43 26 14 4 31 74 80 29 41 70 37 67 20 28 45 86 0 63 95 62 5 79 1 13 83 64 12 46 48 91 47 56 88 6 76 49 71 15 10
57 52 75 79 16 89 11 87 25 91 14 43 4 73 23 0 59 94 68 41 27 40 26 47 82 45 39 29 69 17 70 80 35 1 15 13 12 31 88 7 83 24 74 54 22 10 30 81 95 8 49 84 51 6 71 63 9 48 56 42 62 5 3 37 18 65 86 67 53 46 58 76 33 21 60 50 36 93 20 78 72 77 34 64 44 28 19 38 2 90 32 55 66 61 92 85
34 23 9 7 80 91 39 42 49 13 12 77 14 36 84 5 66 89 61 32 67 53 25 74 79 43 60 95 18 0 37 6 50 83 54 44 62 45 75 68 22 8 88 4 58 40 38 78 52 24 63 76 29 41 90 59 72 11 31 19 85 16 1 71 21 94 92 81 64 69 35 55 33 57 2 73 27 47 15 26 86 17 10 48 20 28 56 82 51 30 65 87 46 70 3 93
42 17 35 76 60 61 56 87 30 31 29 93 64 18 73 0 43 9 75 47 39 88 80 71 50 53 57 86 6 3 14 58 28 38 78 85 21 84 52 13 66 20 83 24 26 27 34 40 11 44 12 72 23 94 90 49 70 82 62 63 1 19 10 79 32 15 77 37 25 81 33 89 16 92 45 48 41 51 22 67 4 5 74 36 59 55 7 8 91 46 2 65 69 95 68 54
14 1 77 31 87 20 5 27 4 72 10 13 67 38 6 61 88 51 15 49 45 90 63 17 94 62 29 48 95 57 50 54 60 33 83 86 24 70 92 69 84 73 43 2 3 75 21 68 16 0 79 80 37 18 26 93 66 8 40 47 39 76 85 12 53 64 19 71 59 25 46 28 91 56 44 55 32 11 7 9 23 82 35 74 81 78 30 22 89 36 58 65 34 52 41 42
43 15 13 89 44 78 8 5 48 77 86 33 68 42 80 49 19 23 41 29 50 52 16 95 76 7 59 20 18 66 65 46 24 1 3 55 21 47 62 75 84 85 31 57 9 14 0 25 92 40 64 10 34 4 26 88 28 35 87 63 27 60 69 58 12 91 54 2 74 38 45 39 56 53 83 36 72 6 17 73 90 51 71 82 67 11 93 37 81 70 32 22 30 79 94 61
92 34 67 83 56 21 41 95 51 46 39 87 23 15 30 85 79 91 37 19 7 93 55 38 57 94 6 53 68 18 77 88 45 72 9 16 66 20 44 3 50 27 14 62 78 61 60 75 26 33 73 48 5 54 36 52 35 13 29 24 17 90 2 84 43 42 81 70 0 47 64 11 4 12 1 22 31 63 69 32 65 74 80 10 28 89 71 58 59 86 40 8 25 82 49 76
0 51 24 8 88 44 57 35 53 42 63 43 75 12 47 18 3 7 16 14 95 93 31 10 55 25 1 13 48 82 22 73 17 80 26 50 83 15 62 40 52 71 70 64 77 91 39 59 5 65 11 92 94 33 9 90 49 56 60 19 79 45 36 30 86 2 78 61 28 74 20 27 85 58 38 66 29 21 76 84 81 68 6 37 87 46 4 69 67 34 72 41 89 54 32 23
15 33 47 6 30 77 76 44 45 66 12 52 89 62 83 16 95 4 60 71 85 53 58 9 5 40 22 10 36 29 84 18 92 3 91 21 61 74 86 55 50 24 57 75 26 51 32 41 79 82 13 54 67 63 69 94 37 88 31 27 81 34 59 80 87 2 17 14 20 11 39 70 1 93 73 68 28 35 49 90 25 43 64 23 65 38 48 42 78 19 8 0 72 46 7 56
79 14 20 41 9 61 80 49 57 36 65 93 81 74 25 7 59 3 35 56 53 30 28 18 70 33 82 8 5 72 84 27 88 90 37 92 73 87 15 48 12 38 83 89 16 45 26 85 24 63 71 21 46 34 44 22 13 50 1 95 17 86 40 69 29 10 91 78 0 58 31 55 47 64 51 94 60 19 76 62 6 67 68 39 75 43 42 2 66 77 32 11 4 52 23 54
42 47 78 82 94 54 84 90 5 55 15 29 45 77 50 3 66 27 21 1 62 64 89 49 63 30 73 34 83 72 12 59 58 57 11 23 70 61 95 26 41 4 16 7 33 48 93 17 35 81 44 76 92 86 25 22 36 67 71 69 80 53 51 31 13 20 79 32 39 60 43 46 6 75 2 40 18 87 28 91 38 19 68 52 24 14 56 65 88 0 37 8 9 85 10 74
95 20 72 92 25 70 93 69 58 55 42 8 79 84 28 62 48 81 19 87 91 46 35 38 18 49 34 27 67 76 88 44 90 45 43 61 31 60 1 83 30 11 59 32 14 68 56 23 37 22 0 94 80 41 77 33 89 5 6 53 13 74 50 36 40 26 15 39 85 63 3 57 82 10 71 47 64 21 78 17 2 16 86 9 73 65 24 29 75 66 52 51 7 12 4 54
41 40 57 31 62 27 38 24 10 51 48 78 91 21 16 67 32 12 13 61 82 68 80 26 66 79 76 11 36 23 89 74 45 20 63 84 44 64 71 35 95 17 14 59 88 69 33 83 50 85 30 49 56 94 72 81 90 47 1 8 58 29 3 54 7 22 87 37 18 0 28 92 43 65 46 34 60 93 73 75 70 52 42 86 25 77 9 15 19 2 55 4 39 6 5 53
12 35 46 7 48 27 60 72 17 74 39 2 58 84 62 6 49 1 82 38 76 70 14 15 52 94 86 5 9 13 63 53 19 47 91 66 81 87 45 51 30 95 54 61 36 33 20 25 67 56 0 28 65 43 59 88 23 78 83 16 68 32 26 10 40 44 77 92 85 8 41 24 34 64 22 73 90 3 55 37 18 80 21 50 42 29 79 69 11 75 71 4 57 31 89 93
90 7 35 70 95 32 20 56 85 86 43 40 22 12 44 17 26 38 64 55 39 61 34 25 33 31 42 27 45 36 73 28 9 6 4 10 84 63 60 0 23 78 48 81 19 30 89 11 16 67 79 71 83 82 66 93 46 15 92 29 49 52 59 18 80 14 8 21 54 57 2 77 62 74 41 65 51 24 50 76 69 37 3 94 53 72 58 68 91 47 88 13 1 5 87 75
42 68 14 93 71 38 94 13 55 76 51 49 24 66 72 32 84 89 43 44 8 28 67 48 58 39 9 63 75 30 90 46 78 15 50 10 12 5 1 57 81 25 36 47 87 73 74 60 21 11 86 23 64 0 19 20 27 29 92 6 52 35 85 91 18 2 31 95 56 77 40 7 3 34 59 33 53 37 88 41 45 17 26 22 54 65 62 83 4 16 79 61 69 70 80 82
38 23 6 3 46 15 83 54 53 69 16 79 93 52 10 86 11 77 41 91 62 39 84 71 31 64 87 37 5 90 36 89 24 14 75 28 25 57 94 2 61 78 4 9 13 8 0 19 49 18 58 45 70 35 80 95 56 1 73 32 63 29 34 47 43 27 72 33 92 59 76 67 88 68 7 81 12 22 50 74 21 65 30 55 60 82 40 48 17 42 51 85 20 26 44 66
46 70 39 36 59 89 44 19 49 51 43 66 85 45 33 21 38 16 54 87 1 79 56 67 3 81 29 90 48 77 64 32 6 92 25 34 22 41 31 76 52 12 60 26 65 86 57 17 8 47 58 62 69 91 35 0 63 93 10 78 83 37 4 20 75 94 27 7 82 23 53 80 30 40 14 2 50 11 95 61 88 74 42 13 24 9 15 5 71 55 18 84 72 68 28 73
58 81 27 79 94 70 69 53 26 59 30 33 16 11 46 62 17 75 52 67 35 37 2 22 56 92 88 42 83 13 47 45 63 72 66 82 48 55 31 0 61 14 78 10 68 95 15 28 60 73 43 90 89 29 32 51 25 93 74 4 65 24 1 23 3 50 36 19 38 7 20 8 85 41 18 12 5 76 21 87 44 91 40 86 77 6 54 57 84 80 39 49 9 64 34 71
24 95 21 49 67 12 83 41 0 13 86 46 14 59 4 25 39 54 80 76 19 22 81 58 90 27 45 84 38 93 3 69 91 16 31 18 51 60 57 62 17 30 15 10 43 47 37 42 63 70 5 74 65 53 85 50 48 8 87 71 52 68 36 79 1 55 75 40 44 28 89 61 6 94 82 64 20 56 73 11 33 2 26 35 77 66 32 78 92 88 7 34 23 72 29 9
37 46 2 39 35 63 54 73 82 26 34 30 17 19 18 29 69 20 91 61 66 74 21 42 50 68 23 47 80 24 40 92 5 60 62 53 1 86 70 31 43 52 14 28 83 51 75 55 49 84 12 11 8 67 3 87 9 78 7 95 76 27 65 77 41 44 72 90 79 6 56 48 4 33 22 58 13 0 59 71 32 15 81 25 10 36 38 93 45 64 88 89 57 16 85 94
55 13 53 23 48 14 27 84 39 24 34 3 58 11 45 85 6 19 76 1 4 74 40 63 77 31 35 81 49 59 66 60 88 61 68 44 91 0 20 93 78 72 38 90 82 80 10 62 73 95 87 52 30 83 43 12 86 42 33 51 22 79 50 29 7 16 17 36 15 37 64 65 25 47 18 92 2 46 21 9 26 75 54 89 67 28 56 41 71 69 94 5 57 32 8 70
36 11 77 86 74 89 92 82 0 67 25 8 65 15 87 78 80 27 45 75 16 18 69 62 1 10 84 12 66 9 43 58 22 33 26 91 46 24 51 41 37 54 70 30 50 47 56 28 79 23 40 2 3 61 7 13 57 14 35 31 81 6 4 72 68 76 42 71 32 90 29 93 38 19 55 85 20 44 59 39 34 64 17 53 60 49 21 88 73 52 83 5 48 95 63 94
74 72 79 59 36 43 67 6 19 51 26 87 46 35 41 83 53 32 42 56 63 92 60 84 66 47 69 4 61 73 45 88 3 86 30 75 71 55 25 2 24 70 23 68 62 93 39 37 16 65 7 77 38 91 94 81 13 11 85 17 49 95 14 8 9 78 89 10 22 48 18 5 15 54 20 40 12 29 58 76 21 52 27 57 31 80 28 34 1 64 0 50 82 33 44 90
83 40 30 89 67 70 37 60 78 65 0 48 15 14 12 95 47 7 39 21 8 85 74 33 72 23 64 69 11 61 38 28 77 62 93 34 68 1 42 13 82 51 66 55 52 25 56 16 2 94 75 5 17 46 4 41 31 3 88 20 76 10 79 86 71 58 26 6 49 63 9 53 22 59 87 73 24 44 45 84 43 54 90 50 92 36 91 18 81 35 27 32 29 80 19 57
82 66 33 7 71 88 5 62 0 45 56 78 31 37 19 41 72 75 43 6 77 38 24 87 4 8 57 27 14 61 9 76 52 18 91 69 2 59 55 63 34 29 46 73 42 93 51 1 94 85 79 74 80 15 68 3 21 47 81 48 84 90 53 49 12 89 95 64 10 25 54 28 36 58 11 40 44 23 92 70 13 32 26 17 39 35 83 65 60 86 22 16 20 50 67 30
76 6 10 87 69 81 42 53 95 50 46 13 52 55 0 23 8 9 93 3 21 36 84 70 49 85 58 80 27 14 16 71 43 44 11 47 30 40 37 4 12 86 94 39 78 38 92 25 45 75 29 57 67 15 17 51 31 18 1 66 20 26 24 83 5 77 59 56 64 60 82 34 2 32 35 72 19 48 61 88 65 7 91 22 89 74 62 54 63 68 28 90 79 73 41 33
89 38 88 77 28 12 45 7 92 13 66 10 24 26 72 29 17 85 90 31 54 47 20 46 69 14 67 74 57 65 62 27 2 83 60 30 22 25 59 11 48 82 95 91 68 61 41 33 0 4 75 51 32 84 76 93 49 64 23 3 44 70 9 55 63 86 36 81 1 79 39 34 43 15 56 6 53 50 16 42 94 8 58 73 18 19 35 71 52 78 87 80 5 40 21 37
11 77 52 91 46 6 39 61 74 95 78 79 48 7 0 41 86 59 80 4 45 62 76 53 55 49 92 14 94 8 90 26 35 43 50 28 33 66 27 13 34 23 68 58 18 42 36 70 25 54 40 60 57 65 15 47 31 38 64 12 88 9 83 1 17 22 85 21 63 2 87 93 56 89 44 10 82 73 30 32 29 5 84 20 24 71 72 19 16 67 37 81 69 3 75 51
10 73 11 89 74 35 24 95 63 78 88 59 70 29 48 36 17 26 93 42 87 66 57 12 94 3 20 22 53 27 79 41 76 84 21 1 4 62 34 65 32 38 28 6 8 85 80 51 60 58 16 77 86 83 31 39 55 72 33 13 61 40 5 82 49 15 18 56 68 0 47 92 91 71 37 50 69 43 64 54 46 7 75 45 9 19 30 23 81 90 14 25 67 44 52 2
87 11 29 59 69 44 37 62 78 90 5 4 67 95 17 60 20 55 65 25 33 12 58 73 83 38 10 23 70 53 42 15 81 1 8 91 16 66 27 48 46 49 3 84 9 0 76 34 28 51 54 89 6 77 41 43 88 19 14 36 75 79 80 63 71 85 26 40 39 86 2 21 68 32 24 56 45 57 31 35 18 61 50 22 72 52 92 93 74 82 13 64 7 30 47 94
3 43 48 18 2 44 7 33 24 90 63 84 15 93 75 79 91 83 25 17 95 94 9 81 70 82 52 47 45 64 76 59 56 21 87 39 35 86 72 60 11 92 55 5 89 42 85 54 67 88 27 29 62 34 28 32 31 46 68 8 26 73 77 41 49 66 50 30 23 22 12 13 61 38 10 14 40 1 37 71 69 16 74 58 6 65 4 36 78 80 57 19 20 0 51 53
8 89 41 76 59 78 13 80 54 79 25 26 83 23 60 85 17 29 27 72 18 61 64 71 53 19 63 32 77 57 65 20 66 49 22 47 90 87 67 12 3 35 9 37 88 30 1 74 91 11 0 81 6 14 50 7 62 24 75 84 16 58 68 40 39 33 10 56 43 42 21 38 15 34 2 51 55 44 82 70 94 5 48 46 28 69 95 45 36 52 93 73 31 86 4 92
38 13 46 74 87 45 56 9 16 51 58 82 42 94 34 5 31 60 57 64 18 62 68 33 4 67 91 11 2 80 50 40 10 28 17 23 84 25 30 48 63 72 24 89 14 43 0 75 22 36 95 71 3 65 79 44 20 53 12 6 59 70 41 73 37 47 15 85 1 29 90 93 26 69 78 55 54 76 35 39 19 52 21 27 49 61 86 32 81 88 83 92 77 8 7 66
12 77 2 17 41 70 84 7 14 22 28 15 90 93 60 83 5 64 87 54 53 66 56 18 59 95 72 36 92 39 38 26 73 42 31 57 58 29 61 11 63 13 65 8 67 25 81 71 23 91 74 6 48 30 27 80 89 55 1 76 82 24 68 46 34 52 0 32 45 43 88 16 10 62 50 85 75 49 9 37 19 47 21 51 79 35 78 40 69 44 33 3 20 86 4 94
9 21 47 65 46 48 28 72 2 55 78 71 56 5 30 75 61 84 18 54 12 53 70 52 20 35 90 8 67 88 50 63 40 43 80 83 44 41 94 1 87 89 62 37 86 79 58 14 82 3 64 73 49 68 6 22 16 36 42 76 92 51 95 23 91 15 27 25 31 93 66 85 45 32 39 77 11 26 13 33 7 0 69 29 17 74 34 59 10 57 81 19 38 24 4 60
52 16 0 21 68 9 11 1 57 82 91 60 20 58 2 80 28 92 66 3 44 7 24 61 12 54 89 38 74 36 50 56 69 47 81 48 59 63 23 32 84 75 72 71 34 67 22 17 73 78 49 30 5 85 76 43 39 83 14 25 95 29 19 26 33 13 37 51 35 27 55 77 45 8 62 10 15 86 4 93 18 88 64 31 70 94 41 46 40 79 6 65 42 87 90 53
44 19 42 39 6 57 1 49 41 83 52 8 95 5 33 43 72 11 91 89 67 38 3 65 78 62 14 70 36 74 60 31 85 73 59 22 54 21 18 32 12 51 61 20 86 29 53 81 46 37 23 71 77 2 63 15 94 25 87 66 40 24 92 4 80 82 55 9 75 84 27 30 0 48 50 28 45 64 7 79 93 13 58 90 35 56 68 16 88 10 26 47 17 69 76 34
72 31 52 75 62 56 36 74 24 18 92 48 13 12 8 95 45 32 33 6 19 23 81 79 76 44 78 47 53 28 69 71 50 41 1 0 73 2 11 14 89 84 54 58 40 88 5 43 10 86 91 63 17 65 87 51 70 80 37 3 29 68 35 39 21 38 16 93 4 20 27 61 77 57 7 22 55 83 64 9 42 67 82 60 25 34 85 66 26 90 15 49 59 30 94 46
20 57 26 82 51 1 93 39 69 9 68 45 87 80 46 38 12 95 21 50 6 28 64 30 22 94 32 65 35 60 24 76 62 71 15 90 53 84 49 3 63 73 79 5 72 85 56 7 14 31 17 27 67 48 89 77 88 54 44 23 83 47 8 91 74 59 0 75 36 19 78 41 61 55 2 40 29 86 11 18 66 34 10 42 52 37 58 25 33 81 43 70 13 4 16 92
30 43 26 27 46 53 17 6 13 16 65 18 66 47 28 89 76 29 23 95 70 9 54 12 61 67 44 19 80 25 38 55 77 31 83 50 57 87 62 8 14 32 11 59 37 10 39 74 79 86 63 94 85 1 42 93 68 64 75 7 35 56 36 71 34 91 15 20 52 48 82 41 21 22 33 0 92 51 4 73 24 88 90 49 78 45 69 60 40 5 2 72 3 81 58 84
32 77 42 74 62 91 56 61 59 85 37 39 69 8 22 10 14 25 20 16 4 9 41 12 87 82 57 44 79 45 89 70 92 38 35 95 68 11 28 67 47 26 75 46 7 43 49 84 65 93 24 15 72 88 34 19 0 58 23 83 33 29 94 36 73 48 64 27 17 18 6 78 21 2 50 63 60 52 30 90 53 80 76 71 51 31 86 40 54 13 66 3 1 5 55 81
6 45 3 78 38 29 64 2 9 35 69 81 95 27 62 71 16 60 82 70 1 92 89 77 37 88 91 13 20 24 18 41 86 40 11 80 22 93 25 65 47 74 94 87 61 53 59 28 5 55 23 33 26 84 76 72 17 54 67 7 12 39 57 52 14 83 32 34 19 79 0 21 36 90 31 50 66 8 51 15 46 73 85 48 58 30 10 68 43 49 42 4 56 63 44 75
51 50 74 57 8 47 67 46 82 24 28 86 95 92 72 52 31 45 68 89 1 41 56 59 48 49 71 15 18 87 76 17 43 53 70 75 16 85 54 27 6 14 25 21 66 29 58 55 77 65 78 42 22 12 13 80 0 3 44 40 38 88 69 93 4 90 23 81 60 63 30 64 73 9 91 39 84 26 5 36 34 7 11 19 83 62 10 33 94 37 61 32 79 35 2 20
4 59 3 89 28 1 55 74 84 73 45 60 46 22 7 83 40 52 0 53 56 61 95 36 49 87 34 77 50 65 38 58 51 72 37 41 57 26 43 71 80 24 5 18 31 33 79 68 15 48 25 14 27 85 93 92 13 20 94 76 17 9 62 42 66 35 86 12 63 82 64 91 69 10 81 21 6 19 78 39 70 2 29 47 54 90 32 8 11 30 44 16 67 88 23 75
84 82 71 1 0 63 65 94 56 60 33 18 55 58 52 93 9 67 66 91 46 59 51 75 44 85 54 48 27 26 45 86 17 36 23 90 10 28 22 41 14 25 74 61 77 72 21 39 16 34 73 78 29 76 42 13 8 49 79 50 47 31 19 4 83 64 40 95 24 20 2 7 81 6 53 57 69 32 80 35 11 3 70 30 15 12 37 38 5 43 88 89 62 87 68 92
48 44 91 35 62 94 30 64 54 12 50 53 23 78 32 26 55 69 80 49 13 85 16 18 47 31 51 4 17 37 2 24 83 56 29 87 41 77 19 59 20 22 65 42 58 86 52 28 66 71 60 61 0 1 82 76 15 11 84 72 25 39 90 7 9 93 5 95 88 8 27 74 75 36 81 68 33 6 89 45 79 40 43 38 10 21 73 14 67 70 63 3 34 57 92 46
13 93 0 67 46 63 43 38 91 35 86 26 17 79 6 88 72 48 73 53 19 39 11 84 56 7 29 71 61 22 92 36 76 51 10 2 80 58 90 4 16 52 68 14 47 69 31 12 82 54 18 42 32 75 20 37 74 23 64 95 81 65 3 89 66 27 45 40 62 57 70 77 50 44 8 33 41 83 49 94 30 60 21 59 5 34 28 25 85 87 55 1 78 9 15 24
12 87 33 47 95 88 17 86 93 34 25 39 32 60 23 52 69 80 94 13 85 14 10 26 56 59 76 89 43 9 68 15 90 51 91 8 77 27 74 45 20 7 82 92 2 83 41 5 0 40 30 79 42 64 31 36 84 1 29 35 61 11 55 71 50 19 46 62 6 66 37 73 72 58 49 57 44 3 38 16 81 24 75 48 70 18 28 21 4 67 22 65 78 63 54 53
48 27 82 52 18 16 61 64 38 19 21 91 25 87 8 67 45 76 85 90 62 94 13 50 22 36 54 7 60 51 9 39 59 69 78 3 30 73 26 34 47 71 14 24 56 72 12 89 17 29 40 63 86 0 83 10 20 68 28 42 66 70 15 88 31 2 6 84 11 41 77 32 53 5 58 95 35 81 79 37 49 33 74 57 44 46 1 75 23 55 43 4 80 65 92 93
83 67 21 39 41 95 9 78 69 89 2 30 55 18 44 93 92 14 68 63 13 31 50 17 70 65 84 79 81 61 23 27 51 12 1 53 40 94 20 86 38 90 64 91 34 24 5 80 71 11 47 3 56 73 46 88 28 58 77 62 26 35 48 76 4 19 85 66 45 22 60 59 52 36 7 0 32 8 33 29 74 10 6 16 37 82 42 75 57 25 87 43 72 49 54 15
50 82 31 26 38 51 0 13 14 64 12 74 16 8 27 78 29 23 41 54 19 35 40 4 73 47 71 75 72 53 39 93 90 28 94 32 43 22 60 10 77 46 80 59 89 52 85 69 81 84 83 36 5 70 25 33 57 67 20 95 61 49 79 37 62 1 44 17 24 68 42 88 66 63 92 21 7 2 76 58 3 18 48 87 45 55 30 86 11 56 91 15 65 6 34 9
32 66 31 87 92 19 35 62 90 15 75 64 68 47 27 67 52 21 53 69 48 28 5 51 45 36 14 16 65 61 80 44 3 39 94 71 43 81 1 55 60 77 73 58 23 82 79 2 76 34 54 30 37 63 50 78 83 38 0 85 17 89 57 33 41 8 26 7 9 11 74 86 70 20 46 72 56 4 25 59 49 13 91 18 22 10 84 6 12 93 40 95 42 24 88 29
41 86 49 89 78 52 59 51 5 63 47 79 54 8 35 7 3 64 16 45 71 50 95 6 0 14 93 69 58 62 15 65 33 26 85 90 82 23 61 22 77 21 1 19 38 73 67 27 87 72 94 29 76 80 28 2 24 84 75 74 10 48 42 55 17 70 12 56 46 9 43 68 81 13 40 53 44 60 34 30 36 83 66 25 20 4 39 18 57 11 88 32 92 37 91 31
20 2 89 93 84 79 19 26 88 94 21 46 92 71 27 32 86 82 69 56 15 29 0 90 55 67 8 73 35 70 74 45 62 81 48 22 64 42 5 91 78 11 1 80 17 52 72 68 77 10 44 76 33 4 87 58 60 57 43 41 85 34 66 51 23 54 59 53 6 9 49 24 7 63 14 50 65 3 12 61 39 30 13 16 36 18 83 38 95 28 47 37 40 31 25 75
10 15 50 29 35 75 14 85 53 94 55 37 42 25 44 21 77 6 16 74 30 0 83 64 60 79 27 70 81 23 28 51 48 91 84 59 38 54 82 17 26 67 4 12 66 39 7 5 63 20 62 68 40 41 33 9 24 2 52 3 18 88 76 69 22 80 46 31 71 89 93 36 19 32 90 86 95 49 87 92 61 13 45 58 65 34 47 57 72 73 11 8 1 56 43 78
37 40 3 33 95 23 55 19 89 42 69 17 80 43 41 1 64 84 26 58 78 87 91 44 65 13 21 30 70 46 39 71 10 76 63 48 72 81 56 22 77 35 12 54 45 4 15 60 7 75 27 59 32 47 88 61 86 85 67 0 93 57 52 38 49 94 11 68 14 31 5 25 24 90 34 18 66 74 73 82 62 9 36 28 79 29 16 51 83 20 8 6 2 92 53 50
39 18 35 78 74 53 4 2 46 26 52 1 17 71 72 23 56 49 45 64 37 38 86 6 61 67 25 40 91 57 85 93 81 44 47 92 55 7 29 80 8 65 89 24 10 16 59 58 13 42 28 60 63 90 41 88 20 22 62 30 84 75 34 82 32 27 95 3 77 21 36 51 19 12 0 11 14 79 68 50 76 15 73 48 43 9 87 33 94 54 66 69 83 5 31 70
17 91 35 28 1 36 86 88 79 65 4 76 15 48 49 20 37 67 31 69 75 85 50 64 54 6 24 40 46 51 3 70 13 93 78 53 7 25 80 83 60 44 9 72 58 63 0 62 77 21 95 16 42 30 11 14 2 5 74 89 22 73 38 55 8 32 68 66 94 23 29 84 90 81 52 34 39 45 47 43 56 59 33 12 87 92 61 10 27 26 41 82 57 19 71 18
66 68 10 89 93 32 55 40 76 86 35 75 23 24 74 6 44 58 29 56 13 80 42 46 81 3 4 16 33 71 12 18 65 38 36 83 41 72 21 31 11 27 57 77 91 14 51 47 50 78 7 26 62 25 39 5 60 48 15 67 45 28 63 22 87 59 9 90 53 94 88 8 37 19 70 84 92 30 43 2 49 69 1 82 20 61 79 34 85 17 54 0 73 95 52 64
65 13 26 86 68 1 36 49 78 88 23 34 51 4 31 21 35 90 41 39 46 71 94 77 75 5 67 87 47 18 38 48 3 7 43 89 25 92 81 72 45 82 30 55 59 93 19 40 15 58 83 50 69 32 91 22 2 66 85 6 54 12 60 9 57 24 16 10 76 42 20 62 44 64 73 70 53 79 28 0 14 80 27 56 95 52 61 74 84 17 33 29 11 37 8 63
10 83 70 33 89 85 29 69 95 41 0 21 62 61 49 5 55 24 50 57 94 67 90 92 20 35 82 12 6 93 65 71 43 54 53 25 34 81 72 76 58 9 13 37 48 14 26 88 7 84 23 47 15 86 66 32 16 11 73 39 59 36 44 75 52 22 77 19 1 18 42 27 74 80 31 38 2 60 68 17 56 64 51 28 91 87 45 63 46 4 78 79 30 8 3 40
23 2 74 56 10 89 76 32 94 18 13 80 30 57 24 20 95 41 36 55 87 49 51 61 28 72 26 60 83 52 22 9 29 17 12 37 35 44 27 69 82 93 4 81 90 88 47 64 58 5 91 11 92 40 0 67 48 63 21 16 8 6 50 68 59 65 86 53 46 62 78 14 85 31 34 33 45 70 15 71 79 39 38 1 77 73 42 3 7 84 25 75 19 54 43 66
10 47 1 2 37 93 38 49 95 28 73 22 42 66 58 26 7 82 75 63 12 92 18 41 57 45 11 69 32 30 48 83 20 72 70 36 90 24 54 33 40 77 15 13 3 4 59 85 14 19 91 56 34 52 60 43 61 16 27 6 31 86 29 84 17 94 68 87 80 50 55 39 81 0 88 53 5 89 23 9 25 62 64 35 51 46 78 74 71 44 65 67 8 76 21 79
74 78 25 82 11 72 77 60 71 80 83 8 24 76 10 91 32 40 64 36 30 45 28 23 50 86 21 90 75 53 22 31 62 3 70 94 42 95 61 69 85 51 13 38 15 93 92 19 63 0 43 44 33 55 67 14 27 73 46 9 17 79 56 47 35 20 58 5 48 18 1 81 84 12 54 88 4 89 59 87 29 39 52 49 7 41 16 66 57 34 65 2 68 26 6 37
81 56 14 37 46 64 87 72 18 10 77 17 9 54 68 78 7 34 59 52 66 29 19 16 53 35 62 49 45 6 69 38 42 65 83 1 30 63 60 84 39 24 90 31 8 36 85 93 95 5 43 94 23 71 32 51 50 80 20 44 61 79 91 57 92 27 0 48 26 67 73 3 13 40 55 70 21 33 76 28 12 25 75 15 22 89 11 88 58 47 41 74 82 4 86 2
48 8 30 60 36 83 71 27 47 6 53 70 9 57 14 66 73 72 3 84 81 78 87 61 88 69 92 89 16 35 49 0 50 11 28 90 94 59 58 26 7 68 2 76 74 75 25 19 24 67 21 1 17 13 10 82 31 45 65 62 29 4 12 55 77 23 86 41 56 37 20 44 85 15 18 63 54 51 91 52 5 93 80 42 33 43 64 79 46 22 32 39 95 38 40 34
24 60 10 58 83 41 1 86 23 46 43 47 55 88 49 15 68 67 29 80 82 8 31 84 87 73 16 74 79 95 9 56 66 70 45 21 32 85 62 52 30 38 44 76 93 94 7 33 65 71 75 72 61 77 64 20 90 3 2 51 59 0 13 6 57 91 81 39 28 14 40 22 12 54 89 48 92 4 11 37 69 27 5 53 50 25 63 35 19 18 34 36 78 26 42 17
70 69 18 67 94 13 6 31 73 90 26 87 48 63 24 41 75 14 7 60 50 8 40 0 5 92 95 59 72 58 38 34 22 51 19 80 37 64 45 78 93 49 79 21 55 42 25 43 88 9 12 36 85 62 15 53 1 61 74 65 30 47 68 3 44 76 71 81 33 32 29 77 54 66 82 39 35 52 28 89 23 16 10 86 17 11 27 20 84 46 4 56 2 57 83 91
76 21 2 54 29 34 66 35 37 8 4 70 87 73 3 69 15 39 57 40 10 5 58 20 36 92 77 18 31 62 16 56 84 13 94 55 43 78 95 25 71 45 52 30 82 61 85 27 81 90 22 11 51 19 9 91 0 41 75 32 72 47 28 42 93 65 63 46 64 80 79 26 14 86 38 24 68 6 23 44 88 49 33 17 60 74 7 67 50 89 53 83 48 59 12 1
